2.0,"2019-08-01 03:55:50.000000","2019-08-01 04:22:40.000000",2.0,14.76,3.0,N,234.0,1.0,1.0,58.0,0.5,0.0,13.86,10.5,0.3,83.16,0.0
1.0,"2019-08-01 07:49:47.000000","2019-08-01 08:40:56.000000",1.0,18.2,3.0,N,234.0,1.0,1.0,73.5,0.0,0.0,9.23,18.5,0.3,101.53,0.0
2.0,"2019-08-01 12:24:12.000000","2019-08-01 13:08:48.000000",1.0,14.77,3.0,N,234.0,1.0,1.0,64.0,0.0,0.0,14.96,10.5,0.3,89.76,0.0
2.0,"2019-08-01 14:34:53.000000","2019-08-01 15:30:50.000000",1.0,18.37,3.0,N,234.0,1.0,1.0,75.0,0.0,0.0,10.0,15.5,0.3,100.8,0.0
2.0,"2019-08-01 14:56:38.000000","2019-08-01 16:12:22.000000",2.0,13.59,3.0,N,234.0,1.0,1.0,75.5,0.0,0.0,9.0,10.5,0.3,95.3,0.0
2.0,"2019-08-01 17:57:04.000000","2019-08-01 18:46:24.000000",1.0,17.49,3.0,N,234.0,1.0,1.0,69.5,1.0,0.0,22.32,18.5,0.3,111.62,0.0
2.0,"2019-08-01 20:01:50.000000","2019-08-01 20:57:59.000000",1.0,17.82,3.0,N,234.0,1.0,1.0,75.0,0.5,0.0,17.26,10.5,0.3,103.56,0.0
1.0,"2019-08-02 04:56:36.000000","2019-08-02 05:31:52.000000",1.0,19.1,3.0,N,234.0,1.0,1.0,70.0,0.5,0.0,18.25,20.5,0.3,109.55,0.0
2.0,"2019-08-02 07:36:24.000000","2019-08-02 08:06:09.000000",2.0,14.25,3.0,N,234.0,1.0,1.0,57.5,0.0,0.0,14.06,12.5,0.3,84.36,0.0
2.0,"2019-08-02 07:31:56.000000","2019-08-02 07:57:52.000000",2.0,14.29,3.0,N,234.0,1.0,1.0,57.0,0.0,0.0,13.96,12.5,0.3,83.76,0.0
2.0,"2019-08-02 07:16:01.000000","2019-08-02 07:50:22.000000",1.0,18.38,3.0,N,234.0,1.0,1.0,67.5,0.0,0.0,17.06,17.5,0.3,102.36,0.0
2.0,"2019-08-02 09:36:43.000000","2019-08-02 10:16:23.000000",1.0,17.64,3.0,N,234.0,1.0,1.0,68.0,0.0,0.0,0.0,12.5,0.3,80.8,0.0
2.0,"2019-08-02 11:48:11.000000","2019-08-02 12:41:03.000000",1.0,18.46,3.0,N,234.0,1.0,1.0,75.5,0.0,0.0,17.26,10.5,0.3,103.56,0.0
1.0,"2019-08-02 11:35:18.000000","2019-08-02 12:23:55.000000",1.0,16.6,3.0,N,234.0,1.0,1.0,68.5,0.0,0.0,17.05,16.5,0.3,102.35,0.0
2.0,"2019-08-02 12:25:26.000000","2019-08-02 13:08:00.000000",1.0,14.52,3.0,N,234.0,1.0,1.0,62.5,0.0,0.0,11.0,10.5,0.3,84.3,0.0
1.0,"2019-08-02 12:43:08.000000","2019-08-02 13:25:08.000000",1.0,18.0,3.0,N,234.0,1.0,1.0,70.0,0.0,0.0,15.0,19.0,0.3,104.3,0.0
2.0,"2019-08-02 13:04:35.000000","2019-08-02 13:55:53.000000",1.0,13.82,3.0,N,234.0,1.0,1.0,66.5,0.0,0.0,15.46,10.5,0.3,92.76,0.0
2.0,"2019-08-02 14:22:11.000000","2019-08-02 15:26:43.000000",1.0,20.85,3.0,N,234.0,1.0,1.0,83.5,0.0,0.0,20.46,18.5,0.3,122.76,0.0
2.0,"2019-08-02 14:11:32.000000","2019-08-03 00:00:00.000000",1.0,17.91,3.0,N,234.0,1.0,1.0,80.5,0.0,0.0,14.67,17.0,0.3,112.47,0.0
1.0,"2019-08-03 05:13:05.000000","2019-08-03 05:38:56.000000",1.0,17.7,3.0,Y,234.0,1.0,2.0,65.5,0.5,0.0,0.0,10.5,0.3,76.8,0.0
2.0,"2019-08-03 12:46:42.000000","2019-08-03 13:27:33.000000",4.0,16.93,3.0,N,234.0,1.0,1.0,65.5,0.0,0.0,15.26,10.5,0.3,91.56,0.0
2.0,"2019-08-03 13:00:08.000000","2019-08-03 13:43:48.000000",2.0,18.22,3.0,N,234.0,1.0,1.0,71.0,0.0,0.0,9.43,23.0,0.3,103.73,0.0
2.0,"2019-08-03 15:32:37.000000","2019-08-03 16:22:54.000000",1.0,20.04,3.0,N,234.0,1.0,1.0,78.0,0.0,0.0,18.96,16.5,0.3,113.76,0.0
2.0,"2019-08-03 15:18:11.000000","2019-08-03 16:34:24.000000",1.0,20.9,3.0,N,234.0,1.0,1.0,93.0,0.0,0.0,15.0,19.5,0.3,127.8,0.0
1.0,"2019-08-03 16:00:59.000000","2019-08-03 17:02:10.000000",1.0,15.6,3.0,N,234.0,1.0,1.0,69.5,0.0,0.0,21.3,15.5,0.3,106.6,0.0
2.0,"2019-08-03 16:54:35.000000","2019-08-03 17:49:52.000000",5.0,17.8,3.0,N,234.0,1.0,1.0,76.5,0.0,0.0,5.0,17.8,0.3,99.6,0.0
1.0,"2019-08-03 19:08:43.000000","2019-08-03 19:53:32.000000",3.0,17.5,3.0,N,234.0,1.0,1.0,71.0,0.0,0.0,18.25,20.0,0.3,109.55,0.0
2.0,"2019-08-04 05:24:20.000000","2019-08-04 05:53:27.000000",1.0,16.32,3.0,N,234.0,1.0,1.0,61.5,0.5,0.0,14.56,10.5,0.3,87.36,0.0
2.0,"2019-08-04 05:46:36.000000","2019-08-04 06:23:39.000000",1.0,16.68,3.0,N,234.0,1.0,1.0,66.0,0.5,0.0,16.06,13.5,0.3,96.36,0.0
2.0,"2019-08-04 09:58:24.000000","2019-08-04 10:26:57.000000",1.0,16.56,3.0,N,234.0,1.0,2.0,62.5,0.0,0.0,0.0,14.0,0.3,76.8,0.0
2.0,"2019-08-04 11:10:30.000000","2019-08-04 11:48:02.000000",1.0,20.82,3.0,N,234.0,1.0,1.0,74.5,0.0,0.0,18.06,15.5,0.3,108.36,0.0
2.0,"2019-08-04 12:02:53.000000","2019-08-04 12:40:15.000000",1.0,13.95,3.0,N,234.0,1.0,1.0,60.0,0.0,0.0,15.56,17.5,0.3,93.36,0.0
1.0,"2019-08-04 13:58:44.000000","2019-08-04 14:33:26.000000",3.0,13.8,3.0,N,234.0,1.0,1.0,58.5,0.0,0.0,14.25,12.5,0.3,85.55,0.0
1.0,"2019-08-04 15:32:38.000000","2019-08-04 16:11:16.000000",1.0,13.4,3.0,Y,234.0,1.0,1.0,59.5,0.0,0.0,10.84,12.5,0.3,83.14,0.0
1.0,"2019-08-04 16:29:34.000000","2019-08-04 17:17:03.000000",1.0,13.7,5.0,N,234.0,1.0,2.0,95.0,0.0,0.0,0.0,0.0,0.3,95.3,0.0
2.0,"2019-08-05 08:36:07.000000","2019-08-05 09:12:59.000000",1.0,16.43,3.0,N,234.0,1.0,1.0,65.0,0.0,0.0,15.56,12.5,0.3,93.36,0.0
1.0,"2019-08-05 10:51:20.000000","2019-08-05 11:36:09.000000",2.0,15.8,3.0,N,234.0,1.0,1.0,67.0,0.0,0.0,10.0,18.5,0.3,95.8,0.0
1.0,"2019-08-05 13:38:24.000000","2019-08-05 14:13:19.000000",1.0,13.5,3.0,N,234.0,1.0,1.0,57.5,0.0,0.0,7.5,10.5,0.3,75.8,0.0
2.0,"2019-08-06 10:57:25.000000","2019-08-06 11:24:42.000000",3.0,14.05,3.0,N,234.0,1.0,1.0,57.5,0.0,0.0,10.0,10.5,0.3,78.3,0.0
1.0,"2019-08-06 11:42:26.000000","2019-08-06 12:34:02.000000",1.0,18.0,3.0,N,234.0,1.0,1.0,73.5,0.0,0.0,18.3,17.7,0.3,109.8,0.0
1.0,"2019-08-06 11:13:33.000000","2019-08-06 11:59:32.000000",1.0,23.1,3.0,N,234.0,1.0,2.0,82.5,0.0,0.0,0.0,20.5,0.3,103.3,0.0
2.0,"2019-08-06 12:56:26.000000","2019-08-06 13:42:28.000000",1.0,17.31,3.0,N,234.0,1.0,1.0,71.0,0.0,0.0,15.0,13.0,0.3,99.3,0.0
2.0,"2019-08-06 15:24:45.000000","2019-08-06 16:07:57.000000",2.0,18.14,3.0,N,234.0,1.0,1.0,70.5,0.0,0.0,18.16,20.0,0.3,108.96,0.0
2.0,"2019-08-06 16:46:57.000000","2019-08-06 17:34:42.000000",2.0,16.03,3.0,N,234.0,1.0,1.0,65.5,1.0,0.0,16.46,15.5,0.3,98.76,0.0
2.0,"2019-08-07 06:26:13.000000","2019-08-07 07:03:32.000000",1.0,20.24,3.0,N,234.0,1.0,2.0,73.5,0.0,0.0,0.0,17.4,0.3,91.2,0.0
1.0,"2019-08-07 08:17:56.000000","2019-08-07 09:08:11.000000",1.0,14.8,3.0,N,234.0,1.0,2.0,66.0,0.0,0.0,0.0,12.5,0.3,78.8,0.0
1.0,"2019-08-07 10:40:53.000000","2019-08-07 11:26:25.000000",2.0,18.6,3.0,N,234.0,1.0,1.0,72.0,0.0,0.0,20.65,10.5,0.3,103.45,0.0
1.0,"2019-08-07 13:35:30.000000","2019-08-07 14:47:47.000000",0.0,38.2,3.0,N,234.0,1.0,1.0,119.5,0.0,0.0,0.0,12.9,0.3,132.7,0.0
2.0,"2019-08-07 13:34:32.000000","2019-08-07 14:19:00.000000",1.0,18.63,3.0,N,234.0,1.0,1.0,70.5,0.0,0.0,17.18,15.1,0.3,103.08,0.0
1.0,"2019-08-07 13:54:42.000000","2019-08-07 14:39:29.000000",1.0,18.1,3.0,N,234.0,1.0,1.0,69.0,0.0,0.0,15.0,10.5,0.3,94.8,0.0
2.0,"2019-08-07 19:07:24.000000","2019-08-07 20:11:46.000000",1.0,17.15,3.0,N,234.0,1.0,1.0,74.0,1.0,0.0,10.0,12.5,0.3,97.8,0.0
2.0,"2019-08-07 20:45:21.000000","2019-08-07 21:46:29.000000",1.0,25.78,3.0,N,234.0,1.0,2.0,88.5,0.5,0.0,0.0,10.5,0.3,99.8,0.0
2.0,"2019-08-08 11:38:01.000000","2019-08-08 12:17:07.000000",1.0,16.47,3.0,N,234.0,1.0,2.0,65.5,0.0,0.0,0.0,0.0,0.3,65.8,0.0
1.0,"2019-08-08 13:40:47.000000","2019-08-08 14:28:58.000000",4.0,20.6,3.0,N,234.0,1.0,1.0,76.5,0.0,0.0,20.0,10.5,0.3,107.3,0.0
2.0,"2019-08-08 14:46:25.000000","2019-08-08 15:42:02.000000",6.0,15.12,3.0,N,234.0,1.0,1.0,69.0,0.0,0.0,16.45,12.95,0.3,98.7,0.0
1.0,"2019-08-08 15:26:02.000000","2019-08-08 16:34:54.000000",1.0,14.6,3.0,N,234.0,1.0,1.0,75.0,0.0,0.0,26.3,12.5,0.3,114.1,0.0
1.0,"2019-08-08 17:05:23.000000","2019-08-08 18:14:08.000000",1.0,18.0,3.0,N,234.0,1.0,1.0,78.0,1.0,0.0,15.0,14.5,0.3,108.8,0.0
1.0,"2019-08-08 17:42:23.000000","2019-08-08 19:15:30.000000",1.0,19.2,3.0,N,234.0,1.0,1.0,88.5,1.0,0.0,21.6,18.4,0.3,129.8,0.0
2.0,"2019-08-08 17:08:08.000000","2019-08-08 18:28:53.000000",1.0,14.02,5.0,N,234.0,1.0,1.0,80.0,0.0,0.5,0.0,12.5,0.3,95.8,2.5
2.0,"2019-08-08 19:15:21.000000","2019-08-09 19:13:14.000000",1.0,16.44,3.0,N,234.0,1.0,1.0,74.0,1.0,0.0,18.76,18.5,0.3,112.56,0.0
2.0,"2019-08-08 22:38:02.000000","2019-08-08 23:15:11.000000",2.0,18.69,3.0,N,234.0,1.0,2.0,69.5,0.5,0.0,0.0,10.5,0.3,80.8,0.0
2.0,"2019-08-09 05:13:47.000000","2019-08-09 05:39:55.000000",1.0,17.35,3.0,N,234.0,1.0,1.0,64.5,0.5,0.0,0.0,23.29,0.3,88.59,0.0
2.0,"2019-08-09 09:46:23.000000","2019-08-09 10:35:24.000000",6.0,16.85,3.0,N,234.0,1.0,1.0,69.0,0.0,0.0,15.96,10.5,0.3,95.76,0.0
1.0,"2019-08-09 12:55:09.000000","2019-08-09 13:46:02.000000",1.0,13.6,3.0,N,234.0,1.0,2.0,65.5,0.0,0.0,0.0,10.5,0.3,76.3,0.0
2.0,"2019-08-09 12:52:26.000000","2019-08-09 13:52:47.000000",5.0,17.98,3.0,N,234.0,1.0,1.0,77.0,0.0,0.0,18.46,15.0,0.3,110.76,0.0
2.0,"2019-08-09 13:53:05.000000","2019-08-09 14:44:24.000000",1.0,14.22,3.0,N,234.0,1.0,1.0,66.0,0.0,0.0,23.04,10.5,0.3,99.84,0.0
1.0,"2019-08-09 13:17:28.000000","2019-08-09 14:11:20.000000",1.0,18.0,3.0,N,234.0,1.0,1.0,75.5,0.0,0.0,15.0,14.25,0.3,105.05,0.0
2.0,"2019-08-09 13:10:50.000000","2019-08-09 14:05:44.000000",1.0,20.17,3.0,N,234.0,1.0,1.0,79.5,0.0,0.0,19.46,17.5,0.3,116.76,0.0
1.0,"2019-08-09 13:17:19.000000","2019-08-09 14:33:31.000000",1.0,18.8,3.0,N,234.0,1.0,1.0,84.5,0.0,0.0,18.0,21.0,0.3,123.8,0.0
2.0,"2019-08-09 14:31:57.000000","2019-08-09 16:04:44.000000",1.0,20.93,3.0,N,234.0,1.0,1.0,95.0,0.0,0.0,22.96,19.5,0.3,137.76,0.0
2.0,"2019-08-09 15:21:00.000000","2019-08-09 17:23:46.000000",1.0,16.45,3.0,N,234.0,1.0,1.0,100.5,0.0,0.0,15.0,17.5,0.3,133.3,0.0
2.0,"2019-08-09 16:04:21.000000","2019-08-09 17:07:34.000000",6.0,21.67,3.0,N,234.0,1.0,1.0,80.0,1.0,0.0,15.0,18.5,0.3,114.8,0.0
2.0,"2019-08-09 17:36:28.000000","2019-08-09 18:43:01.000000",2.0,18.21,3.0,N,234.0,1.0,1.0,77.5,1.0,0.0,12.0,17.0,0.3,107.8,0.0
2.0,"2019-08-09 17:19:00.000000","2019-08-09 18:23:59.000000",1.0,16.5,3.0,N,234.0,1.0,1.0,71.5,1.0,0.0,33.0,12.5,0.3,118.3,0.0
2.0,"2019-08-10 09:24:08.000000","2019-08-10 10:13:27.000000",2.0,16.32,3.0,N,234.0,1.0,1.0,68.5,0.0,0.0,15.86,10.5,0.3,95.16,0.0
2.0,"2019-08-10 11:31:32.000000","2019-08-10 12:25:47.000000",1.0,20.51,3.0,N,234.0,1.0,1.0,79.0,0.0,0.0,21.76,29.5,0.3,130.56,0.0
2.0,"2019-08-11 09:18:20.000000","2019-08-11 09:40:25.000000",1.0,14.29,3.0,N,234.0,1.0,1.0,56.0,0.0,0.0,15.0,18.24,0.3,89.54,0.0
2.0,"2019-08-11 13:35:58.000000","2019-08-11 14:13:10.000000",1.0,20.34,3.0,N,234.0,1.0,2.0,73.5,0.0,0.0,0.0,32.5,0.3,106.3,0.0
2.0,"2019-08-11 14:53:49.000000","2019-08-11 15:43:11.000000",1.0,20.1,3.0,N,234.0,1.0,2.0,74.0,0.0,0.0,0.0,12.9,0.3,87.2,0.0
2.0,"2019-08-11 16:26:01.000000","2019-08-11 17:04:53.000000",1.0,18.42,3.0,N,234.0,1.0,1.0,70.0,0.0,0.0,17.05,14.95,0.3,102.3,0.0
2.0,"2019-08-11 18:16:29.000000","2019-08-11 18:57:10.000000",1.0,17.16,3.0,N,234.0,1.0,1.0,68.0,0.0,0.0,12.0,18.5,0.3,98.8,0.0
2.0,"2019-08-12 05:11:58.000000","2019-08-12 05:37:20.000000",1.0,14.43,3.0,N,234.0,1.0,1.0,56.0,0.5,0.0,13.46,10.5,0.3,80.76,0.0
2.0,"2019-08-12 05:53:43.000000","2019-08-12 06:33:32.000000",2.0,16.1,3.0,N,234.0,1.0,1.0,65.0,0.5,0.0,12.0,12.5,0.3,90.3,0.0
2.0,"2019-08-12 08:32:17.000000","2019-08-12 09:11:04.000000",2.0,16.51,3.0,N,234.0,1.0,1.0,65.0,0.0,0.0,16.66,18.0,0.3,99.96,0.0
1.0,"2019-08-12 11:01:02.000000","2019-08-12 11:28:24.000000",1.0,14.2,3.0,N,234.0,1.0,1.0,57.0,0.0,0.0,13.55,10.5,0.3,81.35,0.0
2.0,"2019-08-12 11:48:17.000000","2019-08-12 12:18:50.000000",1.0,18.12,3.0,N,234.0,1.0,1.0,67.5,0.0,0.0,15.66,10.5,0.3,93.96,0.0
2.0,"2019-08-12 15:26:53.000000","2019-08-12 16:18:33.000000",1.0,17.12,3.0,N,234.0,1.0,2.0,69.0,0.0,0.0,0.0,20.0,0.3,89.3,0.0
2.0,"2019-08-12 16:11:56.000000","2019-08-12 17:05:34.000000",1.0,14.8,5.0,N,234.0,1.0,1.0,92.0,0.0,0.0,21.46,12.5,0.3,128.76,2.5
2.0,"2019-08-12 16:56:35.000000","2019-08-12 19:04:12.000000",2.0,37.38,1.0,N,234.0,1.0,1.0,118.0,1.0,0.5,36.62,24.17,0.3,183.09,2.5
1.0,"2019-08-12 17:21:01.000000","2019-08-12 18:17:33.000000",2.0,14.9,3.0,N,234.0,1.0,1.0,68.0,1.0,0.0,16.35,12.5,0.3,98.15,0.0
2.0,"2019-08-13 06:35:37.000000","2019-08-13 06:57:35.000000",2.0,13.7,3.0,N,234.0,1.0,1.0,55.5,0.0,0.0,13.66,12.5,0.3,81.96,0.0
2.0,"2019-08-13 07:36:38.000000","2019-08-13 08:11:24.000000",1.0,14.43,3.0,N,234.0,1.0,1.0,58.5,0.0,0.0,12.0,12.5,0.3,83.3,0.0
2.0,"2019-08-13 12:06:53.000000","2019-08-13 12:42:48.000000",1.0,14.36,3.0,N,234.0,1.0,1.0,60.0,0.0,0.0,14.16,10.5,0.3,84.96,0.0
1.0,"2019-08-13 15:05:03.000000","2019-08-13 15:52:08.000000",1.0,15.3,3.0,N,234.0,1.0,1.0,66.0,0.0,0.0,10.0,10.5,0.3,86.8,0.0
2.0,"2019-08-13 16:04:35.000000","2019-08-13 16:51:57.000000",1.0,14.58,5.0,N,234.0,1.0,1.0,75.0,0.0,0.5,18.16,12.5,0.3,108.96,2.5
2.0,"2019-08-13 17:11:00.000000","2019-08-13 18:02:31.000000",5.0,16.29,3.0,N,234.0,1.0,1.0,66.5,1.0,0.0,17.56,20.0,0.3,107.31,0.0
1.0,"2019-08-14 03:57:07.000000","2019-08-14 04:22:56.000000",1.0,14.7,3.0,N,234.0,1.0,2.0,58.5,0.5,0.0,0.0,10.5,0.3,69.8,0.0
1.0,"2019-08-14 07:10:30.000000","2019-08-14 07:48:26.000000",1.0,18.0,3.0,N,234.0,1.0,1.0,67.5,0.0,0.0,16.05,12.5,0.3,96.35,0.0
2.0,"2019-08-14 12:15:57.000000","2019-08-14 12:59:05.000000",2.0,19.07,3.0,N,234.0,1.0,2.0,72.0,0.0,0.0,0.0,17.5,0.3,89.8,0.0
1.0,"2019-08-14 12:09:56.000000","2019-08-14 12:56:28.000000",1.0,18.0,3.0,N,234.0,1.0,1.0,73.5,0.0,0.0,25.25,10.5,0.3,109.55,0.0
1.0,"2019-08-14 12:15:45.000000","2019-08-14 12:45:55.000000",1.0,14.2,3.0,N,234.0,1.0,1.0,57.5,0.0,0.0,10.0,10.5,0.3,78.3,0.0
2.0,"2019-08-14 12:30:59.000000","2019-08-14 13:11:55.000000",1.0,14.14,3.0,N,234.0,1.0,1.0,61.0,0.0,0.0,14.36,10.5,0.3,86.16,0.0
1.0,"2019-08-14 13:22:34.000000","2019-08-14 14:02:05.000000",1.0,16.0,3.0,N,234.0,1.0,1.0,64.0,0.0,0.0,14.95,10.5,0.3,89.75,0.0
2.0,"2019-08-14 14:53:07.000000","2019-08-14 15:49:36.000000",1.0,22.78,3.0,N,234.0,1.0,2.0,82.0,0.0,0.0,0.0,18.62,0.3,100.92,0.0
2.0,"2019-08-14 14:44:08.000000","2019-08-14 15:45:35.000000",1.0,20.78,3.0,N,234.0,1.0,1.0,82.0,0.0,0.0,10.0,15.1,0.3,107.4,0.0
1.0,"2019-08-14 15:15:16.000000","2019-08-14 17:01:26.000000",2.0,14.5,3.0,N,234.0,1.0,2.0,89.0,0.0,0.0,0.0,12.5,0.3,101.8,0.0
2.0,"2019-08-14 15:53:00.000000","2019-08-14 17:20:16.000000",6.0,14.52,3.0,N,234.0,1.0,1.0,80.0,0.0,0.0,18.86,14.0,0.3,113.16,0.0
2.0,"2019-08-14 16:45:08.000000","2019-08-14 18:18:02.000000",1.0,16.23,3.0,N,234.0,1.0,1.0,84.0,1.0,0.0,14.67,12.5,0.3,112.47,0.0
1.0,"2019-08-14 16:28:09.000000","2019-08-14 17:40:50.000000",1.0,16.2,3.0,N,234.0,1.0,1.0,73.0,1.0,0.0,17.35,12.5,0.3,104.15,0.0
2.0,"2019-08-15 04:35:56.000000","2019-08-15 05:08:42.000000",1.0,17.55,3.0,N,234.0,1.0,1.0,65.5,0.5,0.0,19.81,12.95,0.3,99.06,0.0
1.0,"2019-08-15 06:14:04.000000","2019-08-15 06:42:23.000000",1.0,15.8,3.0,N,234.0,1.0,1.0,60.5,0.0,0.0,14.66,12.5,0.3,87.96,0.0
2.0,"2019-08-15 12:17:17.000000","2019-08-15 12:55:33.000000",5.0,13.44,3.0,N,234.0,1.0,1.0,58.5,0.0,0.0,13.86,10.5,0.3,83.16,0.0
2.0,"2019-08-15 12:04:25.000000","2019-08-15 12:51:12.000000",1.0,16.88,3.0,N,234.0,1.0,1.0,68.5,0.0,0.0,8.0,14.5,0.3,91.3,0.0
2.0,"2019-08-15 14:00:52.000000","2019-08-15 14:57:05.000000",1.0,20.85,3.0,N,234.0,1.0,1.0,81.5,0.0,0.0,18.46,10.5,0.3,110.76,0.0
2.0,"2019-08-15 14:01:02.000000","2019-08-15 15:00:27.000000",1.0,20.0,3.0,N,234.0,1.0,2.0,82.5,0.0,0.0,0.0,19.25,0.3,102.05,0.0
2.0,"2019-08-15 17:21:17.000000","2019-08-15 18:45:54.000000",1.0,14.63,3.0,N,234.0,1.0,1.0,81.5,1.0,0.0,10.0,12.5,0.3,105.3,0.0
2.0,"2019-08-15 17:40:56.000000","2019-08-15 18:48:38.000000",2.0,14.88,3.0,N,234.0,1.0,1.0,75.5,1.0,0.0,17.86,12.5,0.3,107.16,0.0
1.0,"2019-08-15 22:06:28.000000","2019-08-15 22:37:21.000000",1.0,15.9,3.0,N,234.0,1.0,1.0,61.5,0.5,0.0,15.6,15.88,0.3,93.78,0.0
2.0,"2019-08-16 05:30:16.000000","2019-08-16 06:01:03.000000",1.0,16.62,3.0,N,234.0,1.0,1.0,63.5,0.5,0.0,19.2,12.5,0.3,96.0,0.0
2.0,"2019-08-16 06:31:29.000000","2019-08-16 06:57:35.000000",1.0,18.03,3.0,N,234.0,1.0,1.0,65.5,0.0,0.0,16.66,17.5,0.3,99.96,0.0
2.0,"2019-08-16 08:16:50.000000","2019-08-16 08:45:54.000000",1.0,14.53,3.0,N,234.0,1.0,1.0,59.0,0.0,0.0,12.92,12.5,0.3,84.72,0.0
2.0,"2019-08-16 08:58:19.000000","2019-08-16 09:52:01.000000",1.0,18.63,3.0,N,234.0,1.0,1.0,76.0,0.0,0.0,23.9,19.29,0.3,119.49,0.0
2.0,"2019-08-16 10:04:33.000000","2019-08-16 10:44:38.000000",1.0,16.73,3.0,N,234.0,1.0,1.0,67.0,0.0,0.0,14.0,12.75,0.3,94.05,0.0
1.0,"2019-08-16 11:26:07.000000","2019-08-16 12:10:59.000000",1.0,14.6,3.0,N,234.0,1.0,1.0,64.0,0.0,0.0,18.65,10.5,0.3,93.45,0.0
2.0,"2019-08-16 11:38:46.000000","2019-08-16 12:22:45.000000",1.0,14.02,3.0,N,234.0,1.0,1.0,62.5,0.0,0.0,14.66,10.5,0.3,87.96,0.0
1.0,"2019-08-16 12:10:40.000000","2019-08-16 12:41:05.000000",0.0,13.8,3.0,N,234.0,1.0,1.0,57.0,0.0,0.0,13.55,10.5,0.3,81.35,0.0
2.0,"2019-08-16 13:20:37.000000","2019-08-16 14:24:50.000000",2.0,15.95,3.0,N,234.0,1.0,1.0,76.5,0.0,0.0,13.1,10.5,0.3,100.4,0.0
2.0,"2019-08-16 14:03:18.000000","2019-08-16 15:05:19.000000",1.0,17.52,3.0,N,234.0,1.0,1.0,77.5,0.0,0.0,18.76,16.0,0.3,112.56,0.0
2.0,"2019-08-16 14:50:31.000000","2019-08-16 16:09:14.000000",1.0,16.84,3.0,N,234.0,1.0,1.0,83.5,0.0,0.0,20.26,17.5,0.3,121.56,0.0
2.0,"2019-08-16 15:12:15.000000","2019-08-16 16:19:21.000000",1.0,23.38,3.0,N,234.0,1.0,1.0,87.0,0.0,0.0,21.19,18.64,0.3,127.13,0.0
1.0,"2019-08-16 15:20:30.000000","2019-08-16 16:36:32.000000",1.0,14.9,3.0,N,234.0,1.0,1.0,78.0,0.0,0.0,0.18,12.5,0.3,90.98,0.0
2.0,"2019-08-16 16:29:32.000000","2019-08-16 17:51:57.000000",3.0,15.56,3.0,N,234.0,1.0,1.0,81.0,1.0,0.0,10.0,12.5,0.3,104.8,0.0
2.0,"2019-08-16 18:37:55.000000","2019-08-16 19:43:28.000000",4.0,18.11,3.0,N,234.0,1.0,2.0,79.0,1.0,0.0,0.0,20.5,0.3,100.8,0.0
2.0,"2019-08-17 14:35:15.000000","2019-08-17 15:22:19.000000",1.0,20.79,3.0,N,234.0,1.0,1.0,76.5,0.0,0.0,19.46,20.5,0.3,116.76,0.0
1.0,"2019-08-17 14:41:13.000000","2019-08-17 15:20:36.000000",2.0,17.8,3.0,N,234.0,1.0,1.0,68.0,0.0,0.0,10.0,16.8,0.3,95.1,0.0
1.0,"2019-08-17 15:42:43.000000","2019-08-17 16:24:34.000000",1.0,17.4,3.0,N,234.0,1.0,1.0,69.0,0.0,0.0,15.0,12.5,0.3,96.8,0.0
2.0,"2019-08-18 05:09:51.000000","2019-08-18 05:33:31.000000",1.0,14.79,5.0,N,234.0,1.0,1.0,75.0,0.0,0.0,17.66,10.5,0.3,105.96,2.5
2.0,"2019-08-18 08:30:22.000000","2019-08-18 08:58:31.000000",1.0,16.47,3.0,N,234.0,1.0,1.0,62.0,0.0,0.0,11.0,10.5,0.3,83.8,0.0
1.0,"2019-08-18 09:04:22.000000","2019-08-18 09:28:06.000000",1.0,15.5,3.0,N,234.0,1.0,1.0,59.5,0.0,0.0,14.85,14.5,0.3,89.15,0.0
2.0,"2019-08-18 10:25:43.000000","2019-08-18 10:58:04.000000",1.0,19.13,3.0,N,234.0,1.0,1.0,69.5,0.0,0.0,12.8,15.5,0.3,100.05,0.0
2.0,"2019-08-18 12:29:01.000000","2019-08-18 13:05:27.000000",1.0,17.93,3.0,N,234.0,1.0,1.0,67.5,0.0,0.0,13.56,0.0,0.3,81.36,0.0
2.0,"2019-08-18 14:40:45.000000","2019-08-18 15:29:30.000000",1.0,14.18,3.0,N,234.0,1.0,1.0,64.5,0.0,0.0,15.46,12.5,0.3,92.76,0.0
2.0,"2019-08-18 18:28:37.000000","2019-08-18 19:10:12.000000",6.0,14.7,3.0,N,234.0,1.0,2.0,63.0,0.0,0.0,0.0,12.5,0.3,75.8,0.0
2.0,"2019-08-19 08:08:56.000000","2019-08-19 08:53:04.000000",1.0,14.74,3.0,N,234.0,1.0,1.0,63.5,0.0,0.0,19.08,12.5,0.3,95.38,0.0
1.0,"2019-08-19 15:12:45.000000","2019-08-19 16:04:22.000000",1.0,13.9,3.0,N,234.0,1.0,1.0,65.5,0.0,0.0,10.0,10.5,0.3,86.3,0.0
2.0,"2019-08-19 19:08:31.000000","2019-08-19 19:55:03.000000",4.0,20.77,3.0,N,234.0,1.0,2.0,79.0,1.0,0.0,0.0,22.5,0.3,102.8,0.0
2.0,"2019-08-20 08:43:05.000000","2019-08-20 09:20:29.000000",1.0,18.02,3.0,N,234.0,1.0,2.0,67.5,0.0,0.0,0.0,12.5,0.3,80.3,0.0
1.0,"2019-08-20 09:54:33.000000","2019-08-20 10:21:21.000000",2.0,14.8,3.0,N,234.0,1.0,2.0,58.5,0.0,0.0,0.0,10.5,0.3,69.3,0.0
1.0,"2019-08-20 13:22:47.000000","2019-08-20 13:59:10.000000",2.0,17.4,3.0,N,234.0,1.0,2.0,67.0,0.0,0.0,0.0,10.5,0.3,77.8,0.0
2.0,"2019-08-20 14:29:00.000000","2019-08-20 15:13:38.000000",1.0,17.37,3.0,N,234.0,1.0,2.0,70.0,0.0,0.0,0.0,15.5,0.3,85.8,0.0
2.0,"2019-08-20 15:56:22.000000","2019-08-20 16:46:01.000000",1.0,18.76,3.0,N,234.0,1.0,2.0,72.5,0.0,0.0,0.0,17.5,0.3,90.3,0.0
2.0,"2019-08-20 16:05:11.000000","2019-08-20 16:52:18.000000",1.0,16.56,3.0,N,234.0,1.0,1.0,67.0,1.0,0.0,17.14,17.4,0.3,102.84,0.0
2.0,"2019-08-20 16:14:10.000000","2019-08-20 17:07:40.000000",1.0,14.13,3.0,N,234.0,1.0,1.0,65.5,1.0,0.0,16.86,17.5,0.3,101.16,0.0
2.0,"2019-08-20 17:04:34.000000","2019-08-20 17:54:41.000000",1.0,18.16,3.0,N,234.0,1.0,1.0,70.5,1.0,0.0,21.08,12.5,0.3,105.38,0.0
2.0,"2019-08-20 18:28:17.000000","2019-08-20 19:10:45.000000",2.0,14.9,3.0,N,234.0,1.0,1.0,62.5,1.0,0.0,15.26,12.5,0.3,91.56,0.0
2.0,"2019-08-21 04:59:41.000000","2019-08-21 05:25:39.000000",1.0,16.06,3.0,N,234.0,1.0,1.0,61.0,0.5,0.0,10.0,10.5,0.3,82.3,0.0
1.0,"2019-08-21 05:37:55.000000","2019-08-21 05:59:32.000000",1.0,14.5,3.0,N,234.0,1.0,1.0,56.5,0.5,0.0,10.17,10.5,0.3,77.97,0.0
2.0,"2019-08-21 12:45:44.000000","2019-08-21 13:16:19.000000",1.0,14.2,3.0,N,234.0,1.0,1.0,58.5,0.0,0.0,14.26,12.5,0.3,85.56,0.0
2.0,"2019-08-21 13:09:51.000000","2019-08-21 14:00:33.000000",3.0,15.8,3.0,N,234.0,1.0,1.0,67.5,0.0,0.0,15.66,10.5,0.3,93.96,0.0
1.0,"2019-08-21 15:00:17.000000","2019-08-21 15:50:25.000000",1.0,18.6,3.0,N,234.0,1.0,1.0,73.0,0.0,0.0,17.65,15.0,0.3,105.95,0.0
2.0,"2019-08-21 17:04:35.000000","2019-08-21 18:36:00.000000",1.0,15.24,3.0,N,234.0,1.0,1.0,81.5,1.0,0.0,19.06,12.5,0.3,114.36,0.0
1.0,"2019-08-22 03:57:16.000000","2019-08-22 04:29:55.000000",2.0,15.9,3.0,N,234.0,1.0,1.0,61.5,0.5,0.0,10.0,20.0,0.3,92.3,0.0
2.0,"2019-08-22 09:54:46.000000","2019-08-22 10:47:03.000000",1.0,18.28,3.0,N,234.0,1.0,1.0,73.5,0.0,0.0,16.86,10.5,0.3,101.16,0.0
1.0,"2019-08-22 12:13:38.000000","2019-08-22 12:52:02.000000",1.0,18.3,3.0,N,234.0,1.0,1.0,69.5,0.0,0.0,16.0,10.5,0.3,96.3,0.0
2.0,"2019-08-22 12:42:49.000000","2019-08-22 13:22:21.000000",1.0,14.43,3.0,N,234.0,1.0,1.0,60.5,0.0,0.0,12.0,10.5,0.3,83.3,0.0
2.0,"2019-08-22 13:39:20.000000","2019-08-22 14:19:47.000000",2.0,16.26,3.0,N,234.0,1.0,1.0,65.5,0.0,0.0,15.26,10.5,0.3,91.56,0.0
1.0,"2019-08-22 13:02:59.000000","2019-08-22 13:39:28.000000",1.0,13.5,3.0,N,234.0,1.0,1.0,58.5,0.0,0.0,5.0,15.5,0.3,79.3,0.0
1.0,"2019-08-22 14:17:50.000000","2019-08-22 15:19:00.000000",0.0,17.9,3.0,N,234.0,1.0,1.0,77.5,0.0,0.0,18.65,15.5,0.3,111.95,0.0
2.0,"2019-08-22 14:18:47.000000","2019-08-22 15:11:07.000000",1.0,14.19,3.0,N,234.0,1.0,1.0,66.0,0.0,0.0,15.36,10.5,0.3,92.16,0.0
2.0,"2019-08-22 15:28:52.000000","2019-08-22 16:42:33.000000",1.0,14.4,3.0,N,234.0,1.0,1.0,75.0,0.0,0.0,27.84,17.5,0.3,120.64,0.0
2.0,"2019-08-22 16:10:09.000000","2019-08-22 17:16:08.000000",2.0,14.88,3.0,N,234.0,1.0,1.0,71.0,0.0,0.0,0.0,12.5,0.3,83.8,0.0
2.0,"2019-08-22 17:33:13.000000","2019-08-22 18:26:05.000000",1.0,14.18,3.0,N,234.0,1.0,1.0,65.0,1.0,0.0,15.76,12.5,0.3,94.56,0.0
2.0,"2019-08-23 04:20:40.000000","2019-08-23 04:56:33.000000",5.0,14.28,3.0,N,234.0,1.0,1.0,60.0,0.5,0.0,14.26,10.5,0.3,85.56,0.0
1.0,"2019-08-23 06:14:13.000000","2019-08-23 06:51:42.000000",1.0,17.5,3.0,N,234.0,1.0,1.0,69.5,0.0,0.0,12.0,25.0,0.3,106.8,0.0
2.0,"2019-08-23 09:26:33.000000","2019-08-23 09:59:26.000000",1.0,14.59,3.0,N,234.0,1.0,1.0,59.5,0.0,0.0,21.69,12.5,0.3,93.99,0.0
2.0,"2019-08-23 09:40:57.000000","2019-08-23 10:33:46.000000",1.0,15.69,3.0,N,234.0,1.0,1.0,67.0,0.0,0.0,0.05,16.0,0.3,83.35,0.0
2.0,"2019-08-23 10:12:31.000000","2019-08-23 11:55:32.000000",1.0,17.44,3.0,N,234.0,1.0,2.0,98.5,0.0,0.0,0.0,10.5,0.3,109.3,0.0
2.0,"2019-08-23 12:24:01.000000","2019-08-23 13:08:21.000000",1.0,15.76,3.0,N,234.0,1.0,1.0,66.0,0.0,0.0,21.2,18.5,0.3,106.0,0.0
1.0,"2019-08-23 13:56:30.000000","2019-08-23 15:07:15.000000",1.0,13.9,3.0,N,234.0,1.0,1.0,76.5,0.0,0.0,14.52,20.0,0.3,111.32,0.0
2.0,"2019-08-23 13:49:06.000000","2019-08-23 14:55:27.000000",1.0,15.38,3.0,N,234.0,1.0,1.0,75.0,0.0,0.0,18.16,15.5,0.3,108.96,0.0
1.0,"2019-08-23 14:26:07.000000","2019-08-23 15:25:02.000000",1.0,15.7,3.0,N,234.0,1.0,1.0,72.5,0.0,0.0,3.0,15.5,0.3,91.3,0.0
2.0,"2019-08-23 14:42:28.000000","2019-08-23 15:48:48.000000",1.0,14.85,3.0,N,234.0,1.0,1.0,72.5,0.0,0.0,20.82,10.5,0.3,104.12,0.0
1.0,"2019-08-23 16:10:47.000000","2019-08-23 17:36:29.000000",0.0,17.1,3.0,N,234.0,1.0,1.0,85.5,1.0,0.0,10.0,12.5,0.3,109.3,0.0
2.0,"2019-08-23 17:53:27.000000","2019-08-23 18:52:51.000000",1.0,14.83,3.0,N,234.0,1.0,1.0,69.0,1.0,0.0,16.56,12.5,0.3,99.36,0.0
2.0,"2019-08-23 20:34:27.000000","2019-08-23 21:04:37.000000",1.0,18.25,3.0,N,234.0,1.0,2.0,67.0,0.5,0.0,0.0,15.5,0.3,83.3,0.0
2.0,"2019-08-24 08:32:44.000000","2019-08-24 09:06:52.000000",6.0,16.43,3.0,N,234.0,1.0,1.0,62.5,0.0,0.0,20.0,15.5,0.3,98.3,0.0
1.0,"2019-08-24 10:02:27.000000","2019-08-24 10:38:23.000000",0.0,14.2,3.0,N,234.0,1.0,1.0,60.5,0.0,0.0,14.25,10.5,0.3,85.55,0.0
2.0,"2019-08-24 14:53:12.000000","2019-08-24 15:37:48.000000",2.0,17.75,3.0,N,234.0,1.0,1.0,71.0,0.0,0.0,12.0,14.65,0.3,97.95,0.0
1.0,"2019-08-25 09:23:08.000000","2019-08-25 09:50:27.000000",1.0,14.1,3.0,N,234.0,1.0,1.0,57.5,0.0,0.0,17.05,10.5,0.3,85.35,0.0
2.0,"2019-08-25 11:45:09.000000","2019-08-25 12:29:34.000000",2.0,16.9,3.0,N,234.0,1.0,1.0,69.5,0.0,0.0,10.0,15.5,0.3,95.3,0.0
2.0,"2019-08-25 15:03:12.000000","2019-08-25 15:51:57.000000",1.0,14.52,3.0,N,234.0,1.0,1.0,64.5,0.0,0.0,20.2,16.0,0.3,101.0,0.0
2.0,"2019-08-25 15:14:25.000000","2019-08-25 15:57:22.000000",1.0,14.08,3.0,N,234.0,1.0,1.0,62.0,0.0,0.0,20.7,20.5,0.3,103.5,0.0
2.0,"2019-08-26 06:46:31.000000","2019-08-26 07:16:30.000000",1.0,16.8,3.0,N,234.0,1.0,1.0,63.5,0.0,0.0,15.0,18.0,0.3,96.8,0.0
1.0,"2019-08-26 07:45:27.000000","2019-08-26 08:21:52.000000",1.0,18.9,3.0,N,234.0,1.0,1.0,69.5,0.0,0.0,10.0,18.5,0.3,98.3,0.0
2.0,"2019-08-26 14:26:08.000000","2019-08-26 15:15:07.000000",1.0,16.5,3.0,N,234.0,1.0,1.0,67.0,0.0,0.0,7.0,15.7,0.3,90.0,0.0
2.0,"2019-08-26 14:00:44.000000","2019-08-26 14:30:46.000000",3.0,14.19,5.0,N,234.0,1.0,1.0,100.0,0.0,0.0,10.0,10.5,0.3,123.3,2.5
2.0,"2019-08-26 14:27:45.000000","2019-08-26 15:05:36.000000",6.0,17.83,3.0,N,234.0,1.0,1.0,68.0,0.0,0.0,16.32,13.3,0.3,97.92,0.0
1.0,"2019-08-26 14:16:00.000000","2019-08-26 14:54:28.000000",1.0,14.0,3.0,N,234.0,1.0,1.0,60.0,0.0,0.0,8.0,10.5,0.3,78.8,0.0
2.0,"2019-08-26 15:21:23.000000","2019-08-26 16:05:30.000000",1.0,18.21,3.0,N,234.0,1.0,1.0,68.5,0.0,0.0,21.1,15.59,0.3,105.49,0.0
2.0,"2019-08-27 11:58:38.000000","2019-08-27 12:39:15.000000",5.0,17.96,3.0,N,234.0,1.0,1.0,71.0,0.0,0.0,26.04,15.5,0.3,112.84,0.0
1.0,"2019-08-27 14:13:37.000000","2019-08-27 14:58:19.000000",1.0,17.8,3.0,N,234.0,1.0,1.0,70.5,0.0,0.0,17.25,15.5,0.3,103.55,0.0
2.0,"2019-08-27 15:02:53.000000","2019-08-27 15:56:55.000000",1.0,14.64,3.0,N,234.0,1.0,1.0,67.0,0.0,0.0,15.56,10.5,0.3,93.36,0.0
2.0,"2019-08-28 09:05:28.000000","2019-08-28 10:17:05.000000",1.0,18.51,3.0,N,234.0,1.0,1.0,86.5,0.0,0.0,20.86,17.5,0.3,125.16,0.0
2.0,"2019-08-28 11:14:54.000000","2019-08-28 12:23:08.000000",1.0,33.44,3.0,N,234.0,1.0,2.0,113.0,0.0,0.0,0.0,13.0,0.3,126.3,0.0
1.0,"2019-08-28 12:39:17.000000","2019-08-28 13:11:50.000000",1.0,17.4,3.0,N,234.0,1.0,1.0,66.5,0.0,0.0,16.45,15.5,0.3,98.75,0.0
2.0,"2019-08-28 13:44:23.000000","2019-08-28 14:25:37.000000",1.0,14.45,3.0,N,234.0,1.0,2.0,61.0,0.0,0.0,0.0,10.5,0.3,71.8,0.0
2.0,"2019-08-28 15:01:02.000000","2019-08-28 15:51:03.000000",1.0,17.72,5.0,N,234.0,1.0,1.0,100.0,0.0,0.0,22.66,10.5,0.3,135.96,2.5
1.0,"2019-08-28 16:33:38.000000","2019-08-28 17:35:54.000000",1.0,14.9,3.0,N,234.0,1.0,1.0,70.0,1.0,0.0,12.57,12.5,0.3,96.37,0.0
1.0,"2019-08-28 20:09:08.000000","2019-08-28 20:44:42.000000",1.0,19.6,3.0,N,234.0,1.0,1.0,72.0,0.5,0.0,18.55,20.0,0.3,111.35,0.0
2.0,"2019-08-29 05:34:43.000000","2019-08-29 05:55:12.000000",3.0,13.94,3.0,N,234.0,1.0,1.0,55.5,0.5,0.0,13.76,12.5,0.3,82.56,0.0
2.0,"2019-08-29 07:10:23.000000","2019-08-29 07:35:46.000000",2.0,14.84,3.0,N,234.0,1.0,1.0,58.5,0.0,0.0,14.26,12.5,0.3,85.56,0.0
2.0,"2019-08-29 09:16:40.000000","2019-08-29 10:27:39.000000",1.0,17.95,3.0,N,234.0,1.0,1.0,83.0,0.0,0.0,10.0,16.62,0.3,109.92,0.0
1.0,"2019-08-29 11:00:58.000000","2019-08-29 11:48:38.000000",1.0,14.4,3.0,N,234.0,1.0,1.0,65.0,0.0,0.0,15.15,10.5,0.3,90.95,0.0
2.0,"2019-08-29 11:47:43.000000","2019-08-29 12:25:11.000000",1.0,16.18,3.0,N,234.0,1.0,1.0,63.0,0.0,0.0,16.06,17.0,0.3,96.36,0.0
2.0,"2019-08-29 11:07:28.000000","2019-08-29 11:53:44.000000",2.0,18.61,5.0,N,234.0,1.0,1.0,75.0,0.0,0.0,8.0,12.5,0.3,98.3,2.5
2.0,"2019-08-29 12:52:08.000000","2019-08-29 13:35:02.000000",3.0,21.23,3.0,N,234.0,1.0,1.0,77.5,0.0,0.0,20.26,23.5,0.3,121.56,0.0
1.0,"2019-08-29 13:03:48.000000","2019-08-29 13:41:51.000000",2.0,18.2,3.0,N,234.0,1.0,1.0,69.0,0.0,0.0,12.0,15.7,0.3,97.0,0.0
1.0,"2019-08-29 13:22:36.000000","2019-08-29 14:02:37.000000",1.0,14.9,3.0,N,234.0,1.0,1.0,62.0,0.0,0.0,14.55,10.5,0.3,87.35,0.0
2.0,"2019-08-29 14:06:40.000000","2019-08-29 14:53:16.000000",6.0,18.31,3.0,N,234.0,1.0,1.0,72.5,0.0,0.0,16.66,10.5,0.3,99.96,0.0
2.0,"2019-08-29 14:34:11.000000","2019-08-29 15:35:56.000000",1.0,18.2,3.0,N,234.0,1.0,1.0,77.5,0.0,0.0,18.52,14.8,0.3,111.12,0.0
2.0,"2019-08-29 15:11:52.000000","2019-08-29 16:07:32.000000",1.0,17.65,3.0,N,234.0,1.0,1.0,73.0,0.0,0.0,9.2,17.5,0.3,100.0,0.0
1.0,"2019-08-29 15:06:56.000000","2019-08-29 16:15:30.000000",1.0,14.2,3.0,N,234.0,1.0,1.0,72.5,0.0,0.0,17.05,12.5,0.3,102.35,0.0
2.0,"2019-08-29 16:22:32.000000","2019-08-29 17:26:05.000000",1.0,18.32,3.0,N,234.0,1.0,1.0,75.5,1.0,0.0,14.0,15.5,0.3,106.3,0.0
2.0,"2019-08-29 16:27:28.000000","2019-08-29 17:31:51.000000",1.0,17.92,3.0,N,234.0,1.0,1.0,75.0,1.0,0.0,18.41,15.75,0.3,110.46,0.0
1.0,"2019-08-29 16:59:34.000000","2019-08-29 18:15:31.000000",1.0,14.3,3.0,N,234.0,1.0,1.0,76.0,1.0,0.0,17.95,12.5,0.3,107.75,0.0
1.0,"2019-08-29 18:02:39.000000","2019-08-29 19:08:27.000000",1.0,15.7,5.0,N,234.0,1.0,1.0,75.0,0.0,0.0,8.0,12.5,0.3,95.8,0.0
2.0,"2019-08-30 06:22:07.000000","2019-08-30 07:00:08.000000",3.0,20.97,3.0,N,234.0,1.0,1.0,76.0,0.0,0.0,18.8,17.7,0.3,112.8,0.0
2.0,"2019-08-30 10:16:29.000000","2019-08-30 10:55:40.000000",1.0,18.44,3.0,N,234.0,1.0,1.0,70.0,0.0,0.0,10.0,16.5,0.3,96.8,0.0
2.0,"2019-08-30 13:59:05.000000","2019-08-30 15:06:20.000000",2.0,17.12,3.0,N,234.0,1.0,1.0,76.0,0.0,0.0,15.0,17.5,0.3,108.8,0.0
1.0,"2019-08-30 15:16:33.000000","2019-08-30 16:28:52.000000",1.0,18.8,3.0,N,234.0,1.0,1.0,79.0,0.0,0.0,5.0,16.5,0.3,100.8,0.0
2.0,"2019-08-30 15:47:08.000000","2019-08-30 17:09:49.000000",1.0,20.35,3.0,N,234.0,1.0,2.0,87.0,0.0,0.0,0.0,18.5,0.3,105.8,0.0
2.0,"2019-08-30 15:51:42.000000","2019-08-30 16:58:06.000000",1.0,17.77,3.0,N,234.0,1.0,1.0,77.5,0.0,0.0,24.08,18.5,0.3,120.38,0.0
2.0,"2019-08-30 16:10:34.000000","2019-08-30 17:14:38.000000",1.0,17.76,3.0,N,234.0,1.0,1.0,76.0,1.0,0.0,15.0,12.5,0.3,104.8,0.0
2.0,"2019-08-30 16:55:01.000000","2019-08-30 17:50:42.000000",1.0,18.21,3.0,N,234.0,1.0,1.0,72.5,1.0,0.0,18.26,17.49,0.3,109.55,0.0
2.0,"2019-08-30 16:40:33.000000","2019-08-30 18:01:37.000000",3.0,13.91,3.0,N,234.0,1.0,1.0,76.0,1.0,0.0,15.0,16.0,0.3,108.3,0.0
2.0,"2019-08-30 17:47:54.000000","2019-08-30 18:40:49.000000",2.0,15.98,3.0,N,234.0,1.0,1.0,66.0,1.0,0.0,5.0,12.5,0.3,84.8,0.0
2.0,"2019-08-30 17:13:34.000000","2019-08-30 18:08:02.000000",2.0,18.13,3.0,N,234.0,1.0,1.0,72.0,1.0,0.0,0.0,19.0,0.3,92.3,0.0
2.0,"2019-08-30 17:21:01.000000","2019-08-30 18:30:03.000000",2.0,18.46,3.0,N,234.0,1.0,1.0,77.0,1.0,0.0,18.96,16.5,0.3,113.76,0.0
1.0,"2019-08-30 19:59:20.000000","2019-08-30 20:26:55.000000",2.0,14.3,3.0,N,234.0,1.0,2.0,57.0,0.5,0.0,0.0,10.5,0.3,68.3,0.0
2.0,"2019-08-31 03:25:59.000000","2019-08-31 03:51:15.000000",1.0,15.84,3.0,N,234.0,1.0,1.0,60.5,0.5,0.0,10.0,16.5,0.3,87.8,0.0
2.0,"2019-08-31 07:01:30.000000","2019-08-31 07:23:25.000000",1.0,14.28,3.0,N,234.0,1.0,1.0,56.5,0.0,0.0,10.0,12.5,0.3,79.3,0.0
2.0,"2019-08-31 07:00:17.000000","2019-08-31 07:27:33.000000",1.0,14.48,3.0,N,234.0,1.0,1.0,58.0,0.0,0.0,4.5,12.5,0.3,75.3,0.0
2.0,"2019-08-31 12:49:03.000000","2019-08-31 13:32:52.000000",2.0,23.85,3.0,N,234.0,1.0,1.0,84.5,0.0,0.0,4.7,20.5,0.3,110.0,0.0
2.0,"2019-08-31 12:25:06.000000","2019-08-31 13:00:35.000000",1.0,16.34,3.0,N,234.0,1.0,1.0,64.5,0.0,0.0,15.46,12.5,0.3,92.76,0.0
2.0,"2019-08-31 12:04:45.000000","2019-08-31 12:37:32.000000",1.0,17.32,5.0,N,234.0,1.0,1.0,77.0,0.0,0.5,9.9,12.5,0.3,102.7,2.5
2.0,"2019-08-31 14:23:07.000000","2019-08-31 15:10:47.000000",2.0,14.57,3.0,N,234.0,1.0,1.0,65.0,0.0,0.0,15.56,12.5,0.3,93.36,0.0
2.0,"2019-08-31 15:53:02.000000","2019-08-31 16:34:28.000000",1.0,16.86,3.0,N,234.0,1.0,2.0,67.0,0.0,0.0,0.0,0.0,0.3,67.3,0.0
1.0,"2019-08-31 15:13:37.000000","2019-08-31 15:50:18.000000",2.0,16.3,3.0,N,234.0,1.0,1.0,65.0,0.0,0.0,10.0,25.0,0.3,100.3,0.0
2.0,"2019-08-31 18:45:22.000000","2019-08-31 19:21:31.000000",1.0,18.21,3.0,N,234.0,1.0,1.0,68.5,0.0,0.0,5.0,15.3,0.3,89.1,0.0
