2.0,"2019-08-01 15:16:18.000000","2019-08-01 15:22:27.000000",1.0,17.86,2.0,N,234.0,102.0,1.0,52.0,4.5,0.5,13.18,6.12,0.3,79.1,2.5
2.0,"2019-08-02 20:04:21.000000","2019-08-02 20:31:56.000000",1.0,9.82,1.0,N,234.0,102.0,1.0,30.0,0.5,0.5,7.98,6.12,0.3,47.9,2.5
1.0,"2019-08-03 04:58:40.000000","2019-08-03 05:15:37.000000",1.0,9.0,1.0,N,234.0,102.0,1.0,26.0,3.0,0.5,3.0,6.12,0.3,38.92,2.5
1.0,"2019-08-08 23:41:51.000000","2019-08-09 00:11:02.000000",1.0,9.0,1.0,N,234.0,102.0,1.0,29.5,3.0,0.5,6.0,6.12,0.3,45.42,2.5
2.0,"2019-08-10 04:35:48.000000","2019-08-10 04:57:48.000000",6.0,9.37,1.0,N,234.0,102.0,1.0,28.0,0.5,0.5,3.0,6.12,0.3,40.92,2.5
1.0,"2019-08-11 23:44:55.000000","2019-08-12 00:27:34.000000",2.0,12.6,1.0,N,234.0,102.0,2.0,40.5,3.0,0.5,0.0,0.0,0.3,44.3,2.5
2.0,"2019-08-13 17:22:35.000000","2019-08-13 17:57:14.000000",1.0,8.58,1.0,N,234.0,102.0,1.0,30.0,1.0,0.5,8.08,6.12,0.3,48.5,2.5
1.0,"2019-08-15 14:19:32.000000","2019-08-15 15:07:13.000000",1.0,9.5,1.0,N,234.0,102.0,1.0,36.0,2.5,0.5,9.05,6.12,0.3,54.47,2.5
2.0,"2019-08-27 20:00:15.000000","2019-08-27 20:30:23.000000",1.0,8.45,1.0,N,234.0,102.0,2.0,28.0,1.0,0.5,0.0,6.12,0.3,38.42,2.5
,"2019-08-18 19:22:25.000000","2019-08-18 19:50:56.000000",,9.1,,,234.0,102.0,,34.58,5.5,0.0,0.0,6.12,0.3,46.5,0.0
