1.0,"2019-08-01 09:48:42.000000","2019-08-01 10:13:25.000000",3.0,5.1,1.0,N,234.0,112.0,2.0,20.5,2.5,0.5,0.0,0.0,0.3,23.8,2.5
1.0,"2019-08-01 11:18:57.000000","2019-08-01 11:50:03.000000",1.0,5.6,1.0,N,234.0,112.0,1.0,24.0,2.5,0.5,5.45,0.0,0.3,32.75,2.5
1.0,"2019-08-01 18:25:55.000000","2019-08-01 19:06:11.000000",1.0,6.2,1.0,N,234.0,112.0,1.0,28.5,3.5,0.5,3.0,0.0,0.3,35.8,2.5
2.0,"2019-08-01 18:31:38.000000","2019-08-01 18:58:11.000000",2.0,4.64,1.0,N,234.0,112.0,1.0,19.5,1.0,0.5,5.98,6.12,0.3,35.9,2.5
2.0,"2019-08-01 20:07:09.000000","2019-08-01 20:38:26.000000",1.0,5.78,1.0,N,234.0,112.0,1.0,23.0,0.5,0.5,5.36,0.0,0.3,32.16,2.5
2.0,"2019-08-01 21:46:37.000000","2019-08-01 22:11:04.000000",1.0,5.01,1.0,N,234.0,112.0,1.0,20.5,0.5,0.5,4.86,0.0,0.3,29.16,2.5
1.0,"2019-08-02 00:44:48.000000","2019-08-02 01:02:34.000000",1.0,4.7,1.0,N,234.0,112.0,2.0,17.0,3.0,0.5,0.0,0.0,0.3,20.8,2.5
1.0,"2019-08-02 01:34:36.000000","2019-08-02 01:53:28.000000",1.0,5.9,1.0,N,234.0,112.0,1.0,19.5,3.0,0.5,4.65,0.0,0.3,27.95,2.5
2.0,"2019-08-02 05:25:35.000000","2019-08-02 05:42:44.000000",1.0,4.91,1.0,N,234.0,112.0,1.0,17.0,0.5,0.5,5.2,0.0,0.3,26.0,2.5
2.0,"2019-08-02 10:35:27.000000","2019-08-02 10:53:49.000000",1.0,3.7,1.0,N,234.0,112.0,1.0,15.0,0.0,0.5,3.66,6.12,0.3,28.08,2.5
2.0,"2019-08-02 15:33:21.000000","2019-08-02 16:06:25.000000",1.0,4.42,1.0,N,234.0,112.0,1.0,22.0,0.0,0.5,9.43,6.12,0.3,40.85,2.5
2.0,"2019-08-02 15:21:53.000000","2019-08-02 15:44:28.000000",1.0,3.68,1.0,N,234.0,112.0,1.0,16.5,0.0,0.5,5.18,6.12,0.3,31.1,2.5
1.0,"2019-08-02 20:24:35.000000","2019-08-02 20:50:25.000000",1.0,6.8,1.0,N,234.0,112.0,1.0,24.0,3.0,0.5,0.0,6.12,0.3,33.92,2.5
1.0,"2019-08-02 21:16:58.000000","2019-08-02 21:39:19.000000",2.0,4.2,1.0,N,234.0,112.0,1.0,17.5,3.0,0.5,5.45,6.12,0.3,32.87,2.5
2.0,"2019-08-02 21:20:28.000000","2019-08-02 21:51:38.000000",2.0,5.69,1.0,N,234.0,112.0,1.0,23.5,0.5,0.5,5.46,0.0,0.3,32.76,2.5
2.0,"2019-08-02 21:23:18.000000","2019-08-02 21:41:42.000000",1.0,4.06,1.0,N,234.0,112.0,1.0,16.5,0.5,0.5,5.28,6.12,0.3,31.7,2.5
2.0,"2019-08-02 21:51:38.000000","2019-08-02 22:15:25.000000",1.0,5.37,1.0,N,234.0,112.0,1.0,19.0,0.5,0.5,10.0,0.0,0.3,32.8,2.5
2.0,"2019-08-02 23:38:57.000000","2019-08-02 23:54:07.000000",1.0,4.29,1.0,N,234.0,112.0,1.0,15.0,0.5,0.5,2.0,6.12,0.3,26.92,2.5
2.0,"2019-08-03 02:38:49.000000","2019-08-03 02:58:58.000000",1.0,5.41,1.0,N,234.0,112.0,1.0,19.0,0.5,0.5,6.84,0.0,0.3,29.64,2.5
1.0,"2019-08-03 15:36:16.000000","2019-08-03 15:56:23.000000",2.0,4.7,1.0,N,234.0,112.0,1.0,17.5,2.5,0.5,3.08,6.12,0.3,30.0,2.5
2.0,"2019-08-03 16:42:51.000000","2019-08-03 17:09:26.000000",1.0,5.28,1.0,N,234.0,112.0,2.0,21.0,0.0,0.5,0.0,0.0,0.3,24.3,2.5
1.0,"2019-08-03 16:25:22.000000","2019-08-03 17:05:48.000000",1.0,6.8,1.0,N,234.0,112.0,1.0,30.5,2.5,0.5,3.0,0.0,0.3,36.8,2.5
2.0,"2019-08-03 20:08:54.000000","2019-08-03 20:23:51.000000",1.0,3.82,1.0,N,234.0,112.0,1.0,14.0,0.5,0.5,2.39,6.12,0.3,26.31,2.5
1.0,"2019-08-03 21:02:14.000000","2019-08-03 21:20:32.000000",1.0,4.2,1.0,N,234.0,112.0,1.0,16.0,3.0,0.5,11.0,0.0,0.3,30.8,2.5
1.0,"2019-08-03 22:59:42.000000","2019-08-03 23:22:13.000000",1.0,5.5,1.0,N,234.0,112.0,1.0,19.5,3.0,0.5,4.65,0.0,0.3,27.95,2.5
1.0,"2019-08-03 22:59:32.000000","2019-08-03 23:21:35.000000",1.0,5.5,1.0,N,234.0,112.0,1.0,19.5,3.0,0.5,4.65,0.0,0.3,27.95,2.5
2.0,"2019-08-03 23:53:02.000000","2019-08-04 00:23:57.000000",1.0,4.65,1.0,N,234.0,112.0,1.0,22.0,0.5,0.5,9.58,6.12,0.3,41.5,2.5
2.0,"2019-08-04 10:46:11.000000","2019-08-04 11:03:13.000000",1.0,4.89,1.0,N,234.0,112.0,1.0,17.0,0.0,0.5,5.28,6.12,0.3,31.7,2.5
2.0,"2019-08-04 13:46:25.000000","2019-08-04 14:21:02.000000",3.0,5.41,1.0,N,234.0,112.0,1.0,25.5,0.0,0.5,7.2,0.0,0.3,36.0,2.5
2.0,"2019-08-04 19:33:52.000000","2019-08-04 20:04:17.000000",1.0,6.45,1.0,N,234.0,112.0,1.0,24.5,0.0,0.5,6.95,0.0,0.3,34.75,2.5
1.0,"2019-08-04 20:38:11.000000","2019-08-04 20:55:30.000000",1.0,3.9,1.0,N,234.0,112.0,1.0,15.0,3.0,0.5,6.2,6.12,0.3,31.12,2.5
1.0,"2019-08-05 00:27:09.000000","2019-08-05 00:43:10.000000",1.0,4.8,1.0,N,234.0,112.0,3.0,17.5,3.0,0.5,0.0,0.0,0.3,21.3,2.5
1.0,"2019-08-05 09:57:20.000000","2019-08-05 10:32:58.000000",3.0,6.0,1.0,N,234.0,112.0,1.0,26.0,2.5,0.5,5.85,0.0,0.3,35.15,2.5
2.0,"2019-08-05 15:34:35.000000","2019-08-05 16:00:48.000000",1.0,3.93,1.0,N,234.0,112.0,1.0,18.5,0.0,0.5,1.0,6.12,0.3,28.92,2.5
2.0,"2019-08-05 17:58:27.000000","2019-08-05 18:15:51.000000",1.0,3.78,1.0,N,234.0,112.0,1.0,15.0,1.0,0.5,5.08,6.12,0.3,30.5,2.5
2.0,"2019-08-05 19:47:33.000000","2019-08-05 20:02:49.000000",1.0,4.01,1.0,N,234.0,112.0,1.0,15.0,1.0,0.5,6.36,6.12,0.3,31.78,2.5
2.0,"2019-08-05 20:29:05.000000","2019-08-05 20:58:11.000000",5.0,5.89,1.0,N,234.0,112.0,1.0,22.5,0.5,0.5,6.48,6.12,0.3,38.9,2.5
2.0,"2019-08-05 22:16:05.000000","2019-08-05 22:36:44.000000",1.0,4.81,1.0,N,234.0,112.0,1.0,16.5,0.5,0.5,5.28,6.12,0.3,31.7,2.5
1.0,"2019-08-05 23:23:50.000000","2019-08-05 23:40:12.000000",0.0,4.2,1.0,N,234.0,112.0,1.0,15.0,3.0,0.5,3.74,6.12,0.3,28.66,2.5
1.0,"2019-08-06 13:10:47.000000","2019-08-06 13:38:56.000000",1.0,4.5,1.0,N,234.0,112.0,1.0,20.5,2.5,0.5,5.95,6.12,0.3,35.87,2.5
1.0,"2019-08-06 14:00:35.000000","2019-08-06 14:34:40.000000",1.0,5.6,1.0,N,234.0,112.0,1.0,25.0,2.5,0.5,0.0,0.0,0.3,28.3,2.5
2.0,"2019-08-06 17:28:16.000000","2019-08-06 17:53:57.000000",1.0,5.23,1.0,N,234.0,112.0,1.0,20.5,1.0,0.5,4.0,6.12,0.3,34.92,2.5
2.0,"2019-08-06 18:40:48.000000","2019-08-06 19:10:31.000000",1.0,5.58,1.0,N,234.0,112.0,1.0,22.5,1.0,0.5,5.36,0.0,0.3,32.16,2.5
2.0,"2019-08-06 18:15:42.000000","2019-08-06 18:33:39.000000",6.0,3.56,1.0,N,234.0,112.0,2.0,14.5,1.0,0.5,0.0,6.12,0.3,24.92,2.5
1.0,"2019-08-06 19:04:01.000000","2019-08-06 19:34:19.000000",1.0,5.9,1.0,N,234.0,112.0,1.0,23.5,3.5,0.5,1.5,0.0,0.3,29.3,2.5
1.0,"2019-08-06 19:46:06.000000","2019-08-06 20:08:22.000000",1.0,3.7,1.0,N,234.0,112.0,1.0,16.5,3.5,0.5,5.35,6.12,0.3,32.27,2.5
1.0,"2019-08-06 20:15:29.000000","2019-08-06 20:33:27.000000",1.0,3.9,1.0,N,234.0,112.0,1.0,15.0,3.0,0.5,4.95,6.12,0.3,29.87,2.5
1.0,"2019-08-06 20:10:48.000000","2019-08-06 20:36:22.000000",1.0,5.5,1.0,N,234.0,112.0,1.0,21.0,3.0,0.5,4.95,0.0,0.3,29.75,2.5
2.0,"2019-08-06 21:49:09.000000","2019-08-06 22:11:16.000000",1.0,6.41,1.0,N,234.0,112.0,1.0,22.0,0.5,0.5,5.16,0.0,0.3,30.96,2.5
1.0,"2019-08-06 21:39:20.000000","2019-08-06 21:57:15.000000",1.0,4.3,1.0,N,234.0,112.0,1.0,16.5,3.0,0.5,2.0,6.12,0.3,28.42,2.5
2.0,"2019-08-06 22:35:45.000000","2019-08-06 23:06:34.000000",1.0,5.97,1.0,N,234.0,112.0,1.0,24.0,0.5,0.5,4.5,0.0,0.3,32.3,2.5
2.0,"2019-08-06 23:19:28.000000","2019-08-06 23:38:49.000000",1.0,4.59,1.0,N,234.0,112.0,1.0,16.5,0.5,0.5,5.28,6.12,0.3,31.7,2.5
2.0,"2019-08-06 23:48:23.000000","2019-08-07 00:04:06.000000",1.0,4.05,1.0,N,234.0,112.0,1.0,15.0,0.5,0.5,4.98,6.12,0.3,29.9,2.5
2.0,"2019-08-07 03:34:45.000000","2019-08-07 03:51:09.000000",2.0,5.47,1.0,N,234.0,112.0,1.0,18.5,0.5,0.5,5.58,0.0,0.3,27.88,2.5
2.0,"2019-08-07 10:17:57.000000","2019-08-07 10:47:31.000000",1.0,4.95,1.0,N,234.0,112.0,1.0,22.0,0.0,0.5,7.86,6.12,0.3,39.28,2.5
1.0,"2019-08-07 19:14:03.000000","2019-08-07 19:38:27.000000",1.0,4.0,1.0,N,234.0,112.0,1.0,18.5,3.5,0.5,3.0,6.12,0.3,31.92,2.5
1.0,"2019-08-07 20:42:29.000000","2019-08-07 21:04:48.000000",0.0,3.9,1.0,N,234.0,112.0,1.0,17.0,3.0,0.5,5.35,6.12,0.3,32.27,2.5
2.0,"2019-08-07 20:34:39.000000","2019-08-07 21:01:32.000000",1.0,6.3,1.0,N,234.0,112.0,1.0,22.5,0.5,0.5,6.48,6.12,0.3,38.9,2.5
2.0,"2019-08-07 20:16:37.000000","2019-08-07 20:53:36.000000",1.0,5.52,1.0,N,234.0,112.0,1.0,26.5,0.5,0.5,6.06,0.0,0.3,36.36,2.5
2.0,"2019-08-07 21:16:49.000000","2019-08-07 21:55:55.000000",1.0,5.97,1.0,N,234.0,112.0,1.0,27.0,0.5,0.5,9.24,0.0,0.3,40.04,2.5
1.0,"2019-08-07 21:21:02.000000","2019-08-07 21:42:22.000000",1.0,6.1,1.0,N,234.0,112.0,1.0,20.5,3.0,0.5,4.0,6.12,0.3,34.42,2.5
2.0,"2019-08-07 23:01:15.000000","2019-08-07 23:22:10.000000",1.0,5.57,1.0,N,234.0,112.0,1.0,20.5,0.5,0.5,2.0,0.0,0.3,26.3,2.5
1.0,"2019-08-07 22:49:13.000000","2019-08-07 23:09:17.000000",1.0,5.3,1.0,N,234.0,112.0,1.0,19.0,3.0,0.5,4.0,0.0,0.3,26.8,2.5
1.0,"2019-08-07 22:26:47.000000","2019-08-07 22:41:17.000000",1.0,5.3,1.0,N,234.0,112.0,1.0,17.0,3.0,0.5,5.35,6.12,0.3,32.27,2.5
2.0,"2019-08-07 23:48:30.000000","2019-08-08 00:08:16.000000",5.0,4.99,1.0,N,234.0,112.0,1.0,17.5,0.5,0.5,2.13,0.0,0.3,23.43,2.5
2.0,"2019-08-08 11:30:02.000000","2019-08-08 11:47:52.000000",1.0,3.89,1.0,N,234.0,112.0,1.0,15.5,0.0,0.5,4.98,6.12,0.3,29.9,2.5
2.0,"2019-08-08 15:20:13.000000","2019-08-08 15:59:36.000000",1.0,5.36,1.0,N,234.0,112.0,1.0,27.0,0.0,0.5,6.06,0.0,0.3,36.36,2.5
1.0,"2019-08-08 19:14:59.000000","2019-08-08 19:43:26.000000",1.0,5.1,1.0,N,234.0,112.0,1.0,21.0,3.5,0.5,3.0,12.24,0.3,40.54,2.5
2.0,"2019-08-08 21:27:06.000000","2019-08-08 21:48:55.000000",2.0,4.7,1.0,N,234.0,112.0,1.0,18.0,0.5,0.5,0.0,6.12,0.3,27.92,2.5
2.0,"2019-08-08 22:11:44.000000","2019-08-08 22:42:59.000000",1.0,6.02,1.0,N,234.0,112.0,2.0,23.5,0.5,0.5,0.0,0.0,0.3,27.3,2.5
2.0,"2019-08-08 22:23:52.000000","2019-08-08 22:46:28.000000",1.0,5.28,1.0,N,234.0,112.0,1.0,20.5,0.5,0.5,4.86,0.0,0.3,29.16,2.5
2.0,"2019-08-08 22:58:07.000000","2019-08-08 23:14:32.000000",1.0,3.87,1.0,N,234.0,112.0,1.0,15.0,0.5,0.5,4.98,6.12,0.3,29.9,2.5
2.0,"2019-08-09 00:01:08.000000","2019-08-09 00:18:47.000000",5.0,3.96,1.0,N,234.0,112.0,1.0,14.5,0.5,0.5,4.88,6.12,0.3,29.3,2.5
1.0,"2019-08-09 19:33:12.000000","2019-08-09 19:50:06.000000",1.0,3.9,1.0,N,234.0,112.0,1.0,15.0,3.5,0.5,6.35,6.12,0.3,31.77,2.5
1.0,"2019-08-09 21:48:15.000000","2019-08-09 22:08:39.000000",1.0,4.7,1.0,N,234.0,112.0,1.0,18.5,3.0,0.5,4.45,0.0,0.3,26.75,2.5
2.0,"2019-08-09 21:52:11.000000","2019-08-09 22:26:40.000000",1.0,7.75,1.0,N,234.0,112.0,1.0,28.5,0.5,0.5,9.69,0.0,0.3,41.99,2.5
2.0,"2019-08-09 23:42:05.000000","2019-08-10 00:26:14.000000",6.0,6.88,1.0,N,234.0,112.0,1.0,31.0,0.5,0.5,6.96,0.0,0.3,41.76,2.5
2.0,"2019-08-10 00:18:24.000000","2019-08-10 00:46:53.000000",4.0,6.01,1.0,N,234.0,112.0,1.0,23.0,0.5,0.5,6.58,6.12,0.3,39.5,2.5
1.0,"2019-08-10 03:08:58.000000","2019-08-10 03:33:02.000000",1.0,5.7,1.0,N,234.0,112.0,1.0,20.5,3.0,0.5,6.05,0.0,0.3,30.35,2.5
2.0,"2019-08-10 15:20:55.000000","2019-08-10 15:48:55.000000",1.0,5.84,1.0,N,234.0,112.0,1.0,23.0,0.0,0.5,5.26,0.0,0.3,31.56,2.5
1.0,"2019-08-10 15:58:19.000000","2019-08-10 16:14:43.000000",1.0,3.5,1.0,N,234.0,112.0,1.0,14.5,2.5,0.5,4.75,6.12,0.3,28.67,2.5
1.0,"2019-08-10 17:38:31.000000","2019-08-10 18:07:30.000000",2.0,5.4,1.0,N,234.0,112.0,1.0,22.5,2.5,0.5,5.15,0.0,0.3,30.95,2.5
2.0,"2019-08-10 17:21:43.000000","2019-08-10 17:52:23.000000",1.0,5.15,1.0,N,234.0,112.0,1.0,23.5,0.0,0.5,5.36,0.0,0.3,32.16,2.5
2.0,"2019-08-10 20:49:36.000000","2019-08-10 21:16:52.000000",1.0,5.88,1.0,N,234.0,112.0,1.0,22.0,0.5,0.5,5.16,0.0,0.3,30.96,2.5
1.0,"2019-08-10 23:44:20.000000","2019-08-10 23:59:18.000000",1.0,3.5,1.0,N,234.0,112.0,1.0,13.0,3.0,0.5,3.0,6.12,0.3,25.92,2.5
1.0,"2019-08-11 00:15:47.000000","2019-08-11 00:35:48.000000",2.0,4.4,1.0,N,234.0,112.0,2.0,16.5,3.0,0.5,0.0,6.12,0.3,26.42,2.5
2.0,"2019-08-11 12:40:47.000000","2019-08-11 13:04:11.000000",2.0,6.14,1.0,N,234.0,112.0,1.0,22.0,0.0,0.5,5.06,0.0,0.3,30.36,2.5
1.0,"2019-08-11 12:38:41.000000","2019-08-11 12:57:10.000000",1.0,5.1,1.0,N,234.0,112.0,1.0,18.5,2.5,0.5,4.35,0.0,0.3,26.15,2.5
2.0,"2019-08-11 14:22:29.000000","2019-08-11 14:35:28.000000",1.0,3.59,1.0,N,234.0,112.0,1.0,12.5,0.0,0.5,4.38,6.12,0.3,26.3,2.5
2.0,"2019-08-11 17:32:04.000000","2019-08-11 17:48:50.000000",1.0,4.46,1.0,N,234.0,112.0,1.0,15.5,0.0,0.5,4.98,6.12,0.3,29.9,2.5
2.0,"2019-08-12 18:19:05.000000","2019-08-12 18:45:27.000000",2.0,5.2,1.0,N,234.0,112.0,1.0,21.0,1.0,0.5,5.06,0.0,0.3,30.36,2.5
1.0,"2019-08-12 22:31:17.000000","2019-08-12 22:47:30.000000",1.0,3.5,1.0,N,234.0,112.0,1.0,13.5,3.0,0.5,4.0,6.12,0.3,27.42,2.5
2.0,"2019-08-13 00:00:50.000000","2019-08-13 00:18:00.000000",1.0,4.31,1.0,N,234.0,112.0,1.0,15.5,0.5,0.5,5.08,6.12,0.3,30.5,2.5
2.0,"2019-08-13 00:22:43.000000","2019-08-13 00:38:10.000000",1.0,5.01,1.0,N,234.0,112.0,2.0,17.0,0.5,0.5,0.0,0.0,0.3,20.8,2.5
1.0,"2019-08-13 16:13:17.000000","2019-08-13 16:34:22.000000",1.0,4.0,1.0,N,234.0,112.0,2.0,16.5,3.5,0.5,0.0,6.12,0.3,26.92,2.5
2.0,"2019-08-13 18:52:10.000000","2019-08-13 19:08:23.000000",3.0,4.62,1.0,N,234.0,112.0,1.0,16.0,1.0,0.5,5.28,6.12,0.3,31.7,2.5
2.0,"2019-08-13 21:58:19.000000","2019-08-13 22:17:51.000000",2.0,5.58,1.0,N,234.0,112.0,1.0,19.5,0.5,0.5,4.66,0.0,0.3,27.96,2.5
2.0,"2019-08-13 22:41:18.000000","2019-08-13 23:06:11.000000",1.0,5.2,1.0,N,234.0,112.0,2.0,21.5,0.5,0.5,0.0,0.0,0.3,25.3,2.5
2.0,"2019-08-13 22:05:07.000000","2019-08-13 22:25:59.000000",1.0,5.15,1.0,N,234.0,112.0,1.0,19.0,0.5,0.5,4.56,0.0,0.3,27.36,2.5
2.0,"2019-08-13 22:27:16.000000","2019-08-13 22:44:50.000000",1.0,5.25,1.0,N,234.0,112.0,1.0,18.5,0.5,0.5,4.0,0.0,0.3,26.3,2.5
2.0,"2019-08-14 00:15:09.000000","2019-08-14 00:37:56.000000",1.0,6.83,1.0,N,234.0,112.0,1.0,22.5,0.5,0.5,5.26,0.0,0.3,31.56,2.5
2.0,"2019-08-14 13:02:13.000000","2019-08-14 13:41:00.000000",1.0,6.02,1.0,N,234.0,112.0,1.0,27.5,0.0,0.5,1.11,0.0,0.3,31.91,2.5
2.0,"2019-08-14 15:34:13.000000","2019-08-14 15:55:34.000000",1.0,3.87,1.0,N,234.0,112.0,2.0,16.0,0.0,0.5,0.0,6.12,0.3,25.42,2.5
2.0,"2019-08-14 20:48:32.000000","2019-08-14 21:11:14.000000",1.0,4.39,1.0,N,234.0,112.0,1.0,18.0,0.5,0.5,5.58,6.12,0.3,33.5,2.5
2.0,"2019-08-14 20:32:44.000000","2019-08-14 20:50:26.000000",1.0,5.5,1.0,N,234.0,112.0,1.0,18.5,0.5,0.5,5.68,6.12,0.3,34.1,2.5
2.0,"2019-08-14 20:15:28.000000","2019-08-14 20:30:56.000000",1.0,4.2,1.0,N,234.0,112.0,1.0,15.0,0.5,0.5,6.23,6.12,0.3,31.15,2.5
2.0,"2019-08-14 20:50:55.000000","2019-08-14 21:10:25.000000",1.0,4.32,1.0,N,234.0,112.0,1.0,16.5,0.5,0.5,6.6,6.12,0.3,33.02,2.5
2.0,"2019-08-14 22:52:42.000000","2019-08-14 23:10:36.000000",1.0,5.58,1.0,N,234.0,112.0,1.0,18.5,0.5,0.5,2.5,0.0,0.3,24.8,2.5
2.0,"2019-08-15 13:13:42.000000","2019-08-15 13:51:07.000000",1.0,6.52,1.0,N,234.0,112.0,1.0,27.5,0.0,0.5,5.0,0.0,0.3,35.8,2.5
2.0,"2019-08-15 16:19:31.000000","2019-08-15 16:47:23.000000",1.0,4.44,1.0,N,234.0,112.0,1.0,20.0,1.0,0.5,6.08,6.12,0.3,36.5,2.5
2.0,"2019-08-15 19:49:10.000000","2019-08-15 20:05:03.000000",2.0,3.59,1.0,N,234.0,112.0,1.0,14.5,1.0,0.5,4.98,6.12,0.3,29.9,2.5
1.0,"2019-08-15 21:33:48.000000","2019-08-15 21:57:58.000000",1.0,3.9,1.0,N,234.0,112.0,1.0,18.5,3.0,0.5,1.42,6.12,0.3,29.84,2.5
1.0,"2019-08-15 21:00:00.000000","2019-08-15 21:21:48.000000",2.0,4.6,1.0,N,234.0,112.0,1.0,18.0,3.0,0.5,5.55,6.12,0.3,33.47,2.5
2.0,"2019-08-15 22:12:28.000000","2019-08-15 22:38:43.000000",2.0,5.82,1.0,N,234.0,112.0,1.0,21.5,0.5,0.5,5.06,0.0,0.3,30.36,2.5
2.0,"2019-08-15 22:30:16.000000","2019-08-15 22:48:03.000000",1.0,3.96,1.0,N,234.0,112.0,1.0,15.5,0.5,0.5,5.08,6.12,0.3,30.5,2.5
2.0,"2019-08-16 16:16:27.000000","2019-08-16 16:39:47.000000",1.0,3.86,1.0,N,234.0,112.0,1.0,17.0,1.0,0.5,5.48,6.12,0.3,32.9,2.5
1.0,"2019-08-16 18:04:45.000000","2019-08-16 18:34:29.000000",1.0,5.5,1.0,N,234.0,112.0,1.0,23.0,3.5,0.5,6.8,0.0,0.3,34.1,2.5
1.0,"2019-08-16 20:11:29.000000","2019-08-16 20:27:08.000000",2.0,4.0,1.0,N,234.0,112.0,1.0,15.0,3.0,0.5,2.0,6.12,0.3,26.92,2.5
2.0,"2019-08-16 20:28:54.000000","2019-08-16 21:00:55.000000",1.0,6.28,1.0,N,234.0,112.0,1.0,25.5,0.5,0.5,7.32,0.0,0.3,36.62,2.5
2.0,"2019-08-16 21:37:56.000000","2019-08-16 22:00:04.000000",2.0,4.37,1.0,N,234.0,112.0,2.0,18.0,0.5,0.5,0.0,6.12,0.3,27.92,2.5
2.0,"2019-08-16 23:13:06.000000","2019-08-16 23:49:19.000000",2.0,5.98,1.0,N,234.0,112.0,1.0,26.0,0.5,0.5,5.96,0.0,0.3,35.76,2.5
1.0,"2019-08-16 23:09:12.000000","2019-08-16 23:25:03.000000",1.0,4.0,1.0,N,234.0,112.0,1.0,15.0,3.0,0.5,6.2,6.12,0.3,31.12,2.5
1.0,"2019-08-16 23:04:36.000000","2019-08-16 23:35:29.000000",2.0,5.5,1.0,N,234.0,112.0,1.0,24.0,3.0,0.5,8.3,0.0,0.3,36.1,2.5
2.0,"2019-08-17 00:39:12.000000","2019-08-17 01:07:35.000000",1.0,5.44,1.0,N,234.0,112.0,2.0,21.5,0.5,0.5,0.0,0.0,0.3,25.3,2.5
2.0,"2019-08-17 00:32:16.000000","2019-08-17 00:52:52.000000",1.0,5.42,1.0,N,234.0,112.0,1.0,19.0,0.5,0.5,5.7,0.0,0.3,28.5,2.5
2.0,"2019-08-17 00:52:39.000000","2019-08-17 01:14:45.000000",3.0,4.69,1.0,N,234.0,112.0,1.0,19.5,0.5,0.5,4.66,0.0,0.3,27.96,2.5
1.0,"2019-08-17 00:20:18.000000","2019-08-17 00:35:47.000000",1.0,3.4,1.0,N,234.0,112.0,1.0,14.0,3.0,0.5,1.0,6.12,0.3,24.92,2.5
1.0,"2019-08-17 01:01:02.000000","2019-08-17 01:30:35.000000",1.0,5.5,1.0,N,234.0,112.0,1.0,24.0,3.0,0.5,4.17,0.0,0.3,31.97,2.5
1.0,"2019-08-17 02:09:26.000000","2019-08-17 02:26:50.000000",1.0,4.3,1.0,N,234.0,112.0,1.0,16.0,3.0,0.5,2.0,6.12,0.3,27.92,2.5
2.0,"2019-08-17 16:33:13.000000","2019-08-17 17:00:39.000000",2.0,5.14,1.0,N,234.0,112.0,1.0,21.0,0.0,0.5,4.86,0.0,0.3,29.16,2.5
1.0,"2019-08-17 16:34:33.000000","2019-08-17 16:58:02.000000",1.0,4.5,1.0,N,234.0,112.0,1.0,19.0,2.5,0.5,2.58,6.12,0.3,31.0,2.5
1.0,"2019-08-17 17:34:52.000000","2019-08-17 17:53:33.000000",1.0,4.3,1.0,N,234.0,112.0,1.0,16.5,2.5,0.5,5.15,6.12,0.3,31.07,2.5
2.0,"2019-08-17 18:52:48.000000","2019-08-17 19:29:03.000000",1.0,6.25,1.0,N,234.0,112.0,1.0,26.0,0.0,0.5,5.86,0.0,0.3,35.16,2.5
2.0,"2019-08-18 00:52:31.000000","2019-08-18 01:11:56.000000",1.0,4.36,1.0,N,234.0,112.0,2.0,16.5,0.5,0.5,0.0,6.12,0.3,26.42,2.5
1.0,"2019-08-18 04:34:50.000000","2019-08-18 04:53:08.000000",1.0,4.7,1.0,N,234.0,112.0,1.0,17.0,3.0,0.5,2.0,0.0,0.3,22.8,2.5
2.0,"2019-08-18 14:44:39.000000","2019-08-18 15:06:17.000000",1.0,5.37,1.0,N,234.0,112.0,1.0,19.0,0.0,0.5,4.46,0.0,0.3,26.76,2.5
1.0,"2019-08-18 15:42:31.000000","2019-08-18 16:05:06.000000",2.0,5.0,1.0,N,234.0,112.0,1.0,20.0,2.5,0.5,4.65,0.0,0.3,27.95,2.5
1.0,"2019-08-18 18:09:26.000000","2019-08-18 18:40:50.000000",1.0,5.8,1.0,N,234.0,112.0,1.0,23.5,2.5,0.5,4.02,0.0,0.3,30.82,2.5
2.0,"2019-08-18 18:46:11.000000","2019-08-18 19:11:38.000000",4.0,5.41,1.0,N,234.0,112.0,1.0,20.5,0.0,0.5,5.95,0.0,0.3,29.75,2.5
2.0,"2019-08-19 16:06:05.000000","2019-08-19 16:33:11.000000",1.0,4.97,1.0,N,234.0,112.0,1.0,20.5,1.0,0.5,7.64,5.76,0.3,38.2,2.5
1.0,"2019-08-19 17:08:59.000000","2019-08-19 17:33:01.000000",1.0,3.8,1.0,N,234.0,112.0,1.0,17.5,3.5,0.5,4.5,6.12,0.3,32.42,2.5
2.0,"2019-08-19 18:11:36.000000","2019-08-19 18:28:54.000000",1.0,3.87,1.0,N,234.0,112.0,1.0,15.0,1.0,0.5,3.86,0.0,0.3,23.16,2.5
2.0,"2019-08-19 18:25:52.000000","2019-08-19 18:41:00.000000",1.0,3.81,1.0,N,234.0,112.0,1.0,14.5,3.5,0.5,4.98,6.12,0.3,29.9,0.0
2.0,"2019-08-19 19:46:53.000000","2019-08-19 20:00:32.000000",1.0,3.56,1.0,N,234.0,112.0,1.0,13.5,1.0,0.5,4.78,6.12,0.3,28.7,2.5
1.0,"2019-08-19 20:41:58.000000","2019-08-19 20:54:21.000000",1.0,3.1,1.0,N,234.0,112.0,1.0,12.5,3.0,0.5,4.45,6.12,0.3,26.87,2.5
2.0,"2019-08-19 20:25:23.000000","2019-08-19 20:42:46.000000",1.0,4.35,1.0,N,234.0,112.0,1.0,16.0,0.5,0.5,5.18,6.12,0.3,31.1,2.5
2.0,"2019-08-19 22:36:32.000000","2019-08-19 22:54:55.000000",1.0,3.95,1.0,N,234.0,112.0,1.0,16.0,0.5,0.5,5.18,6.12,0.3,31.1,2.5
2.0,"2019-08-19 23:23:04.000000","2019-08-19 23:40:52.000000",1.0,5.41,1.0,N,234.0,112.0,2.0,18.5,0.5,0.5,0.0,0.0,0.3,22.3,2.5
2.0,"2019-08-20 00:08:09.000000","2019-08-20 00:17:35.000000",3.0,3.52,1.0,N,234.0,112.0,2.0,11.5,0.5,0.5,0.0,6.12,0.3,21.42,2.5
1.0,"2019-08-20 01:47:30.000000","2019-08-20 02:05:25.000000",2.0,5.7,1.0,N,234.0,112.0,1.0,19.5,3.0,0.5,4.65,0.0,0.3,27.95,2.5
2.0,"2019-08-20 02:25:27.000000","2019-08-20 02:38:13.000000",5.0,5.16,1.0,N,234.0,112.0,2.0,17.0,0.5,0.5,0.0,0.0,0.3,20.8,2.5
1.0,"2019-08-20 10:35:11.000000","2019-08-20 10:51:06.000000",2.0,3.7,1.0,N,234.0,112.0,1.0,14.5,2.5,0.5,4.75,6.12,0.3,28.67,2.5
2.0,"2019-08-20 13:20:18.000000","2019-08-20 13:36:51.000000",1.0,3.69,1.0,N,234.0,112.0,1.0,15.0,0.0,0.5,6.1,6.12,0.3,30.52,2.5
1.0,"2019-08-20 13:17:53.000000","2019-08-20 13:58:26.000000",1.0,5.3,1.0,N,234.0,112.0,1.0,27.0,0.0,0.5,0.0,0.0,0.3,27.8,0.0
1.0,"2019-08-20 17:37:01.000000","2019-08-20 18:06:19.000000",1.0,4.5,1.0,N,234.0,112.0,1.0,21.0,3.5,0.5,6.25,6.12,0.3,37.67,2.5
1.0,"2019-08-20 18:32:39.000000","2019-08-20 19:03:50.000000",1.0,5.8,1.0,N,234.0,112.0,1.0,23.5,3.5,0.5,5.55,0.0,0.3,33.35,2.5
2.0,"2019-08-20 18:49:37.000000","2019-08-20 19:10:07.000000",1.0,4.72,1.0,N,234.0,112.0,1.0,17.5,1.0,0.5,6.98,6.12,0.3,34.9,2.5
2.0,"2019-08-20 19:54:21.000000","2019-08-20 20:18:02.000000",1.0,4.86,1.0,N,234.0,112.0,1.0,19.0,1.0,0.5,5.88,6.12,0.3,35.3,2.5
1.0,"2019-08-20 21:46:53.000000","2019-08-20 22:01:22.000000",1.0,5.4,1.0,N,234.0,112.0,1.0,17.5,3.0,0.5,1.0,6.12,0.3,28.42,2.5
2.0,"2019-08-20 21:08:04.000000","2019-08-20 21:29:10.000000",1.0,4.39,1.0,N,234.0,112.0,1.0,17.5,0.5,0.5,5.48,6.12,0.3,32.9,2.5
1.0,"2019-08-20 21:25:42.000000","2019-08-20 21:48:00.000000",1.0,5.6,1.0,N,234.0,112.0,2.0,20.5,3.0,0.5,0.0,0.0,0.3,24.3,2.5
1.0,"2019-08-20 22:44:20.000000","2019-08-20 23:07:22.000000",2.0,6.0,1.0,N,234.0,112.0,2.0,21.0,3.0,0.5,0.0,0.0,0.3,24.8,2.5
2.0,"2019-08-21 14:27:34.000000","2019-08-21 14:54:51.000000",2.0,5.5,1.0,N,234.0,112.0,1.0,21.5,0.0,0.5,6.2,0.0,0.3,31.0,2.5
2.0,"2019-08-21 18:02:57.000000","2019-08-21 18:23:49.000000",1.0,4.18,1.0,N,234.0,112.0,1.0,16.5,1.0,0.5,5.38,6.12,0.3,32.3,2.5
2.0,"2019-08-21 19:18:04.000000","2019-08-21 19:43:16.000000",2.0,5.44,1.0,N,234.0,112.0,1.0,21.0,1.0,0.5,3.8,0.0,0.3,29.1,2.5
2.0,"2019-08-21 19:28:25.000000","2019-08-21 19:46:56.000000",1.0,4.74,1.0,N,234.0,112.0,1.0,17.5,1.0,0.5,6.54,0.0,0.3,28.34,2.5
1.0,"2019-08-21 20:14:02.000000","2019-08-21 20:29:14.000000",1.0,3.5,1.0,N,234.0,112.0,1.0,13.5,3.0,0.5,4.65,6.1,0.3,28.05,2.5
2.0,"2019-08-21 20:03:06.000000","2019-08-21 20:26:51.000000",2.0,6.23,1.0,N,234.0,112.0,2.0,22.5,0.5,0.5,0.0,0.0,0.3,26.3,2.5
2.0,"2019-08-21 21:09:07.000000","2019-08-21 21:33:29.000000",2.0,6.12,1.0,N,234.0,112.0,1.0,21.0,3.0,0.5,6.18,6.12,0.3,37.1,0.0
1.0,"2019-08-21 22:53:48.000000","2019-08-21 23:13:49.000000",1.0,4.3,1.0,N,234.0,112.0,2.0,17.5,3.0,0.5,0.0,6.12,0.3,27.42,2.5
2.0,"2019-08-21 22:29:03.000000","2019-08-21 22:57:22.000000",1.0,5.26,1.0,N,234.0,112.0,1.0,21.5,0.5,0.5,5.06,0.0,0.3,30.36,2.5
2.0,"2019-08-21 22:44:18.000000","2019-08-21 23:07:19.000000",1.0,5.38,1.0,N,234.0,112.0,1.0,20.0,0.5,0.5,4.76,0.0,0.3,28.56,2.5
2.0,"2019-08-22 06:35:52.000000","2019-08-22 07:00:30.000000",2.0,4.98,1.0,N,234.0,112.0,2.0,20.5,0.0,0.5,0.0,0.0,0.3,23.8,2.5
1.0,"2019-08-22 16:18:34.000000","2019-08-22 17:03:11.000000",3.0,5.7,1.0,N,234.0,112.0,1.0,29.0,3.5,0.5,6.65,0.0,0.3,39.95,2.5
1.0,"2019-08-22 16:21:57.000000","2019-08-22 16:57:56.000000",1.0,4.3,1.0,N,234.0,112.0,1.0,23.5,3.5,0.5,6.95,0.0,0.3,34.75,2.5
1.0,"2019-08-22 17:28:20.000000","2019-08-22 18:06:57.000000",1.0,6.3,1.0,N,234.0,112.0,1.0,27.0,3.5,0.5,6.26,0.0,0.3,37.56,2.5
2.0,"2019-08-22 17:43:05.000000","2019-08-22 18:10:21.000000",2.0,4.16,1.0,N,234.0,112.0,1.0,19.5,1.0,0.5,5.98,6.12,0.3,35.9,2.5
2.0,"2019-08-22 18:44:32.000000","2019-08-22 18:59:49.000000",1.0,3.59,1.0,N,234.0,112.0,1.0,13.5,1.0,0.5,4.78,6.12,0.3,28.7,2.5
2.0,"2019-08-22 20:51:01.000000","2019-08-22 21:26:34.000000",1.0,5.92,1.0,N,234.0,112.0,1.0,25.5,0.5,0.5,1.0,0.0,0.3,30.3,2.5
1.0,"2019-08-22 21:49:47.000000","2019-08-22 22:07:29.000000",1.0,3.8,1.0,N,234.0,112.0,1.0,14.5,3.0,0.5,4.85,6.12,0.3,29.27,2.5
2.0,"2019-08-22 21:26:40.000000","2019-08-22 21:48:37.000000",1.0,4.24,1.0,N,234.0,112.0,1.0,17.0,0.5,0.5,4.04,6.12,0.3,30.96,2.5
2.0,"2019-08-22 21:46:16.000000","2019-08-22 22:08:56.000000",5.0,4.7,1.0,N,234.0,112.0,1.0,17.5,0.5,0.5,6.86,6.12,0.3,34.28,2.5
2.0,"2019-08-22 21:55:14.000000","2019-08-22 22:23:00.000000",6.0,5.67,1.0,N,234.0,112.0,1.0,22.0,0.5,0.5,5.16,0.0,0.3,30.96,2.5
2.0,"2019-08-22 22:38:58.000000","2019-08-22 23:17:37.000000",1.0,5.64,1.0,N,234.0,112.0,1.0,27.5,0.5,0.5,6.0,0.0,0.3,37.3,2.5
2.0,"2019-08-22 22:56:18.000000","2019-08-22 23:24:36.000000",1.0,5.78,1.0,N,234.0,112.0,1.0,23.5,0.5,0.5,3.0,0.0,0.3,30.3,2.5
2.0,"2019-08-22 23:00:37.000000","2019-08-22 23:35:30.000000",1.0,6.03,1.0,N,234.0,112.0,1.0,27.5,0.5,0.5,2.0,0.0,0.3,33.3,2.5
2.0,"2019-08-22 23:54:58.000000","2019-08-23 00:09:40.000000",1.0,3.91,1.0,N,234.0,112.0,1.0,13.5,0.5,0.5,7.03,6.12,0.3,30.45,2.5
2.0,"2019-08-23 00:26:17.000000","2019-08-23 00:42:17.000000",3.0,4.05,1.0,N,234.0,112.0,1.0,14.5,0.5,0.5,6.1,6.12,0.3,30.52,2.5
2.0,"2019-08-23 15:09:45.000000","2019-08-23 15:39:19.000000",1.0,5.07,1.0,N,234.0,112.0,2.0,22.0,0.0,0.5,0.0,0.0,0.3,25.3,2.5
1.0,"2019-08-23 21:34:37.000000","2019-08-23 21:59:20.000000",1.0,5.3,1.0,N,234.0,112.0,1.0,20.0,3.0,0.5,5.95,0.0,0.3,29.75,2.5
2.0,"2019-08-23 21:14:41.000000","2019-08-23 21:34:06.000000",3.0,4.06,1.0,N,234.0,112.0,1.0,16.0,0.5,0.5,1.0,6.12,0.3,26.92,2.5
2.0,"2019-08-23 22:03:53.000000","2019-08-23 22:24:32.000000",3.0,4.37,1.0,N,234.0,112.0,1.0,17.5,0.5,0.5,5.48,6.12,0.3,32.9,2.5
2.0,"2019-08-24 14:13:06.000000","2019-08-24 14:33:57.000000",3.0,3.93,1.0,N,234.0,112.0,1.0,16.0,0.0,0.5,5.08,6.12,0.3,30.5,2.5
1.0,"2019-08-24 15:53:17.000000","2019-08-24 16:54:16.000000",1.0,6.2,1.0,N,234.0,112.0,1.0,31.5,2.5,0.5,5.0,0.0,0.3,39.8,2.5
1.0,"2019-08-25 00:43:01.000000","2019-08-25 01:03:24.000000",1.0,4.5,1.0,N,234.0,112.0,2.0,17.5,3.0,0.5,0.0,6.12,0.3,27.42,2.5
2.0,"2019-08-25 00:58:35.000000","2019-08-25 01:20:18.000000",2.0,5.49,1.0,N,234.0,112.0,1.0,19.5,0.5,0.5,6.99,0.0,0.3,30.29,2.5
1.0,"2019-08-25 02:40:38.000000","2019-08-25 03:00:03.000000",2.0,5.4,1.0,N,234.0,112.0,1.0,19.5,3.0,0.5,4.66,0.0,0.3,27.96,2.5
1.0,"2019-08-25 03:34:31.000000","2019-08-25 03:49:53.000000",1.0,5.1,1.0,N,234.0,112.0,1.0,17.0,3.0,0.5,6.2,0.0,0.3,27.0,2.5
1.0,"2019-08-25 04:50:28.000000","2019-08-25 05:09:51.000000",1.0,5.4,1.0,N,234.0,112.0,1.0,19.5,3.0,0.5,4.65,0.0,0.3,27.95,2.5
2.0,"2019-08-25 17:16:33.000000","2019-08-25 17:48:26.000000",1.0,5.59,1.0,N,234.0,112.0,1.0,24.0,0.0,0.5,3.0,0.0,0.3,30.3,2.5
2.0,"2019-08-25 18:51:40.000000","2019-08-25 19:19:23.000000",1.0,5.38,1.0,N,234.0,112.0,1.0,22.0,0.0,0.5,5.06,0.0,0.3,30.36,2.5
1.0,"2019-08-25 19:02:35.000000","2019-08-25 19:33:06.000000",1.0,5.4,1.0,N,234.0,112.0,1.0,22.5,2.5,0.5,5.15,0.0,0.3,30.95,2.5
1.0,"2019-08-25 19:19:44.000000","2019-08-25 19:41:01.000000",1.0,5.0,1.0,N,234.0,112.0,2.0,18.0,2.5,0.5,0.0,6.12,0.3,27.42,2.5
1.0,"2019-08-26 01:35:25.000000","2019-08-26 01:53:12.000000",1.0,6.4,1.0,N,234.0,112.0,1.0,20.5,3.0,0.5,4.85,0.0,0.3,29.15,2.5
1.0,"2019-08-26 14:15:37.000000","2019-08-26 14:38:29.000000",1.0,4.3,1.0,N,234.0,112.0,1.0,18.0,2.5,0.5,5.45,6.12,0.3,32.87,2.5
1.0,"2019-08-26 14:02:35.000000","2019-08-26 14:41:38.000000",2.0,4.9,1.0,N,234.0,112.0,1.0,25.5,2.5,0.5,6.95,6.12,0.3,41.87,2.5
2.0,"2019-08-26 18:24:56.000000","2019-08-26 18:44:22.000000",1.0,4.65,1.0,N,234.0,112.0,1.0,17.0,1.0,0.5,5.48,6.12,0.3,32.9,2.5
1.0,"2019-08-26 19:23:49.000000","2019-08-26 19:35:54.000000",1.0,3.2,1.0,N,234.0,112.0,1.0,12.5,3.5,0.5,4.55,6.12,0.3,27.47,2.5
1.0,"2019-08-26 19:27:05.000000","2019-08-26 19:49:20.000000",1.0,5.5,1.0,N,234.0,112.0,1.0,20.0,3.5,0.5,4.85,0.0,0.3,29.15,2.5
2.0,"2019-08-26 21:34:17.000000","2019-08-26 21:53:37.000000",2.0,5.38,1.0,N,234.0,112.0,1.0,19.0,0.5,0.5,5.7,0.0,0.3,28.5,2.5
1.0,"2019-08-26 22:45:23.000000","2019-08-26 23:05:32.000000",1.0,5.9,1.0,N,234.0,112.0,1.0,20.0,3.0,0.5,3.0,0.0,0.3,26.8,2.5
2.0,"2019-08-26 23:35:56.000000","2019-08-26 23:49:02.000000",1.0,3.87,1.0,N,234.0,112.0,1.0,13.5,0.5,0.5,4.68,6.12,0.3,28.1,2.5
1.0,"2019-08-26 23:36:12.000000","2019-08-26 23:58:55.000000",1.0,6.4,1.0,N,234.0,112.0,1.0,22.5,3.0,0.5,5.26,0.0,0.3,31.56,2.5
1.0,"2019-08-27 15:18:44.000000","2019-08-27 15:47:43.000000",1.0,5.2,1.0,N,234.0,112.0,1.0,22.0,2.5,0.5,5.05,0.0,0.3,30.35,2.5
1.0,"2019-08-27 16:33:41.000000","2019-08-27 16:58:19.000000",1.0,3.8,1.0,N,234.0,112.0,1.0,18.0,3.5,0.5,5.0,6.12,0.3,33.42,2.5
1.0,"2019-08-27 17:53:47.000000","2019-08-27 18:29:08.000000",1.0,5.9,1.0,N,234.0,112.0,1.0,25.5,3.5,0.5,5.95,0.0,0.3,35.75,2.5
1.0,"2019-08-27 20:43:50.000000","2019-08-27 21:02:56.000000",1.0,4.7,1.0,N,234.0,112.0,2.0,17.0,3.0,0.5,0.0,6.12,0.3,26.92,2.5
1.0,"2019-08-27 20:59:37.000000","2019-08-27 21:19:28.000000",1.0,5.2,1.0,N,234.0,112.0,1.0,18.5,3.0,0.5,2.0,0.0,0.3,24.3,2.5
2.0,"2019-08-27 21:57:20.000000","2019-08-27 22:16:02.000000",1.0,4.04,1.0,N,234.0,112.0,1.0,16.0,0.5,0.5,2.59,6.12,0.3,28.51,2.5
2.0,"2019-08-27 22:27:40.000000","2019-08-27 22:49:23.000000",1.0,5.98,1.0,N,234.0,112.0,1.0,20.0,0.5,0.5,4.76,0.0,0.3,28.56,2.5
2.0,"2019-08-27 22:03:44.000000","2019-08-27 22:27:36.000000",2.0,6.15,1.0,N,234.0,112.0,1.0,21.5,0.5,0.5,5.06,0.0,0.3,30.36,2.5
1.0,"2019-08-27 23:39:25.000000","2019-08-28 00:06:37.000000",2.0,6.2,1.0,N,234.0,112.0,1.0,23.0,3.0,0.5,5.35,0.0,0.3,32.15,2.5
1.0,"2019-08-28 01:37:49.000000","2019-08-28 01:54:29.000000",1.0,5.2,1.0,N,234.0,112.0,1.0,18.0,3.0,0.5,5.45,0.0,0.3,27.25,2.5
2.0,"2019-08-28 14:57:05.000000","2019-08-28 15:30:54.000000",1.0,5.57,1.0,N,234.0,112.0,2.0,24.5,0.0,0.5,0.0,0.0,0.3,27.8,2.5
2.0,"2019-08-28 16:53:10.000000","2019-08-28 17:21:06.000000",1.0,4.11,1.0,N,234.0,112.0,2.0,19.5,1.0,0.5,0.0,0.0,0.3,23.8,2.5
1.0,"2019-08-28 19:17:58.000000","2019-08-28 19:41:20.000000",1.0,4.2,1.0,N,234.0,112.0,1.0,18.0,3.5,0.5,5.65,6.12,0.3,34.07,2.5
2.0,"2019-08-28 20:54:42.000000","2019-08-28 21:09:43.000000",1.0,3.73,1.0,N,234.0,112.0,1.0,14.0,0.5,0.5,4.78,6.12,0.3,28.7,2.5
2.0,"2019-08-28 20:02:26.000000","2019-08-28 20:29:39.000000",1.0,5.33,1.0,N,234.0,112.0,2.0,21.0,0.5,0.5,0.0,0.0,0.3,24.8,2.5
2.0,"2019-08-28 22:08:53.000000","2019-08-28 22:23:23.000000",1.0,3.73,1.0,N,234.0,112.0,1.0,13.5,0.5,0.5,7.03,6.12,0.3,30.45,2.5
1.0,"2019-08-28 22:03:15.000000","2019-08-28 22:23:47.000000",1.0,4.5,1.0,N,234.0,112.0,1.0,17.0,3.0,0.5,5.35,6.12,0.3,32.27,2.5
2.0,"2019-08-28 22:01:14.000000","2019-08-28 22:21:31.000000",1.0,4.5,1.0,N,234.0,112.0,1.0,17.5,0.5,0.5,5.48,6.12,0.3,32.9,2.5
2.0,"2019-08-28 22:15:05.000000","2019-08-28 22:30:52.000000",1.0,4.14,1.0,N,234.0,112.0,1.0,15.0,0.5,0.5,6.23,6.12,0.3,31.15,2.5
2.0,"2019-08-29 01:07:23.000000","2019-08-29 01:21:54.000000",1.0,3.77,1.0,N,234.0,112.0,1.0,14.0,0.5,0.5,4.0,6.12,0.3,27.92,2.5
1.0,"2019-08-29 11:33:00.000000","2019-08-29 11:53:27.000000",1.0,4.0,1.0,N,234.0,112.0,1.0,16.5,2.5,0.5,5.15,6.12,0.3,31.07,2.5
1.0,"2019-08-29 14:16:40.000000","2019-08-29 14:33:27.000000",1.0,3.7,1.0,N,234.0,112.0,1.0,15.0,2.5,0.5,3.0,6.12,0.3,27.42,2.5
1.0,"2019-08-29 18:33:09.000000","2019-08-29 18:56:06.000000",1.0,4.1,1.0,N,234.0,112.0,1.0,18.0,3.5,0.5,5.65,6.12,0.3,34.07,2.5
1.0,"2019-08-29 19:40:06.000000","2019-08-29 20:01:19.000000",1.0,3.8,1.0,N,234.0,112.0,1.0,16.5,3.5,0.5,5.35,6.12,0.3,32.27,2.5
2.0,"2019-08-29 21:25:25.000000","2019-08-29 21:45:50.000000",1.0,5.48,1.0,N,234.0,112.0,1.0,19.5,0.5,0.5,3.5,0.0,0.3,26.8,2.5
2.0,"2019-08-29 21:04:20.000000","2019-08-29 21:19:57.000000",2.0,4.06,1.0,N,234.0,112.0,1.0,15.0,0.5,0.5,4.98,6.12,0.3,29.9,2.5
2.0,"2019-08-29 21:02:58.000000","2019-08-29 21:32:55.000000",1.0,5.64,1.0,N,234.0,112.0,1.0,22.5,0.5,0.5,5.0,0.0,0.3,31.3,2.5
2.0,"2019-08-29 22:07:53.000000","2019-08-29 22:27:09.000000",1.0,4.14,1.0,N,234.0,112.0,1.0,16.5,0.5,0.5,6.6,6.12,0.3,33.02,2.5
2.0,"2019-08-29 23:59:30.000000","2019-08-30 00:17:16.000000",1.0,5.44,1.0,N,234.0,112.0,1.0,18.5,0.5,0.5,6.0,0.0,0.3,28.3,2.5
1.0,"2019-08-30 03:12:33.000000","2019-08-30 03:29:10.000000",1.0,5.0,1.0,N,234.0,112.0,1.0,18.0,3.0,0.5,4.35,0.0,0.3,26.15,2.5
2.0,"2019-08-30 18:00:00.000000","2019-08-30 18:13:42.000000",4.0,3.73,1.0,N,234.0,112.0,1.0,13.5,1.0,0.5,4.78,6.12,0.3,28.7,2.5
1.0,"2019-08-30 19:15:24.000000","2019-08-30 19:43:03.000000",1.0,4.7,1.0,N,234.0,112.0,1.0,20.5,3.5,0.5,4.95,0.0,0.3,29.75,2.5
2.0,"2019-08-30 19:44:02.000000","2019-08-30 20:14:36.000000",1.0,5.39,1.0,N,234.0,112.0,1.0,23.0,1.0,0.5,4.1,0.0,0.3,31.4,2.5
2.0,"2019-08-30 19:52:39.000000","2019-08-30 20:24:14.000000",1.0,8.53,1.0,N,234.0,112.0,1.0,29.0,1.0,0.5,6.66,0.0,0.3,39.96,2.5
2.0,"2019-08-30 19:20:07.000000","2019-08-30 19:44:56.000000",1.0,5.06,1.0,N,234.0,112.0,1.0,20.0,1.0,0.5,6.08,6.12,0.3,36.5,2.5
2.0,"2019-08-30 22:46:32.000000","2019-08-30 23:09:46.000000",1.0,5.54,1.0,N,234.0,112.0,1.0,20.5,0.5,0.5,3.0,0.0,0.3,27.3,2.5
1.0,"2019-08-30 23:44:23.000000","2019-08-31 00:01:31.000000",4.0,4.6,1.0,N,234.0,112.0,1.0,16.0,3.0,0.5,5.15,6.12,0.3,31.07,2.5
2.0,"2019-08-31 01:10:13.000000","2019-08-31 01:27:25.000000",1.0,5.03,1.0,N,234.0,112.0,1.0,18.0,0.5,0.5,4.36,0.0,0.3,26.16,2.5
1.0,"2019-08-31 02:36:45.000000","2019-08-31 02:50:07.000000",1.0,4.4,1.0,N,234.0,112.0,2.0,15.0,3.0,0.5,0.0,6.12,0.3,24.92,2.5
2.0,"2019-08-31 20:59:24.000000","2019-08-31 21:19:30.000000",1.0,4.16,1.0,N,234.0,112.0,1.0,16.5,0.5,0.5,7.93,6.12,0.3,34.35,2.5
2.0,"2019-08-31 23:12:06.000000","2019-08-31 23:26:50.000000",5.0,4.31,1.0,N,234.0,112.0,1.0,14.5,0.5,0.5,4.88,6.12,0.3,29.3,2.5
,"2019-08-31 09:43:00.000000","2019-08-31 10:04:00.000000",,4.35,,,234.0,112.0,,22.83,2.75,0.5,0.0,6.12,0.3,32.5,0.0
,"2019-08-30 19:53:00.000000","2019-08-30 20:14:00.000000",,4.16,,,234.0,112.0,,22.83,2.75,0.5,0.0,6.12,0.3,32.5,0.0
