1.0,"2019-08-01 17:44:20.000000","2019-08-01 18:33:05.000000",1.0,7.8,1.0,N,234.0,116.0,1.0,33.5,3.5,0.5,0.0,0.0,0.3,37.8,2.5
1.0,"2019-08-01 18:07:37.000000","2019-08-01 18:54:20.000000",1.0,0.0,1.0,N,234.0,116.0,1.0,26.2,0.0,0.5,0.0,0.0,0.3,27.0,0.0
1.0,"2019-08-01 22:01:17.000000","2019-08-01 22:29:01.000000",1.0,7.5,1.0,N,234.0,116.0,1.0,26.0,3.0,0.5,5.95,0.0,0.3,35.75,2.5
1.0,"2019-08-02 03:35:07.000000","2019-08-02 03:57:30.000000",1.0,7.2,1.0,N,234.0,116.0,2.0,22.5,3.0,0.5,0.0,0.0,0.3,26.3,2.5
2.0,"2019-08-02 15:55:49.000000","2019-08-02 17:15:09.000000",1.0,8.44,1.0,N,234.0,116.0,1.0,45.5,0.0,0.5,5.0,0.0,0.3,53.8,2.5
2.0,"2019-08-02 21:26:24.000000","2019-08-02 21:51:38.000000",1.0,9.73,1.0,N,234.0,116.0,1.0,30.0,0.5,0.5,8.45,0.0,0.3,42.25,2.5
2.0,"2019-08-02 23:47:34.000000","2019-08-03 00:18:33.000000",3.0,8.47,1.0,N,234.0,116.0,1.0,29.0,0.5,0.5,6.56,0.0,0.3,39.36,2.5
1.0,"2019-08-03 05:41:53.000000","2019-08-03 06:05:52.000000",0.0,8.6,1.0,N,234.0,116.0,2.0,27.0,3.0,0.5,0.0,0.0,0.3,30.8,2.5
1.0,"2019-08-03 14:48:27.000000","2019-08-03 15:21:18.000000",1.0,7.4,1.0,N,234.0,116.0,2.0,28.0,2.5,0.5,0.0,0.0,0.3,31.3,2.5
2.0,"2019-08-03 20:04:30.000000","2019-08-03 20:37:32.000000",2.0,7.76,1.0,N,234.0,116.0,1.0,29.0,0.5,0.5,6.56,0.0,0.3,39.36,2.5
2.0,"2019-08-03 21:32:26.000000","2019-08-03 22:07:56.000000",1.0,8.95,1.0,N,234.0,116.0,2.0,32.5,0.5,0.5,0.0,0.0,0.3,36.3,2.5
1.0,"2019-08-03 22:09:00.000000","2019-08-03 22:32:45.000000",1.0,7.5,1.0,N,234.0,116.0,1.0,24.5,3.0,0.5,5.65,0.0,0.3,33.95,2.5
1.0,"2019-08-04 00:06:36.000000","2019-08-04 00:46:26.000000",2.0,7.1,1.0,N,234.0,116.0,1.0,29.5,3.0,0.5,6.65,0.0,0.3,39.95,2.5
2.0,"2019-08-04 00:23:30.000000","2019-08-04 00:57:39.000000",1.0,9.26,1.0,N,234.0,116.0,2.0,31.5,0.5,0.5,0.0,0.0,0.3,35.3,2.5
2.0,"2019-08-03 22:02:08.000000","2019-08-04 21:55:01.000000",1.0,8.13,1.0,N,234.0,116.0,1.0,32.5,0.5,0.5,0.0,0.0,0.3,36.3,2.5
1.0,"2019-08-04 01:03:26.000000","2019-08-04 01:29:40.000000",1.0,9.4,1.0,N,234.0,116.0,2.0,29.5,3.0,0.5,0.0,0.0,0.3,33.3,2.5
2.0,"2019-08-04 01:08:55.000000","2019-08-04 01:36:44.000000",1.0,8.2,1.0,N,234.0,116.0,1.0,27.5,0.5,0.5,5.0,0.0,0.3,36.3,2.5
1.0,"2019-08-04 02:41:00.000000","2019-08-04 03:06:47.000000",2.0,7.6,1.0,N,234.0,116.0,1.0,26.0,3.0,0.5,1.0,0.0,0.3,30.8,2.5
2.0,"2019-08-04 04:09:18.000000","2019-08-04 04:39:16.000000",1.0,9.54,1.0,N,234.0,116.0,1.0,29.0,0.5,0.5,9.84,0.0,0.3,42.64,2.5
2.0,"2019-08-04 18:40:19.000000","2019-08-04 19:03:15.000000",2.0,7.8,1.0,N,234.0,116.0,1.0,25.0,0.0,0.5,5.66,0.0,0.3,33.96,2.5
1.0,"2019-08-04 20:24:25.000000","2019-08-04 20:47:23.000000",3.0,8.0,1.0,N,234.0,116.0,1.0,25.0,3.0,0.5,2.88,0.0,0.3,31.68,2.5
1.0,"2019-08-04 22:40:46.000000","2019-08-04 23:10:49.000000",3.0,9.1,1.0,N,234.0,116.0,1.0,31.0,3.0,0.5,2.0,0.0,0.3,36.8,2.5
1.0,"2019-08-04 22:24:40.000000","2019-08-04 22:47:50.000000",2.0,7.7,1.0,N,234.0,116.0,1.0,25.0,3.0,0.0,3.0,0.0,0.3,31.3,2.5
2.0,"2019-08-04 23:19:03.000000","2019-08-04 23:56:59.000000",1.0,10.81,1.0,N,234.0,116.0,1.0,35.5,0.5,0.5,7.86,0.0,0.3,47.16,2.5
2.0,"2019-08-05 00:20:50.000000","2019-08-05 00:40:58.000000",1.0,7.14,1.0,N,234.0,116.0,2.0,21.0,0.5,0.5,0.0,0.0,0.3,24.8,2.5
2.0,"2019-08-05 02:19:05.000000","2019-08-05 02:40:52.000000",1.0,7.35,1.0,N,234.0,116.0,1.0,24.5,0.5,0.5,0.0,0.0,0.3,28.3,2.5
2.0,"2019-08-05 15:52:22.000000","2019-08-05 16:22:41.000000",2.0,7.28,1.0,N,234.0,116.0,1.0,26.0,0.0,0.5,7.0,0.0,0.3,36.3,2.5
2.0,"2019-08-05 17:32:07.000000","2019-08-05 18:14:24.000000",1.0,7.15,1.0,N,234.0,116.0,1.0,29.5,1.0,0.5,4.0,0.0,0.3,37.8,2.5
1.0,"2019-08-05 20:27:17.000000","2019-08-05 20:50:41.000000",1.0,7.5,1.0,N,234.0,116.0,1.0,25.0,3.0,0.5,5.75,0.0,0.3,34.55,2.5
2.0,"2019-08-05 21:09:51.000000","2019-08-05 21:38:37.000000",6.0,7.65,1.0,N,234.0,116.0,1.0,27.0,0.5,0.5,6.16,0.0,0.3,36.96,2.5
2.0,"2019-08-06 00:25:48.000000","2019-08-06 00:51:17.000000",1.0,8.6,1.0,N,234.0,116.0,2.0,27.0,0.5,0.5,0.0,0.0,0.3,30.8,2.5
2.0,"2019-08-06 14:52:27.000000","2019-08-06 15:33:56.000000",1.0,9.25,1.0,N,234.0,116.0,1.0,33.5,0.0,0.5,5.0,0.0,0.3,41.8,2.5
1.0,"2019-08-07 15:06:18.000000","2019-08-07 15:49:49.000000",1.0,7.4,1.0,N,234.0,116.0,2.0,30.0,2.5,0.5,0.0,0.0,0.3,33.3,2.5
1.0,"2019-08-07 20:19:56.000000","2019-08-07 20:54:54.000000",1.0,8.1,1.0,N,234.0,116.0,2.0,30.5,3.0,0.5,0.0,0.0,0.3,34.3,2.5
2.0,"2019-08-07 21:51:13.000000","2019-08-07 22:17:33.000000",5.0,8.36,1.0,N,234.0,116.0,2.0,27.0,0.5,0.5,0.0,0.0,0.3,30.8,2.5
2.0,"2019-08-07 22:57:07.000000","2019-08-07 23:21:48.000000",2.0,7.6,1.0,N,234.0,116.0,1.0,25.0,0.5,0.5,4.0,0.0,0.3,32.8,2.5
2.0,"2019-08-08 01:52:05.000000","2019-08-08 02:11:37.000000",1.0,7.4,1.0,N,234.0,116.0,2.0,23.5,0.5,0.5,0.0,0.0,0.3,27.3,2.5
2.0,"2019-08-08 01:58:20.000000","2019-08-08 02:20:40.000000",1.0,7.14,1.0,N,234.0,116.0,2.0,22.5,0.5,0.5,0.0,0.0,0.3,26.3,2.5
2.0,"2019-08-08 02:05:39.000000","2019-08-08 02:27:27.000000",2.0,8.23,1.0,N,234.0,116.0,2.0,26.5,0.5,0.5,0.0,0.0,0.3,30.3,2.5
2.0,"2019-08-08 04:45:50.000000","2019-08-08 05:09:05.000000",5.0,8.24,1.0,N,234.0,116.0,1.0,26.0,0.5,0.5,8.94,0.0,0.3,38.74,2.5
1.0,"2019-08-08 05:59:36.000000","2019-08-08 06:25:36.000000",1.0,8.6,1.0,N,234.0,116.0,1.0,29.0,2.5,0.5,0.0,0.0,0.3,32.3,2.5
1.0,"2019-08-08 18:53:29.000000","2019-08-08 19:36:23.000000",2.0,7.6,1.0,N,234.0,116.0,1.0,31.5,3.5,0.5,7.15,0.0,0.3,42.95,2.5
2.0,"2019-08-08 18:10:49.000000","2019-08-08 18:47:20.000000",5.0,7.38,1.0,N,234.0,116.0,1.0,27.0,1.0,0.5,6.26,0.0,0.3,37.56,2.5
1.0,"2019-08-08 18:15:31.000000","2019-08-08 19:08:53.000000",1.0,0.0,1.0,N,234.0,116.0,1.0,28.2,0.0,0.5,0.0,0.0,0.3,29.0,0.0
1.0,"2019-08-08 19:51:19.000000","2019-08-08 20:29:11.000000",1.0,8.7,1.0,N,234.0,116.0,1.0,31.5,3.5,0.5,7.15,0.0,0.3,42.95,2.5
1.0,"2019-08-08 21:10:24.000000","2019-08-08 21:43:05.000000",0.0,8.1,1.0,N,234.0,116.0,1.0,29.0,3.0,0.5,3.0,0.0,0.3,35.8,2.5
2.0,"2019-08-08 23:04:00.000000","2019-08-08 23:29:02.000000",1.0,8.06,1.0,N,234.0,116.0,1.0,25.5,0.5,0.5,7.32,0.0,0.3,36.62,2.5
2.0,"2019-08-09 00:19:17.000000","2019-08-09 00:42:12.000000",1.0,8.38,1.0,N,234.0,116.0,1.0,27.0,0.5,0.5,7.7,0.0,0.3,38.5,2.5
2.0,"2019-08-09 01:39:08.000000","2019-08-09 02:02:52.000000",2.0,6.68,1.0,N,234.0,116.0,1.0,22.5,0.5,0.5,3.0,0.0,0.3,29.3,2.5
2.0,"2019-08-09 02:21:41.000000","2019-08-09 02:44:23.000000",2.0,7.7,1.0,N,234.0,116.0,2.0,24.5,0.5,0.5,0.0,0.0,0.3,28.3,2.5
1.0,"2019-08-09 15:22:23.000000","2019-08-09 16:17:37.000000",1.0,8.4,1.0,N,234.0,116.0,1.0,37.5,2.5,0.5,8.15,0.0,0.3,48.95,2.5
2.0,"2019-08-09 15:04:48.000000","2019-08-09 16:08:29.000000",1.0,8.1,1.0,N,234.0,116.0,1.0,40.5,0.0,0.5,10.0,0.0,0.3,53.8,2.5
1.0,"2019-08-09 18:51:57.000000","2019-08-09 19:14:30.000000",1.0,7.3,1.0,N,234.0,116.0,1.0,24.0,3.5,0.5,0.0,0.0,0.3,28.3,2.5
2.0,"2019-08-09 18:01:30.000000","2019-08-09 18:43:24.000000",4.0,7.12,1.0,N,234.0,116.0,1.0,29.5,1.0,0.5,6.76,0.0,0.3,40.56,2.5
2.0,"2019-08-09 18:48:51.000000","2019-08-09 19:12:25.000000",1.0,7.74,1.0,N,234.0,116.0,1.0,24.5,1.0,0.5,8.64,0.0,0.3,37.44,2.5
2.0,"2019-08-09 19:28:05.000000","2019-08-09 19:55:34.000000",1.0,9.2,1.0,N,234.0,116.0,1.0,28.5,1.0,0.5,5.0,0.0,0.3,37.8,2.5
1.0,"2019-08-09 20:16:43.000000","2019-08-09 20:48:08.000000",1.0,9.1,1.0,N,234.0,116.0,2.0,30.0,3.0,0.5,0.0,0.0,0.3,33.8,2.5
1.0,"2019-08-10 00:17:02.000000","2019-08-10 00:43:33.000000",1.0,7.5,1.0,N,234.0,116.0,1.0,25.5,3.0,0.5,5.0,0.0,0.3,34.3,2.5
2.0,"2019-08-10 02:10:08.000000","2019-08-10 02:38:00.000000",1.0,9.4,1.0,N,234.0,116.0,2.0,29.0,0.5,0.5,0.0,0.0,0.3,32.8,2.5
1.0,"2019-08-10 03:24:21.000000","2019-08-10 03:49:09.000000",1.0,9.1,1.0,N,234.0,116.0,2.0,27.5,3.0,0.5,0.0,0.0,0.3,31.3,2.5
1.0,"2019-08-10 08:01:34.000000","2019-08-10 08:23:33.000000",1.0,7.4,1.0,N,234.0,116.0,2.0,24.5,2.5,0.5,0.0,0.0,0.3,27.8,2.5
1.0,"2019-08-10 10:23:29.000000","2019-08-10 10:46:43.000000",1.0,8.3,1.0,N,234.0,116.0,1.0,26.0,2.5,0.5,7.3,0.0,0.3,36.6,2.5
2.0,"2019-08-10 22:49:26.000000","2019-08-10 23:23:20.000000",6.0,7.66,1.0,N,234.0,116.0,1.0,27.5,0.5,0.5,4.0,0.0,0.3,35.3,2.5
2.0,"2019-08-10 22:42:21.000000","2019-08-10 23:10:43.000000",1.0,9.22,1.0,N,234.0,116.0,1.0,30.0,0.5,0.5,6.2,0.0,0.3,40.0,2.5
2.0,"2019-08-11 02:39:33.000000","2019-08-11 03:06:08.000000",3.0,8.08,1.0,N,234.0,116.0,1.0,27.0,0.5,0.5,6.16,0.0,0.3,36.96,2.5
2.0,"2019-08-11 02:37:06.000000","2019-08-11 02:59:14.000000",3.0,7.51,1.0,N,234.0,116.0,1.0,23.0,0.5,0.5,5.36,0.0,0.3,32.16,2.5
1.0,"2019-08-11 03:54:19.000000","2019-08-11 04:18:03.000000",2.0,8.3,1.0,N,234.0,116.0,1.0,25.5,3.0,0.5,1.7,0.0,0.3,31.0,2.5
2.0,"2019-08-11 04:46:29.000000","2019-08-11 05:08:52.000000",1.0,7.55,1.0,N,234.0,116.0,1.0,23.5,0.5,0.5,6.83,0.0,0.3,34.13,2.5
1.0,"2019-08-11 04:44:42.000000","2019-08-11 05:02:53.000000",1.0,8.4,1.0,N,234.0,116.0,1.0,25.0,3.0,0.5,0.0,0.0,0.3,28.8,2.5
2.0,"2019-08-11 05:31:15.000000","2019-08-11 06:01:05.000000",3.0,7.35,1.0,N,234.0,116.0,2.0,26.0,0.5,0.5,0.0,0.0,0.3,29.8,2.5
2.0,"2019-08-11 11:24:53.000000","2019-08-11 11:51:09.000000",1.0,8.94,1.0,N,234.0,116.0,1.0,28.5,0.0,0.5,0.0,0.0,0.3,31.8,2.5
1.0,"2019-08-11 16:21:33.000000","2019-08-11 16:55:36.000000",3.0,6.9,1.0,N,234.0,116.0,1.0,26.0,2.5,0.5,5.85,0.0,0.3,35.15,2.5
1.0,"2019-08-11 18:18:09.000000","2019-08-11 18:50:24.000000",2.0,7.3,1.0,N,234.0,116.0,1.0,28.5,2.5,0.5,6.35,0.0,0.3,38.15,2.5
1.0,"2019-08-11 21:00:35.000000","2019-08-11 21:26:50.000000",1.0,7.7,1.0,N,234.0,116.0,1.0,26.0,3.0,0.5,5.95,0.0,0.3,35.75,2.5
2.0,"2019-08-11 22:18:13.000000","2019-08-11 22:46:11.000000",1.0,7.77,1.0,N,234.0,116.0,1.0,27.5,0.5,0.5,6.26,0.0,0.3,37.56,2.5
1.0,"2019-08-11 22:19:31.000000","2019-08-11 22:47:39.000000",1.0,8.8,1.0,N,234.0,116.0,1.0,29.5,3.0,0.5,6.65,0.0,0.3,39.95,2.5
1.0,"2019-08-11 22:57:40.000000","2019-08-11 23:20:41.000000",1.0,9.1,1.0,N,234.0,116.0,1.0,28.0,3.0,0.5,6.35,0.0,0.3,38.15,2.5
2.0,"2019-08-11 23:11:55.000000","2019-08-11 23:38:28.000000",1.0,7.4,1.0,N,234.0,116.0,1.0,24.5,0.5,0.5,4.0,0.0,0.3,32.3,2.5
1.0,"2019-08-12 16:48:59.000000","2019-08-12 17:19:37.000000",2.0,7.2,1.0,N,234.0,116.0,1.0,26.0,3.5,0.5,5.0,0.0,0.3,35.3,2.5
2.0,"2019-08-12 20:25:43.000000","2019-08-12 20:53:05.000000",3.0,9.95,1.0,N,234.0,116.0,1.0,30.0,0.5,0.5,4.88,0.0,0.3,38.68,2.5
2.0,"2019-08-13 00:48:07.000000","2019-08-13 01:14:48.000000",1.0,8.37,1.0,N,234.0,116.0,1.0,28.0,0.5,0.5,3.5,0.0,0.3,35.3,2.5
2.0,"2019-08-13 00:46:01.000000","2019-08-13 01:09:19.000000",2.0,7.28,1.0,N,234.0,116.0,2.0,23.0,0.5,0.5,0.0,0.0,0.3,26.8,2.5
2.0,"2019-08-13 08:58:18.000000","2019-08-13 09:26:45.000000",1.0,7.35,1.0,N,234.0,116.0,1.0,27.0,0.0,0.5,4.54,0.0,0.3,34.84,2.5
2.0,"2019-08-13 11:05:37.000000","2019-08-13 11:57:27.000000",5.0,9.21,1.0,N,234.0,116.0,1.0,41.5,0.0,0.5,6.72,0.0,0.3,51.52,2.5
1.0,"2019-08-13 21:53:33.000000","2019-08-13 22:17:27.000000",1.0,8.2,1.0,N,234.0,116.0,1.0,26.0,3.0,0.5,7.45,0.0,0.3,37.25,2.5
2.0,"2019-08-14 00:03:19.000000","2019-08-14 00:20:21.000000",1.0,7.96,1.0,N,234.0,116.0,1.0,23.0,0.5,0.5,5.36,0.0,0.3,32.16,2.5
1.0,"2019-08-14 02:35:04.000000","2019-08-14 02:55:02.000000",1.0,7.6,1.0,N,234.0,116.0,1.0,24.0,3.0,0.5,2.78,0.0,0.3,30.58,2.5
2.0,"2019-08-14 11:03:08.000000","2019-08-14 11:29:14.000000",1.0,7.96,1.0,N,234.0,116.0,1.0,26.0,0.0,0.5,4.0,0.0,0.3,33.3,2.5
1.0,"2019-08-14 13:58:30.000000","2019-08-14 14:55:22.000000",1.0,0.0,1.0,N,234.0,116.0,1.0,28.2,0.0,0.5,0.0,0.0,0.3,29.0,0.0
2.0,"2019-08-14 15:29:59.000000","2019-08-14 16:01:30.000000",1.0,8.11,1.0,N,234.0,116.0,1.0,28.0,0.0,0.5,3.13,0.0,0.3,34.43,2.5
2.0,"2019-08-14 19:10:29.000000","2019-08-14 19:39:47.000000",1.0,8.01,1.0,N,234.0,116.0,1.0,28.5,1.0,0.5,3.0,0.0,0.3,35.8,2.5
1.0,"2019-08-14 21:26:54.000000","2019-08-14 21:52:18.000000",1.0,8.2,1.0,N,234.0,116.0,1.0,27.0,3.0,0.5,5.0,0.0,0.3,35.8,2.5
2.0,"2019-08-14 22:03:58.000000","2019-08-14 22:28:16.000000",1.0,8.78,1.0,N,234.0,116.0,2.0,27.5,0.5,0.5,0.0,0.0,0.3,31.3,2.5
2.0,"2019-08-15 00:47:48.000000","2019-08-15 01:09:31.000000",2.0,7.3,1.0,N,234.0,116.0,2.0,22.5,0.5,0.5,0.0,0.0,0.3,26.3,2.5
2.0,"2019-08-15 01:46:21.000000","2019-08-15 02:08:59.000000",1.0,9.5,1.0,N,234.0,116.0,1.0,28.0,0.5,0.5,0.0,0.0,0.3,31.8,2.5
2.0,"2019-08-15 04:47:56.000000","2019-08-15 05:15:02.000000",1.0,8.01,1.0,N,234.0,116.0,1.0,26.0,0.5,0.5,7.45,0.0,0.3,37.25,2.5
1.0,"2019-08-15 17:00:15.000000","2019-08-15 17:45:59.000000",1.0,0.0,1.0,N,234.0,116.0,1.0,28.2,0.0,0.5,0.0,0.0,0.3,29.0,0.0
1.0,"2019-08-15 19:50:12.000000","2019-08-15 20:31:35.000000",3.0,6.8,1.0,N,234.0,116.0,1.0,28.5,3.5,0.5,8.15,0.0,0.3,40.95,2.5
2.0,"2019-08-15 19:24:14.000000","2019-08-15 19:55:25.000000",1.0,8.31,1.0,N,234.0,116.0,1.0,28.5,1.0,0.5,6.56,0.0,0.3,39.36,2.5
1.0,"2019-08-16 01:59:33.000000","2019-08-16 02:22:37.000000",1.0,7.0,1.0,N,234.0,116.0,2.0,22.5,3.0,0.5,0.0,0.0,0.3,26.3,2.5
2.0,"2019-08-16 01:59:12.000000","2019-08-16 02:19:28.000000",2.0,8.26,1.0,N,234.0,116.0,1.0,25.5,0.5,0.5,4.0,0.0,0.3,33.3,2.5
2.0,"2019-08-16 14:00:23.000000","2019-08-16 14:36:31.000000",1.0,8.1,1.0,N,234.0,116.0,1.0,31.5,0.0,0.5,6.96,0.0,0.3,41.76,2.5
2.0,"2019-08-16 19:24:33.000000","2019-08-16 19:47:21.000000",2.0,8.23,1.0,N,234.0,116.0,1.0,25.0,1.0,0.5,4.0,0.0,0.3,33.3,2.5
2.0,"2019-08-16 21:51:47.000000","2019-08-16 22:19:33.000000",5.0,9.49,1.0,N,234.0,116.0,1.0,30.0,0.5,0.5,5.0,0.0,0.3,38.8,2.5
2.0,"2019-08-16 21:31:34.000000","2019-08-16 21:58:56.000000",1.0,9.01,1.0,N,234.0,116.0,2.0,30.0,0.5,0.5,0.0,0.0,0.3,33.8,2.5
2.0,"2019-08-16 23:56:41.000000","2019-08-17 00:24:36.000000",5.0,8.87,1.0,N,234.0,116.0,1.0,29.5,0.5,0.5,6.66,0.0,0.3,39.96,2.5
1.0,"2019-08-17 00:53:12.000000","2019-08-17 01:15:35.000000",2.0,7.4,1.0,N,234.0,116.0,1.0,24.5,3.0,0.5,5.65,0.0,0.3,33.95,2.5
1.0,"2019-08-17 01:24:42.000000","2019-08-17 01:54:39.000000",1.0,8.4,1.0,N,234.0,116.0,1.0,28.5,3.0,0.5,6.45,0.0,0.3,38.75,2.5
2.0,"2019-08-17 06:53:06.000000","2019-08-17 07:16:33.000000",2.0,7.1,1.0,N,234.0,116.0,2.0,22.0,0.0,0.5,0.0,0.0,0.3,25.3,2.5
1.0,"2019-08-17 20:34:44.000000","2019-08-17 20:59:44.000000",1.0,7.5,1.0,N,234.0,116.0,1.0,25.5,3.0,0.5,5.0,0.0,0.3,34.3,2.5
2.0,"2019-08-17 20:50:40.000000","2019-08-17 21:17:26.000000",1.0,7.79,1.0,N,234.0,116.0,2.0,26.5,0.5,0.5,0.0,0.0,0.3,30.3,2.5
2.0,"2019-08-17 21:33:23.000000","2019-08-17 22:01:30.000000",1.0,7.34,1.0,N,234.0,116.0,1.0,24.5,0.5,0.5,5.66,0.0,0.3,33.96,2.5
2.0,"2019-08-17 21:20:01.000000","2019-08-17 21:51:46.000000",5.0,8.89,1.0,N,234.0,116.0,1.0,30.0,0.5,0.5,6.76,0.0,0.3,40.56,2.5
1.0,"2019-08-17 23:25:07.000000","2019-08-17 23:58:57.000000",1.0,7.6,1.0,N,234.0,116.0,1.0,29.0,3.0,0.5,6.55,0.0,0.3,39.35,2.5
2.0,"2019-08-18 00:17:17.000000","2019-08-18 00:46:51.000000",1.0,9.27,1.0,N,234.0,116.0,1.0,31.0,0.5,0.5,6.96,0.0,0.3,41.76,2.5
1.0,"2019-08-18 00:05:21.000000","2019-08-18 00:32:59.000000",1.0,7.6,1.0,N,234.0,116.0,1.0,27.0,3.0,0.5,7.7,0.0,0.3,38.5,2.5
2.0,"2019-08-18 00:33:07.000000","2019-08-18 01:04:25.000000",5.0,9.97,1.0,N,234.0,116.0,1.0,31.0,0.5,0.5,6.96,0.0,0.3,41.76,2.5
1.0,"2019-08-18 01:34:05.000000","2019-08-18 02:03:15.000000",1.0,8.8,1.0,N,234.0,116.0,1.0,30.0,3.0,0.5,0.0,0.0,0.3,33.8,2.5
1.0,"2019-08-18 01:26:55.000000","2019-08-18 01:52:43.000000",1.0,7.8,1.0,N,234.0,116.0,2.0,26.0,3.0,0.5,0.0,0.0,0.3,29.8,2.5
2.0,"2019-08-18 04:00:40.000000","2019-08-18 04:22:22.000000",1.0,7.4,1.0,N,234.0,116.0,1.0,23.5,0.5,0.5,5.46,0.0,0.3,32.76,2.5
1.0,"2019-08-18 07:20:15.000000","2019-08-18 07:49:50.000000",2.0,8.2,1.0,N,234.0,116.0,2.0,29.0,2.5,0.5,0.0,0.0,0.3,32.3,2.5
2.0,"2019-08-18 14:53:20.000000","2019-08-18 15:22:11.000000",1.0,8.78,1.0,N,234.0,116.0,1.0,29.5,0.0,0.5,6.56,0.0,0.3,39.36,2.5
2.0,"2019-08-18 15:26:42.000000","2019-08-18 15:58:05.000000",1.0,7.47,1.0,N,234.0,116.0,1.0,28.5,0.0,0.5,6.36,0.0,0.3,38.16,2.5
2.0,"2019-08-18 20:23:27.000000","2019-08-18 20:48:53.000000",1.0,8.82,1.0,N,234.0,116.0,2.0,28.0,0.5,0.5,0.0,0.0,0.3,31.8,2.5
1.0,"2019-08-18 21:19:38.000000","2019-08-18 21:41:47.000000",1.0,7.2,1.0,N,234.0,116.0,1.0,23.5,3.0,0.5,3.0,0.0,0.3,30.3,2.5
2.0,"2019-08-18 23:04:45.000000","2019-08-18 23:28:03.000000",2.0,8.02,1.0,N,234.0,116.0,2.0,26.0,0.5,0.5,0.0,0.0,0.3,29.8,2.5
2.0,"2019-08-19 17:05:21.000000","2019-08-19 17:34:47.000000",1.0,7.5,1.0,N,234.0,116.0,1.0,26.5,1.0,0.5,3.08,0.0,0.3,33.88,2.5
2.0,"2019-08-19 22:56:56.000000","2019-08-19 23:17:31.000000",1.0,7.42,1.0,N,234.0,116.0,1.0,24.0,0.5,0.5,6.0,0.0,0.3,33.8,2.5
2.0,"2019-08-20 00:05:09.000000","2019-08-20 00:32:26.000000",1.0,8.01,1.0,N,234.0,116.0,2.0,27.5,0.5,0.5,0.0,0.0,0.3,31.3,2.5
2.0,"2019-08-20 00:14:42.000000","2019-08-20 00:41:52.000000",1.0,8.34,1.0,N,234.0,116.0,1.0,27.5,0.5,0.5,0.0,0.0,0.3,31.3,2.5
2.0,"2019-08-20 01:18:14.000000","2019-08-20 01:49:39.000000",1.0,9.61,1.0,N,234.0,116.0,2.0,30.0,0.5,0.5,0.0,0.0,0.3,33.8,2.5
2.0,"2019-08-20 06:20:01.000000","2019-08-20 06:41:56.000000",1.0,7.93,1.0,N,234.0,116.0,1.0,25.0,0.0,0.5,5.66,0.0,0.3,33.96,2.5
1.0,"2019-08-20 11:49:37.000000","2019-08-20 12:31:17.000000",1.0,0.0,1.0,N,234.0,116.0,1.0,26.2,0.0,0.5,0.0,0.0,0.3,27.0,0.0
2.0,"2019-08-20 17:07:59.000000","2019-08-20 17:36:51.000000",2.0,8.14,1.0,N,234.0,116.0,1.0,25.5,1.0,0.5,5.96,0.0,0.3,35.76,2.5
2.0,"2019-08-20 20:36:43.000000","2019-08-20 21:06:10.000000",3.0,8.27,1.0,N,234.0,116.0,2.0,27.5,0.5,0.5,0.0,0.0,0.3,31.3,2.5
1.0,"2019-08-20 20:01:02.000000","2019-08-20 20:35:19.000000",1.0,6.2,1.0,N,234.0,116.0,1.0,25.0,3.5,0.5,5.85,0.0,0.3,35.15,2.5
1.0,"2019-08-21 00:40:22.000000","2019-08-21 01:06:06.000000",1.0,7.7,1.0,N,234.0,116.0,1.0,24.0,3.0,0.5,5.0,0.0,0.3,32.8,2.5
2.0,"2019-08-21 00:13:59.000000","2019-08-21 00:49:02.000000",1.0,9.69,1.0,N,234.0,116.0,2.0,34.0,0.5,0.5,0.0,0.0,0.3,37.8,2.5
1.0,"2019-08-21 05:23:40.000000","2019-08-21 05:45:00.000000",2.0,7.9,1.0,N,234.0,116.0,2.0,25.0,3.0,0.5,0.0,0.0,0.3,28.8,2.5
2.0,"2019-08-21 14:56:49.000000","2019-08-21 15:33:36.000000",1.0,9.1,1.0,N,234.0,116.0,1.0,31.0,0.0,0.5,6.86,0.0,0.3,41.16,2.5
1.0,"2019-08-21 18:02:47.000000","2019-08-21 18:39:16.000000",1.0,0.0,1.0,N,234.0,116.0,1.0,28.2,0.0,0.5,0.0,0.0,0.3,29.0,0.0
2.0,"2019-08-21 20:37:38.000000","2019-08-21 21:10:20.000000",1.0,7.73,1.0,N,234.0,116.0,1.0,28.0,0.5,0.5,6.36,0.0,0.3,38.16,2.5
1.0,"2019-08-21 21:08:58.000000","2019-08-21 21:34:29.000000",1.0,9.0,1.0,N,234.0,116.0,1.0,28.5,3.0,0.5,3.0,0.0,0.3,35.3,2.5
2.0,"2019-08-21 21:58:30.000000","2019-08-21 22:28:30.000000",2.0,10.02,1.0,N,234.0,116.0,1.0,32.5,0.5,0.5,7.26,0.0,0.3,43.56,2.5
2.0,"2019-08-21 22:51:25.000000","2019-08-21 23:16:05.000000",2.0,7.76,1.0,N,234.0,116.0,2.0,25.5,0.5,0.5,0.0,0.0,0.3,29.3,2.5
2.0,"2019-08-21 22:10:09.000000","2019-08-21 22:35:23.000000",1.0,8.89,1.0,N,234.0,116.0,1.0,28.0,0.5,0.5,6.36,0.0,0.3,38.16,2.5
1.0,"2019-08-22 00:18:00.000000","2019-08-22 00:38:49.000000",2.0,8.0,1.0,N,234.0,116.0,1.0,24.5,3.0,0.5,2.0,0.0,0.3,30.3,2.5
2.0,"2019-08-22 01:49:35.000000","2019-08-22 02:09:13.000000",1.0,7.27,1.0,N,234.0,116.0,2.0,23.5,0.5,0.5,0.0,0.0,0.3,27.3,2.5
2.0,"2019-08-22 04:28:38.000000","2019-08-22 04:47:54.000000",1.0,7.5,1.0,N,234.0,116.0,1.0,23.5,0.5,0.5,8.19,0.0,0.3,35.49,2.5
1.0,"2019-08-22 04:06:09.000000","2019-08-22 04:28:51.000000",1.0,7.7,1.0,N,234.0,116.0,1.0,25.5,3.0,0.5,7.3,0.0,0.3,36.6,2.5
1.0,"2019-08-22 18:00:49.000000","2019-08-22 18:43:31.000000",1.0,0.0,1.0,N,234.0,116.0,1.0,28.2,0.0,0.5,0.0,0.0,0.3,29.0,0.0
1.0,"2019-08-22 20:55:51.000000","2019-08-22 21:23:09.000000",2.0,8.7,1.0,N,234.0,116.0,1.0,28.5,3.0,0.5,2.0,0.0,0.3,34.3,2.5
1.0,"2019-08-22 22:00:02.000000","2019-08-22 22:36:44.000000",2.0,8.4,1.0,N,234.0,116.0,1.0,30.0,3.0,0.5,4.0,0.0,0.3,37.8,2.5
1.0,"2019-08-23 00:38:00.000000","2019-08-23 01:17:16.000000",1.0,8.2,1.0,N,234.0,116.0,2.0,30.5,3.0,0.5,0.0,0.0,0.3,34.3,2.5
2.0,"2019-08-23 01:33:54.000000","2019-08-23 02:02:55.000000",1.0,8.09,1.0,N,234.0,116.0,1.0,26.5,0.5,0.5,9.09,0.0,0.3,39.39,2.5
2.0,"2019-08-23 21:57:10.000000","2019-08-23 22:22:34.000000",1.0,7.9,1.0,N,234.0,116.0,2.0,26.0,0.5,0.5,0.0,0.0,0.3,29.8,2.5
2.0,"2019-08-23 22:01:43.000000","2019-08-23 22:28:25.000000",6.0,7.84,1.0,N,234.0,116.0,1.0,26.5,0.5,0.5,6.06,0.0,0.3,36.36,2.5
2.0,"2019-08-23 23:08:57.000000","2019-08-23 23:30:39.000000",2.0,7.57,1.0,N,234.0,116.0,1.0,24.0,0.5,0.5,3.0,0.0,0.3,30.8,2.5
2.0,"2019-08-24 01:41:46.000000","2019-08-24 02:04:07.000000",4.0,6.23,1.0,N,234.0,116.0,1.0,21.0,0.5,0.5,4.96,0.0,0.3,29.76,2.5
2.0,"2019-08-24 03:31:28.000000","2019-08-24 03:56:37.000000",1.0,8.62,1.0,N,234.0,116.0,1.0,28.0,0.5,0.5,6.36,0.0,0.3,38.16,2.5
2.0,"2019-08-24 10:32:43.000000","2019-08-24 10:59:45.000000",1.0,8.08,1.0,N,234.0,116.0,1.0,26.5,0.0,0.5,7.45,0.0,0.3,37.25,2.5
1.0,"2019-08-24 13:01:26.000000","2019-08-24 13:28:42.000000",1.0,9.1,1.0,N,234.0,116.0,2.0,30.0,2.5,0.5,0.0,0.0,0.3,33.3,2.5
2.0,"2019-08-24 22:16:22.000000","2019-08-24 22:47:21.000000",1.0,7.97,1.0,N,234.0,116.0,1.0,28.5,0.5,0.5,6.46,0.0,0.3,38.76,2.5
2.0,"2019-08-25 00:05:52.000000","2019-08-25 00:34:25.000000",2.0,8.78,1.0,N,234.0,116.0,1.0,27.5,0.5,0.5,9.39,0.0,0.3,40.69,2.5
2.0,"2019-08-25 00:47:31.000000","2019-08-25 01:11:48.000000",1.0,8.11,1.0,N,234.0,116.0,2.0,26.0,0.5,0.5,0.0,0.0,0.3,29.8,2.5
2.0,"2019-08-25 05:34:32.000000","2019-08-25 05:57:20.000000",1.0,7.52,1.0,N,234.0,116.0,2.0,24.0,0.5,0.5,0.0,0.0,0.3,27.8,2.5
1.0,"2019-08-25 17:10:57.000000","2019-08-25 17:43:07.000000",2.0,7.8,1.0,N,234.0,116.0,1.0,29.0,2.5,0.5,6.46,0.0,0.3,38.76,2.5
1.0,"2019-08-25 22:22:50.000000","2019-08-25 22:47:19.000000",3.0,8.5,1.0,N,234.0,116.0,1.0,26.5,3.0,0.5,6.05,0.0,0.3,36.35,2.5
1.0,"2019-08-25 22:20:28.000000","2019-08-25 22:40:00.000000",1.0,9.1,1.0,N,234.0,116.0,1.0,27.0,3.0,0.5,3.0,0.0,0.3,33.8,2.5
1.0,"2019-08-26 00:26:09.000000","2019-08-26 00:49:19.000000",1.0,7.1,1.0,N,234.0,116.0,1.0,23.0,3.0,0.5,2.0,0.0,0.3,28.8,2.5
1.0,"2019-08-26 17:32:55.000000","2019-08-26 17:58:07.000000",1.0,8.1,1.0,N,234.0,116.0,1.0,26.0,3.5,0.5,3.0,0.0,0.3,33.3,2.5
1.0,"2019-08-26 21:04:58.000000","2019-08-26 21:30:17.000000",1.0,7.3,1.0,N,234.0,116.0,1.0,25.0,3.0,0.5,5.75,0.0,0.3,34.55,2.5
2.0,"2019-08-26 23:28:10.000000","2019-08-26 23:56:12.000000",1.0,7.03,1.0,N,234.0,116.0,1.0,24.0,0.5,0.5,5.56,0.0,0.3,33.36,2.5
2.0,"2019-08-26 23:11:05.000000","2019-08-26 23:33:54.000000",1.0,7.24,1.0,N,234.0,116.0,1.0,24.5,0.5,0.5,1.7,0.0,0.3,30.0,2.5
2.0,"2019-08-27 04:19:34.000000","2019-08-27 04:41:27.000000",1.0,8.58,1.0,N,234.0,116.0,2.0,26.5,0.5,0.5,0.0,0.0,0.3,30.3,2.5
2.0,"2019-08-27 12:22:41.000000","2019-08-27 13:02:33.000000",1.0,8.13,1.0,N,234.0,116.0,2.0,32.5,0.0,0.5,0.0,0.0,0.3,35.8,2.5
2.0,"2019-08-27 21:41:53.000000","2019-08-27 22:05:07.000000",1.0,7.68,1.0,N,234.0,116.0,1.0,25.5,0.5,0.5,5.86,0.0,0.3,35.16,2.5
2.0,"2019-08-27 23:00:53.000000","2019-08-27 23:24:56.000000",2.0,8.52,1.0,N,234.0,116.0,1.0,27.0,0.5,0.5,3.0,0.0,0.3,33.8,2.5
2.0,"2019-08-28 02:49:03.000000","2019-08-28 03:05:06.000000",2.0,8.16,1.0,N,234.0,116.0,1.0,23.0,0.5,0.5,2.0,0.0,0.3,28.8,2.5
2.0,"2019-08-28 13:04:30.000000","2019-08-28 13:40:48.000000",3.0,8.5,1.0,N,234.0,116.0,1.0,31.0,0.0,0.5,0.0,0.0,0.3,34.3,2.5
2.0,"2019-08-28 22:15:54.000000","2019-08-28 22:40:27.000000",1.0,8.26,1.0,N,234.0,116.0,1.0,27.0,0.5,0.5,5.0,0.0,0.3,35.8,2.5
2.0,"2019-08-28 22:33:48.000000","2019-08-28 23:01:07.000000",2.0,7.08,1.0,N,234.0,116.0,1.0,24.0,0.5,0.5,5.56,0.0,0.3,33.36,2.5
2.0,"2019-08-28 23:46:57.000000","2019-08-29 00:09:28.000000",5.0,8.62,1.0,N,234.0,116.0,1.0,26.5,0.5,0.5,4.54,0.0,0.3,34.84,2.5
2.0,"2019-08-29 00:25:18.000000","2019-08-29 00:50:15.000000",1.0,7.49,1.0,N,234.0,116.0,2.0,23.5,0.5,0.5,0.0,0.0,0.3,27.3,2.5
1.0,"2019-08-29 20:54:30.000000","2019-08-29 21:18:19.000000",1.0,7.3,1.0,N,234.0,116.0,1.0,24.5,3.0,0.5,5.65,0.0,0.3,33.95,2.5
1.0,"2019-08-29 22:22:17.000000","2019-08-29 22:45:39.000000",2.0,7.6,1.0,N,234.0,116.0,1.0,24.0,3.0,0.5,6.95,0.0,0.3,34.75,2.5
2.0,"2019-08-29 22:02:36.000000","2019-08-29 22:29:33.000000",1.0,7.51,1.0,N,234.0,116.0,1.0,26.0,0.5,0.5,5.96,0.0,0.3,35.76,2.5
2.0,"2019-08-29 23:43:30.000000","2019-08-30 00:18:46.000000",1.0,8.23,1.0,N,234.0,116.0,1.0,29.5,0.5,0.5,5.0,0.0,0.3,38.3,2.5
1.0,"2019-08-29 23:54:19.000000","2019-08-30 00:17:03.000000",1.0,8.4,1.0,N,234.0,116.0,1.0,26.5,3.0,0.5,4.0,0.0,0.3,34.3,2.5
2.0,"2019-08-29 23:01:18.000000","2019-08-29 23:24:00.000000",1.0,9.16,1.0,N,234.0,116.0,1.0,28.0,0.5,0.5,6.36,0.0,0.3,38.16,2.5
2.0,"2019-08-30 00:07:43.000000","2019-08-30 00:34:04.000000",1.0,6.84,1.0,N,234.0,116.0,1.0,23.5,0.5,0.5,4.0,0.0,0.3,31.3,2.5
2.0,"2019-08-30 01:10:05.000000","2019-08-30 01:39:46.000000",1.0,8.56,1.0,N,234.0,116.0,1.0,29.0,0.5,0.5,8.2,0.0,0.3,41.0,2.5
1.0,"2019-08-30 15:24:47.000000","2019-08-30 16:05:57.000000",0.0,7.8,1.0,N,234.0,116.0,1.0,31.0,2.5,0.5,2.0,0.0,0.3,36.3,2.5
2.0,"2019-08-30 18:26:29.000000","2019-08-30 18:53:26.000000",1.0,8.53,1.0,N,234.0,116.0,1.0,29.0,1.0,0.5,4.0,0.0,0.3,37.3,2.5
2.0,"2019-08-30 20:38:20.000000","2019-08-30 21:04:21.000000",6.0,7.33,1.0,N,234.0,116.0,1.0,25.5,0.5,0.5,4.4,0.0,0.3,33.7,2.5
1.0,"2019-08-30 20:03:03.000000","2019-08-30 20:29:37.000000",1.0,8.0,1.0,N,234.0,116.0,1.0,27.0,3.0,0.5,3.0,0.0,0.3,33.8,2.5
1.0,"2019-08-30 21:02:38.000000","2019-08-30 21:30:02.000000",2.0,7.4,1.0,N,234.0,116.0,2.0,26.5,3.0,0.5,0.0,0.0,0.3,30.3,2.5
1.0,"2019-08-31 01:10:50.000000","2019-08-31 01:37:07.000000",1.0,8.5,1.0,N,234.0,116.0,1.0,27.5,3.0,0.5,6.25,0.0,0.3,37.55,2.5
2.0,"2019-08-31 01:09:04.000000","2019-08-31 01:30:05.000000",2.0,7.53,1.0,N,234.0,116.0,1.0,24.0,0.5,0.5,6.95,0.0,0.3,34.75,2.5
2.0,"2019-08-31 02:51:42.000000","2019-08-31 03:11:57.000000",1.0,7.11,1.0,N,234.0,116.0,2.0,21.0,0.5,0.5,0.0,0.0,0.3,24.8,2.5
2.0,"2019-08-31 14:31:00.000000","2019-08-31 15:04:32.000000",1.0,8.3,1.0,N,234.0,116.0,1.0,30.0,0.0,0.5,6.66,0.0,0.3,39.96,2.5
2.0,"2019-08-31 19:14:55.000000","2019-08-31 19:45:54.000000",1.0,9.14,1.0,N,234.0,116.0,1.0,31.0,0.0,0.5,6.86,0.0,0.3,41.16,2.5
,"2019-08-10 11:24:00.000000","2019-08-10 11:49:00.000000",,9.24,,,234.0,116.0,,42.95,2.75,0.5,0.0,0.0,0.3,46.5,0.0
