2.0,"2019-08-01 00:05:39.000000","2019-08-01 00:30:34.000000",1.0,7.36,1.0,N,234.0,129.0,1.0,24.0,0.5,0.5,8.48,6.12,0.3,42.4,2.5
1.0,"2019-08-01 02:15:04.000000","2019-08-01 02:45:13.000000",1.0,7.9,1.0,N,234.0,129.0,1.0,27.0,3.0,0.5,0.05,0.0,0.3,30.85,2.5
2.0,"2019-08-01 02:42:47.000000","2019-08-01 03:03:48.000000",1.0,10.43,1.0,N,234.0,129.0,1.0,30.5,0.5,0.5,0.0,6.12,0.3,40.42,2.5
2.0,"2019-08-01 13:42:02.000000","2019-08-01 14:22:53.000000",1.0,6.92,1.0,N,234.0,129.0,2.0,29.0,0.0,0.5,0.0,0.0,0.3,32.3,2.5
1.0,"2019-08-01 20:20:08.000000","2019-08-01 20:43:55.000000",1.0,7.4,1.0,N,234.0,129.0,1.0,25.0,3.0,0.5,6.95,6.12,0.3,41.87,2.5
2.0,"2019-08-02 00:09:33.000000","2019-08-02 00:40:11.000000",6.0,8.29,1.0,N,234.0,129.0,1.0,28.0,0.5,0.5,6.36,0.0,0.3,38.16,2.5
2.0,"2019-08-02 01:43:48.000000","2019-08-02 02:09:43.000000",1.0,6.84,1.0,N,234.0,129.0,2.0,23.0,0.5,0.5,0.0,0.0,0.3,26.8,2.5
2.0,"2019-08-02 01:53:29.000000","2019-08-02 02:17:06.000000",1.0,7.16,1.0,N,234.0,129.0,2.0,23.0,0.5,0.5,0.0,0.0,0.3,26.8,2.5
1.0,"2019-08-02 04:22:54.000000","2019-08-02 04:46:42.000000",2.0,7.4,1.0,N,234.0,129.0,2.0,24.0,3.0,0.5,0.0,0.0,0.3,27.8,2.5
2.0,"2019-08-02 13:14:59.000000","2019-08-02 13:49:37.000000",1.0,6.91,1.0,N,234.0,129.0,2.0,27.5,0.0,0.5,0.0,0.0,0.3,30.8,2.5
1.0,"2019-08-02 13:00:20.000000","2019-08-02 13:32:45.000000",2.0,7.8,1.0,N,234.0,129.0,2.0,28.5,2.5,0.5,0.0,6.12,0.3,37.92,2.5
2.0,"2019-08-02 15:53:01.000000","2019-08-02 16:26:14.000000",1.0,9.74,1.0,N,234.0,129.0,1.0,33.0,0.0,0.5,8.0,6.12,0.3,50.42,2.5
1.0,"2019-08-02 15:13:01.000000","2019-08-02 15:59:48.000000",1.0,7.1,1.0,N,234.0,129.0,1.0,31.5,2.5,0.5,6.95,0.0,0.3,41.75,2.5
2.0,"2019-08-02 16:06:21.000000","2019-08-02 16:31:28.000000",1.0,6.59,1.0,N,234.0,129.0,1.0,24.0,1.0,0.5,6.88,6.12,0.3,41.3,2.5
2.0,"2019-08-02 23:50:29.000000","2019-08-03 00:19:35.000000",2.0,7.04,1.0,N,234.0,129.0,1.0,25.5,0.5,0.5,7.32,0.0,0.3,36.62,2.5
2.0,"2019-08-03 01:19:09.000000","2019-08-03 01:37:24.000000",5.0,7.37,1.0,N,234.0,129.0,1.0,22.5,0.5,0.5,6.48,6.12,0.3,38.9,2.5
2.0,"2019-08-03 01:37:33.000000","2019-08-03 02:07:11.000000",1.0,8.47,1.0,N,234.0,129.0,1.0,28.0,0.5,0.5,7.95,0.0,0.3,39.75,2.5
1.0,"2019-08-04 09:26:59.000000","2019-08-04 09:49:54.000000",2.0,7.8,1.0,N,234.0,129.0,2.0,25.5,2.5,0.5,0.0,6.12,0.3,34.92,2.5
2.0,"2019-08-04 15:56:29.000000","2019-08-04 16:20:51.000000",2.0,9.13,1.0,N,234.0,129.0,2.0,28.0,0.0,0.5,0.0,0.0,0.3,31.3,2.5
1.0,"2019-08-04 17:43:42.000000","2019-08-04 18:19:51.000000",1.0,6.7,1.0,N,234.0,129.0,1.0,27.5,2.5,0.5,6.15,0.0,0.3,36.95,2.5
2.0,"2019-08-05 00:33:54.000000","2019-08-05 01:02:43.000000",1.0,7.31,1.0,N,234.0,129.0,1.0,25.5,0.5,0.5,3.0,0.0,0.3,32.3,2.5
2.0,"2019-08-05 02:52:46.000000","2019-08-05 03:19:11.000000",2.0,7.61,1.0,N,234.0,129.0,2.0,25.5,0.5,0.5,0.0,0.0,0.3,29.3,2.5
1.0,"2019-08-05 02:20:04.000000","2019-08-05 02:50:35.000000",1.0,8.1,1.0,N,234.0,129.0,2.0,26.5,3.0,0.5,0.0,0.0,0.3,30.3,2.5
1.0,"2019-08-05 14:42:17.000000","2019-08-05 15:19:14.000000",1.0,6.8,1.0,N,234.0,129.0,2.0,27.0,2.5,0.5,0.0,0.0,0.3,30.3,2.5
1.0,"2019-08-05 22:12:33.000000","2019-08-05 22:51:21.000000",1.0,7.8,1.0,N,234.0,129.0,1.0,30.0,3.0,0.5,5.0,0.0,0.3,38.8,2.5
1.0,"2019-08-05 23:50:59.000000","2019-08-06 00:21:28.000000",1.0,7.4,1.0,N,234.0,129.0,2.0,26.0,3.0,0.5,0.0,0.0,0.3,29.8,2.5
2.0,"2019-08-06 12:23:57.000000","2019-08-06 13:00:28.000000",1.0,11.16,1.0,N,234.0,129.0,2.0,35.5,0.0,0.5,0.0,6.12,0.3,44.92,2.5
2.0,"2019-08-06 13:44:53.000000","2019-08-06 14:34:44.000000",1.0,6.89,1.0,N,234.0,129.0,2.0,33.5,0.0,0.5,0.0,0.0,0.3,36.8,2.5
2.0,"2019-08-06 20:20:18.000000","2019-08-06 20:57:40.000000",1.0,7.08,1.0,N,234.0,129.0,2.0,28.0,0.5,0.5,0.0,0.0,0.3,31.8,2.5
2.0,"2019-08-06 22:33:54.000000","2019-08-06 23:08:55.000000",2.0,7.48,1.0,N,234.0,129.0,1.0,28.5,0.5,0.5,6.46,0.0,0.3,38.76,2.5
1.0,"2019-08-06 23:14:03.000000","2019-08-06 23:42:13.000000",1.0,6.7,1.0,N,234.0,129.0,1.0,25.0,3.0,0.5,5.75,0.0,0.3,34.55,2.5
2.0,"2019-08-07 13:28:26.000000","2019-08-07 14:16:18.000000",1.0,0.0,1.0,N,234.0,129.0,2.0,26.0,0.0,0.5,0.0,0.0,0.3,29.3,2.5
2.0,"2019-08-07 22:01:54.000000","2019-08-07 22:59:40.000000",1.0,23.56,1.0,N,234.0,129.0,2.0,68.0,0.5,0.5,0.0,6.12,0.3,77.92,2.5
1.0,"2019-08-08 00:54:29.000000","2019-08-08 01:24:31.000000",0.0,7.0,1.0,N,234.0,129.0,2.0,26.0,3.0,0.5,0.0,0.0,0.3,29.8,2.5
2.0,"2019-08-08 01:07:58.000000","2019-08-08 01:27:28.000000",3.0,8.55,1.0,N,234.0,129.0,1.0,26.0,0.5,0.5,0.0,6.12,0.3,35.92,2.5
2.0,"2019-08-08 12:22:18.000000","2019-08-08 13:08:14.000000",2.0,9.56,1.0,N,234.0,129.0,1.0,37.0,0.0,0.5,9.28,6.12,0.3,55.7,2.5
1.0,"2019-08-08 13:18:46.000000","2019-08-08 13:56:06.000000",1.0,6.8,1.0,N,234.0,129.0,2.0,28.0,2.5,0.5,0.0,0.0,0.3,31.3,2.5
2.0,"2019-08-08 14:45:43.000000","2019-08-08 15:34:58.000000",1.0,9.11,1.0,N,234.0,129.0,1.0,35.5,0.0,0.5,11.23,6.12,0.3,56.15,2.5
2.0,"2019-08-08 14:23:53.000000","2019-08-08 15:24:25.000000",1.0,8.44,1.0,N,234.0,129.0,1.0,40.5,0.0,0.5,9.98,6.12,0.3,59.9,2.5
1.0,"2019-08-08 14:42:47.000000","2019-08-08 15:39:55.000000",2.0,8.2,1.0,N,234.0,129.0,1.0,38.5,2.5,0.5,9.55,6.12,0.3,57.47,2.5
2.0,"2019-08-08 14:34:12.000000","2019-08-08 15:29:59.000000",1.0,9.64,1.0,N,234.0,129.0,1.0,38.5,0.0,0.5,6.0,6.12,0.3,53.92,2.5
2.0,"2019-08-08 15:45:21.000000","2019-08-08 17:17:29.000000",1.0,10.02,1.0,N,234.0,129.0,2.0,57.5,0.0,0.5,0.0,5.76,0.3,66.56,2.5
2.0,"2019-08-08 15:23:28.000000","2019-08-08 16:20:47.000000",5.0,9.05,1.0,N,234.0,129.0,1.0,41.0,0.0,0.5,0.0,6.12,0.3,50.42,2.5
2.0,"2019-08-08 18:45:43.000000","2019-08-08 19:17:33.000000",2.0,7.84,1.0,N,234.0,129.0,2.0,28.5,1.0,0.5,0.0,6.12,0.3,38.92,2.5
2.0,"2019-08-08 22:31:35.000000","2019-08-08 23:12:09.000000",1.0,7.52,1.0,N,234.0,129.0,1.0,30.5,0.5,0.5,5.0,0.0,0.3,39.3,2.5
1.0,"2019-08-09 11:06:05.000000","2019-08-09 11:47:45.000000",2.0,6.8,1.0,N,234.0,129.0,2.0,29.5,2.5,0.5,0.0,0.0,0.3,32.8,2.5
1.0,"2019-08-09 13:32:32.000000","2019-08-09 14:31:23.000000",1.0,10.6,1.0,Y,234.0,129.0,1.0,44.0,2.5,0.5,3.0,0.0,0.3,50.3,2.5
1.0,"2019-08-09 13:50:57.000000","2019-08-09 14:19:37.000000",1.0,7.9,1.0,N,234.0,129.0,2.0,26.0,2.5,0.5,0.0,6.12,0.3,35.42,2.5
1.0,"2019-08-09 15:59:18.000000","2019-08-09 16:50:26.000000",1.0,7.7,1.0,N,234.0,129.0,2.0,33.0,2.5,0.5,0.0,0.0,0.3,36.3,2.5
2.0,"2019-08-09 20:34:58.000000","2019-08-09 21:09:40.000000",1.0,7.2,1.0,N,234.0,129.0,2.0,27.5,0.5,0.5,0.0,0.0,0.3,31.3,2.5
2.0,"2019-08-09 20:51:32.000000","2019-08-09 21:33:07.000000",1.0,10.79,1.0,N,234.0,129.0,1.0,37.5,0.5,0.5,6.0,0.0,0.3,47.3,2.5
1.0,"2019-08-09 23:56:21.000000","2019-08-10 00:25:19.000000",1.0,6.9,1.0,N,234.0,129.0,1.0,25.0,3.0,0.5,5.75,0.0,0.3,34.55,2.5
2.0,"2019-08-09 23:10:05.000000","2019-08-09 23:49:36.000000",2.0,8.01,1.0,N,234.0,129.0,1.0,30.5,0.5,0.5,5.0,0.0,0.3,39.3,2.5
1.0,"2019-08-09 23:28:18.000000","2019-08-09 23:57:38.000000",1.0,6.7,1.0,N,234.0,129.0,1.0,25.0,3.0,0.5,5.0,0.0,0.3,33.8,2.5
2.0,"2019-08-10 02:02:46.000000","2019-08-10 02:32:12.000000",2.0,7.22,1.0,N,234.0,129.0,1.0,25.5,0.5,0.5,4.0,0.0,0.3,33.3,2.5
2.0,"2019-08-10 02:04:44.000000","2019-08-10 02:36:59.000000",2.0,8.2,1.0,N,234.0,129.0,2.0,29.0,0.5,0.5,0.0,0.0,0.3,32.8,2.5
1.0,"2019-08-10 04:01:21.000000","2019-08-10 04:25:53.000000",1.0,7.2,1.0,N,234.0,129.0,2.0,24.0,3.0,0.5,0.0,0.0,0.3,27.8,2.5
1.0,"2019-08-10 04:07:43.000000","2019-08-10 04:29:58.000000",1.0,6.3,1.0,N,234.0,129.0,3.0,21.0,3.0,0.5,0.0,0.0,0.3,24.8,2.5
2.0,"2019-08-10 19:17:08.000000","2019-08-10 19:41:55.000000",1.0,9.25,1.0,N,234.0,129.0,2.0,28.5,0.0,0.5,0.0,6.12,0.3,37.92,2.5
2.0,"2019-08-10 23:32:19.000000","2019-08-11 00:12:00.000000",4.0,7.58,1.0,N,234.0,129.0,1.0,31.5,0.5,0.5,8.28,6.12,0.3,49.7,2.5
1.0,"2019-08-11 00:12:15.000000","2019-08-11 00:34:31.000000",2.0,6.6,1.0,N,234.0,129.0,1.0,22.0,3.0,0.5,6.38,6.12,0.3,38.3,2.5
2.0,"2019-08-11 01:49:00.000000","2019-08-11 02:13:29.000000",1.0,6.64,1.0,N,234.0,129.0,2.0,22.5,0.5,0.5,0.0,0.0,0.3,26.3,2.5
1.0,"2019-08-11 02:03:28.000000","2019-08-11 02:27:38.000000",1.0,7.3,1.0,N,234.0,129.0,1.0,24.0,3.0,0.5,3.0,0.0,0.3,30.8,2.5
2.0,"2019-08-11 03:38:56.000000","2019-08-11 03:58:36.000000",2.0,6.93,1.0,N,234.0,129.0,1.0,21.5,0.5,0.5,5.06,0.0,0.3,30.36,2.5
2.0,"2019-08-11 05:08:50.000000","2019-08-11 05:31:42.000000",6.0,7.49,1.0,N,234.0,129.0,2.0,24.0,0.5,0.5,0.0,0.0,0.3,27.8,2.5
2.0,"2019-08-11 12:33:35.000000","2019-08-11 12:51:04.000000",1.0,8.93,1.0,N,234.0,129.0,1.0,25.0,0.0,0.5,6.88,6.12,0.3,43.25,2.5
2.0,"2019-08-11 15:55:23.000000","2019-08-11 16:24:16.000000",1.0,7.07,1.0,N,234.0,129.0,2.0,24.5,0.0,0.5,0.0,0.0,0.3,27.8,2.5
1.0,"2019-08-11 16:20:57.000000","2019-08-11 16:41:52.000000",1.0,7.4,1.0,N,234.0,129.0,2.0,24.0,2.5,0.5,0.0,6.12,0.3,33.42,2.5
1.0,"2019-08-11 23:50:33.000000","2019-08-12 00:13:45.000000",1.0,6.2,1.0,N,234.0,129.0,3.0,21.5,3.0,0.5,0.0,0.0,0.3,25.3,2.5
1.0,"2019-08-12 13:31:33.000000","2019-08-12 14:04:43.000000",1.0,6.8,1.0,N,234.0,129.0,2.0,26.5,2.5,0.5,0.0,0.0,0.3,29.8,2.5
2.0,"2019-08-12 18:16:18.000000","2019-08-12 18:41:29.000000",1.0,9.18,1.0,N,234.0,129.0,2.0,28.0,1.0,0.5,0.0,6.12,0.3,38.42,2.5
2.0,"2019-08-13 03:15:24.000000","2019-08-13 03:46:42.000000",1.0,6.52,1.0,N,234.0,129.0,1.0,24.0,0.5,0.5,0.0,0.0,0.3,27.8,2.5
2.0,"2019-08-13 13:51:09.000000","2019-08-13 14:28:24.000000",1.0,6.69,1.0,N,234.0,129.0,2.0,28.0,0.0,0.5,0.0,0.0,0.3,31.3,2.5
2.0,"2019-08-13 21:02:25.000000","2019-08-13 21:22:56.000000",1.0,7.63,1.0,N,234.0,129.0,1.0,23.5,0.5,0.5,6.68,6.12,0.3,40.1,2.5
2.0,"2019-08-13 22:12:13.000000","2019-08-14 22:03:14.000000",2.0,7.33,1.0,N,234.0,129.0,1.0,23.5,0.5,0.5,1.67,6.12,0.3,35.09,2.5
1.0,"2019-08-13 22:12:05.000000","2019-08-13 23:03:25.000000",2.0,13.0,1.0,N,234.0,129.0,1.0,44.0,3.0,0.5,2.2,0.0,0.3,50.0,2.5
2.0,"2019-08-13 23:19:36.000000","2019-08-13 23:49:13.000000",1.0,6.83,1.0,N,234.0,129.0,1.0,24.0,0.5,0.5,5.56,0.0,0.3,33.36,2.5
1.0,"2019-08-14 11:07:48.000000","2019-08-14 11:33:28.000000",2.0,8.5,1.0,N,234.0,129.0,2.0,28.0,2.5,0.5,0.0,6.12,0.3,37.42,2.5
1.0,"2019-08-14 13:15:08.000000","2019-08-14 14:00:00.000000",1.0,6.7,1.0,N,234.0,129.0,2.0,31.5,2.5,0.5,0.0,0.0,0.3,34.8,2.5
2.0,"2019-08-14 22:00:26.000000","2019-08-14 22:19:46.000000",1.0,6.33,1.0,N,234.0,129.0,1.0,21.0,0.5,0.5,7.73,6.12,0.3,38.65,2.5
2.0,"2019-08-14 22:11:37.000000","2019-08-14 22:30:58.000000",1.0,6.64,1.0,N,234.0,129.0,1.0,21.5,0.5,0.5,6.28,6.12,0.3,37.7,2.5
2.0,"2019-08-15 00:13:27.000000","2019-08-15 00:35:45.000000",1.0,6.62,1.0,N,234.0,129.0,2.0,21.5,0.5,0.5,0.0,0.0,0.3,25.3,2.5
2.0,"2019-08-15 11:18:23.000000","2019-08-15 11:47:33.000000",1.0,10.2,1.0,N,234.0,129.0,1.0,32.0,0.0,0.5,8.28,6.12,0.3,49.7,2.5
2.0,"2019-08-15 13:41:40.000000","2019-08-15 14:16:22.000000",1.0,7.6,1.0,N,234.0,129.0,2.0,29.0,0.0,0.5,0.0,6.12,0.3,38.42,2.5
2.0,"2019-08-15 18:39:05.000000","2019-08-15 19:09:05.000000",1.0,6.04,1.0,N,234.0,129.0,1.0,23.5,1.0,0.5,5.56,0.0,0.3,33.36,2.5
2.0,"2019-08-15 22:12:53.000000","2019-08-15 22:32:22.000000",2.0,7.0,1.0,N,234.0,129.0,1.0,22.0,0.5,0.5,6.38,6.12,0.3,38.3,2.5
2.0,"2019-08-16 00:10:28.000000","2019-08-16 00:29:09.000000",5.0,6.88,1.0,N,234.0,129.0,1.0,22.5,0.5,0.5,4.4,6.12,0.3,36.82,2.5
2.0,"2019-08-16 01:28:05.000000","2019-08-16 02:03:25.000000",2.0,7.41,1.0,N,234.0,129.0,1.0,28.5,0.5,0.5,5.0,0.0,0.3,37.3,2.5
1.0,"2019-08-16 01:01:47.000000","2019-08-16 01:25:14.000000",1.0,7.9,1.0,N,234.0,129.0,1.0,25.5,3.0,0.5,7.05,6.12,0.3,42.47,2.5
2.0,"2019-08-16 13:18:14.000000","2019-08-16 13:54:16.000000",1.0,7.78,1.0,N,234.0,129.0,2.0,30.0,0.0,0.5,0.0,6.12,0.3,39.42,2.5
1.0,"2019-08-16 14:14:54.000000","2019-08-16 14:53:03.000000",1.0,9.7,1.0,N,234.0,129.0,1.0,33.5,2.5,0.5,8.55,6.12,0.3,51.47,2.5
1.0,"2019-08-16 19:56:22.000000","2019-08-16 20:28:30.000000",1.0,7.0,1.0,N,234.0,129.0,2.0,26.0,3.0,0.5,0.0,0.0,0.3,29.8,2.5
1.0,"2019-08-16 20:54:40.000000","2019-08-16 21:25:41.000000",1.0,7.4,1.0,N,234.0,129.0,1.0,26.5,3.0,0.5,6.06,0.0,0.3,36.36,2.5
2.0,"2019-08-16 21:26:04.000000","2019-08-16 22:01:01.000000",2.0,9.14,1.0,N,234.0,129.0,2.0,32.0,0.5,0.5,0.0,0.0,0.3,35.8,2.5
1.0,"2019-08-16 23:51:29.000000","2019-08-17 00:20:38.000000",1.0,6.8,1.0,N,234.0,129.0,1.0,25.0,3.0,0.5,5.75,0.0,0.3,34.55,2.5
2.0,"2019-08-17 00:01:20.000000","2019-08-17 00:41:55.000000",1.0,8.01,1.0,N,234.0,129.0,1.0,31.5,0.5,0.5,3.0,0.0,0.3,38.3,2.5
2.0,"2019-08-17 00:06:39.000000","2019-08-17 00:28:13.000000",5.0,7.33,1.0,N,234.0,129.0,1.0,24.0,0.5,0.5,6.78,6.12,0.3,40.7,2.5
2.0,"2019-08-17 12:55:49.000000","2019-08-17 13:43:49.000000",3.0,7.31,1.0,N,234.0,129.0,2.0,33.5,0.0,0.5,0.0,0.0,0.3,36.8,2.5
1.0,"2019-08-17 15:58:18.000000","2019-08-17 16:36:29.000000",1.0,6.9,1.0,N,234.0,129.0,1.0,28.0,2.5,0.5,6.25,0.0,0.3,37.55,2.5
2.0,"2019-08-17 15:29:06.000000","2019-08-17 16:01:55.000000",2.0,6.82,1.0,N,234.0,129.0,1.0,26.5,0.0,0.5,5.96,0.0,0.3,35.76,2.5
2.0,"2019-08-17 15:18:50.000000","2019-08-17 15:50:27.000000",3.0,7.68,1.0,N,234.0,129.0,1.0,28.0,0.0,0.5,7.48,6.12,0.3,44.9,2.5
2.0,"2019-08-17 22:07:10.000000","2019-08-17 22:26:16.000000",2.0,6.51,1.0,N,234.0,129.0,1.0,21.0,0.5,0.5,6.18,6.12,0.3,37.1,2.5
2.0,"2019-08-18 00:06:34.000000","2019-08-18 00:46:26.000000",1.0,8.14,1.0,N,234.0,129.0,1.0,31.0,0.5,0.5,6.96,0.0,0.3,41.76,2.5
2.0,"2019-08-18 01:43:23.000000","2019-08-18 02:12:39.000000",3.0,7.59,1.0,N,234.0,129.0,1.0,25.5,0.5,0.5,5.86,0.0,0.3,35.16,2.5
2.0,"2019-08-18 04:10:21.000000","2019-08-18 04:41:23.000000",1.0,8.18,1.0,N,234.0,129.0,2.0,27.5,0.5,0.5,0.0,0.0,0.3,31.3,2.5
1.0,"2019-08-18 07:54:19.000000","2019-08-18 08:10:43.000000",1.0,6.7,1.0,N,234.0,129.0,2.0,20.5,2.5,0.5,0.0,6.12,0.3,29.92,2.5
2.0,"2019-08-18 16:17:07.000000","2019-08-18 16:39:05.000000",1.0,7.85,1.0,N,234.0,129.0,2.0,24.0,0.0,0.5,0.0,6.12,0.3,33.42,2.5
1.0,"2019-08-18 20:22:13.000000","2019-08-18 20:54:09.000000",2.0,6.6,1.0,N,234.0,129.0,3.0,25.5,3.0,0.5,0.0,0.0,0.3,29.3,2.5
2.0,"2019-08-19 03:53:42.000000","2019-08-19 04:10:33.000000",1.0,7.11,1.0,N,234.0,129.0,2.0,22.0,0.5,0.5,0.0,6.12,0.3,31.92,2.5
2.0,"2019-08-19 13:19:44.000000","2019-08-19 13:47:55.000000",1.0,7.63,1.0,N,234.0,129.0,2.0,26.5,0.0,0.5,0.0,6.12,0.3,35.92,2.5
2.0,"2019-08-19 14:12:59.000000","2019-08-19 14:57:36.000000",1.0,8.85,1.0,N,234.0,129.0,1.0,34.5,0.0,0.5,10.98,6.12,0.3,54.9,2.5
2.0,"2019-08-20 13:11:21.000000","2019-08-20 13:34:38.000000",1.0,7.65,1.0,N,234.0,129.0,2.0,25.0,0.0,0.5,0.0,6.12,0.3,34.42,2.5
2.0,"2019-08-20 23:37:07.000000","2019-08-21 00:11:06.000000",1.0,6.84,1.0,N,234.0,129.0,1.0,27.0,0.5,0.5,6.16,0.0,0.3,36.96,2.5
1.0,"2019-08-21 01:34:24.000000","2019-08-21 02:08:01.000000",2.0,6.9,1.0,N,234.0,129.0,2.0,27.0,3.0,0.5,0.0,0.0,0.3,30.8,2.5
2.0,"2019-08-21 01:39:36.000000","2019-08-21 02:04:48.000000",2.0,6.79,1.0,N,234.0,129.0,1.0,23.0,0.5,0.5,0.0,0.0,0.3,26.8,2.5
1.0,"2019-08-21 10:33:54.000000","2019-08-21 11:08:27.000000",1.0,6.9,1.0,N,234.0,129.0,2.0,27.5,2.5,0.5,0.0,0.0,0.3,30.8,2.5
2.0,"2019-08-21 13:13:47.000000","2019-08-21 13:56:40.000000",2.0,6.94,1.0,N,234.0,129.0,2.0,30.0,0.0,0.5,0.0,0.0,0.3,33.3,2.5
2.0,"2019-08-21 20:37:19.000000","2019-08-21 21:01:41.000000",1.0,7.66,1.0,N,234.0,129.0,1.0,26.0,0.5,0.5,7.18,6.12,0.3,43.1,2.5
2.0,"2019-08-22 01:21:57.000000","2019-08-22 01:51:41.000000",1.0,7.39,1.0,N,234.0,129.0,1.0,26.0,0.5,0.5,0.0,0.0,0.3,29.8,2.5
2.0,"2019-08-22 01:00:29.000000","2019-08-22 01:27:09.000000",1.0,10.91,1.0,N,234.0,129.0,1.0,32.5,0.5,0.5,7.26,0.0,0.3,43.56,2.5
2.0,"2019-08-22 01:28:00.000000","2019-08-22 01:47:08.000000",1.0,9.01,1.0,N,234.0,129.0,2.0,26.0,0.5,0.5,0.0,0.0,0.3,29.8,2.5
2.0,"2019-08-22 13:33:14.000000","2019-08-22 14:13:16.000000",1.0,7.47,1.0,N,234.0,129.0,2.0,30.5,0.0,0.5,0.0,6.12,0.3,39.92,2.5
2.0,"2019-08-22 13:28:23.000000","2019-08-22 14:06:12.000000",1.0,10.18,1.0,N,234.0,129.0,1.0,34.0,0.0,0.5,7.0,6.12,0.3,50.42,2.5
2.0,"2019-08-22 21:13:05.000000","2019-08-22 21:48:09.000000",1.0,6.66,1.0,N,234.0,129.0,1.0,26.0,0.5,0.5,5.96,0.0,0.3,35.76,2.5
1.0,"2019-08-22 21:17:19.000000","2019-08-22 21:45:46.000000",0.0,7.4,1.0,N,234.0,129.0,1.0,25.0,3.0,0.5,6.95,6.12,0.3,41.87,2.5
2.0,"2019-08-23 01:51:12.000000","2019-08-23 02:24:15.000000",1.0,7.61,1.0,N,234.0,129.0,2.0,28.5,0.5,0.5,0.0,0.0,0.3,32.3,2.5
2.0,"2019-08-23 00:59:11.000000","2019-08-23 01:21:36.000000",1.0,8.66,1.0,N,234.0,129.0,2.0,27.5,0.5,0.5,0.0,0.0,0.3,31.3,2.5
2.0,"2019-08-23 01:46:40.000000","2019-08-23 02:19:48.000000",1.0,7.95,1.0,N,234.0,129.0,2.0,27.5,0.5,0.5,0.0,0.0,0.3,31.3,2.5
1.0,"2019-08-23 03:53:26.000000","2019-08-23 04:25:23.000000",0.0,8.6,1.0,N,234.0,129.0,1.0,28.5,3.0,0.5,6.45,0.0,0.3,38.75,2.5
1.0,"2019-08-23 13:22:40.000000","2019-08-23 14:00:24.000000",1.0,6.8,1.0,N,234.0,129.0,2.0,28.5,2.5,0.5,0.0,0.0,0.3,31.8,2.5
2.0,"2019-08-23 15:12:41.000000","2019-08-23 15:44:08.000000",3.0,8.96,1.0,N,234.0,129.0,1.0,29.0,0.0,0.5,5.76,6.12,0.3,44.18,2.5
1.0,"2019-08-24 00:21:55.000000","2019-08-24 00:45:38.000000",1.0,8.3,1.0,N,234.0,129.0,2.0,26.5,3.0,0.5,0.0,6.12,0.3,36.42,2.5
2.0,"2019-08-24 00:54:28.000000","2019-08-24 01:26:24.000000",1.0,8.89,1.0,N,234.0,129.0,2.0,30.5,0.5,0.5,0.0,0.0,0.3,34.3,2.5
2.0,"2019-08-24 02:40:25.000000","2019-08-24 03:07:22.000000",1.0,7.41,1.0,N,234.0,129.0,1.0,25.0,0.5,0.5,0.0,0.0,0.3,28.8,2.5
2.0,"2019-08-24 02:26:09.000000","2019-08-24 02:53:07.000000",1.0,7.3,1.0,N,234.0,129.0,2.0,25.0,0.5,0.5,0.0,0.0,0.3,28.8,2.5
2.0,"2019-08-24 04:36:35.000000","2019-08-24 05:00:55.000000",1.0,8.33,1.0,N,234.0,129.0,2.0,26.5,0.5,0.5,0.0,6.12,0.3,36.42,2.5
1.0,"2019-08-24 17:02:34.000000","2019-08-24 17:31:38.000000",1.0,7.7,1.0,N,234.0,129.0,1.0,27.0,2.5,0.5,7.25,6.12,0.3,43.67,2.5
2.0,"2019-08-24 18:39:06.000000","2019-08-24 19:20:37.000000",1.0,8.45,1.0,N,234.0,129.0,1.0,33.0,0.0,0.5,0.05,0.0,0.3,36.35,2.5
2.0,"2019-08-24 18:01:27.000000","2019-08-24 18:25:53.000000",1.0,7.74,1.0,N,234.0,129.0,1.0,25.5,0.0,0.5,10.48,6.12,0.3,45.4,2.5
2.0,"2019-08-25 00:46:05.000000","2019-08-25 01:05:14.000000",5.0,8.68,1.0,N,234.0,129.0,2.0,26.0,0.5,0.5,0.0,6.12,0.3,35.92,2.5
2.0,"2019-08-25 03:04:41.000000","2019-08-25 03:43:01.000000",1.0,7.71,1.0,N,234.0,129.0,1.0,28.5,0.5,0.5,6.46,0.0,0.3,38.76,2.5
1.0,"2019-08-25 03:42:20.000000","2019-08-25 04:08:22.000000",1.0,7.6,1.0,N,234.0,129.0,1.0,25.0,3.0,0.5,0.0,0.0,0.3,28.8,2.5
2.0,"2019-08-25 07:02:59.000000","2019-08-25 07:18:53.000000",1.0,7.14,1.0,N,234.0,129.0,2.0,22.0,0.0,0.5,0.0,6.12,0.3,31.42,2.5
1.0,"2019-08-25 17:26:24.000000","2019-08-25 17:45:39.000000",1.0,8.0,1.0,N,234.0,129.0,2.0,23.5,2.5,0.5,0.0,6.12,0.3,32.92,2.5
2.0,"2019-08-25 17:33:45.000000","2019-08-25 18:18:42.000000",1.0,6.4,1.0,N,234.0,129.0,2.0,31.5,0.0,0.5,0.0,0.0,0.3,34.8,2.5
1.0,"2019-08-26 13:34:09.000000","2019-08-26 14:08:51.000000",1.0,6.9,1.0,N,234.0,129.0,2.0,27.5,2.5,0.5,0.0,0.0,0.3,30.8,2.5
2.0,"2019-08-26 20:18:52.000000","2019-08-26 20:39:17.000000",1.0,7.45,1.0,N,234.0,129.0,1.0,23.0,0.5,0.5,6.58,6.12,0.3,39.5,2.5
2.0,"2019-08-27 04:07:12.000000","2019-08-27 04:34:38.000000",1.0,7.56,1.0,N,234.0,129.0,2.0,25.5,0.5,0.5,0.0,0.0,0.3,29.3,2.5
2.0,"2019-08-27 13:09:51.000000","2019-08-27 13:34:14.000000",1.0,7.63,1.0,N,234.0,129.0,2.0,25.0,0.0,0.5,0.0,6.12,0.3,34.42,2.5
2.0,"2019-08-27 20:58:33.000000","2019-08-27 21:20:13.000000",1.0,7.41,1.0,N,234.0,129.0,1.0,24.0,0.5,0.5,8.48,6.12,0.3,42.4,2.5
2.0,"2019-08-27 23:28:59.000000","2019-08-27 23:58:16.000000",1.0,6.9,1.0,N,234.0,129.0,1.0,25.0,0.5,0.5,5.76,0.0,0.3,34.56,2.5
2.0,"2019-08-28 00:10:23.000000","2019-08-28 00:35:49.000000",4.0,6.86,1.0,N,234.0,129.0,1.0,23.0,0.5,0.5,6.7,0.0,0.3,33.5,2.5
1.0,"2019-08-28 08:06:25.000000","2019-08-28 08:42:35.000000",1.0,12.6,1.0,Y,234.0,129.0,1.0,39.5,2.5,0.5,3.0,6.12,0.3,51.92,2.5
1.0,"2019-08-28 08:08:26.000000","2019-08-28 08:45:17.000000",1.0,7.0,1.0,N,234.0,129.0,1.0,28.5,2.5,0.5,6.35,0.0,0.3,38.15,2.5
1.0,"2019-08-28 13:36:51.000000","2019-08-28 14:26:34.000000",1.0,8.1,1.0,N,234.0,129.0,1.0,35.0,2.5,0.5,7.65,0.0,0.3,45.95,2.5
1.0,"2019-08-28 14:03:12.000000","2019-08-28 14:43:01.000000",1.0,10.0,1.0,N,234.0,129.0,1.0,35.0,2.5,0.5,8.85,6.12,0.3,53.27,2.5
2.0,"2019-08-28 22:47:33.000000","2019-08-28 23:27:34.000000",1.0,7.38,1.0,N,234.0,129.0,1.0,31.0,0.5,0.5,6.96,0.0,0.3,41.76,2.5
2.0,"2019-08-29 02:42:48.000000","2019-08-29 03:01:33.000000",1.0,6.59,1.0,N,234.0,129.0,2.0,20.5,0.5,0.5,0.0,0.0,0.3,24.3,2.5
1.0,"2019-08-29 06:29:31.000000","2019-08-29 07:01:55.000000",1.0,7.4,1.0,N,234.0,129.0,1.0,28.0,2.5,0.5,2.82,0.0,0.3,34.12,2.5
1.0,"2019-08-29 13:26:43.000000","2019-08-29 13:57:02.000000",1.0,7.3,1.0,N,234.0,129.0,2.0,26.0,2.5,0.5,0.0,6.12,0.3,35.42,2.5
1.0,"2019-08-29 22:21:36.000000","2019-08-29 22:43:55.000000",2.0,7.9,1.0,N,234.0,129.0,1.0,25.5,3.0,0.5,6.0,6.12,0.3,41.42,2.5
2.0,"2019-08-30 00:00:27.000000","2019-08-30 00:20:16.000000",1.0,9.06,1.0,N,234.0,129.0,1.0,27.0,0.5,0.5,5.0,6.12,0.3,41.92,2.5
2.0,"2019-08-30 00:59:33.000000","2019-08-30 01:31:01.000000",1.0,9.32,1.0,N,234.0,129.0,2.0,31.0,0.5,0.5,0.0,0.0,0.3,34.8,2.5
2.0,"2019-08-30 01:16:26.000000","2019-08-30 01:34:10.000000",1.0,7.5,1.0,N,234.0,129.0,1.0,22.5,0.5,0.5,6.48,6.12,0.3,38.9,2.5
2.0,"2019-08-30 14:04:27.000000","2019-08-30 14:36:04.000000",1.0,7.29,1.0,N,234.0,129.0,2.0,25.5,0.0,0.5,0.0,6.12,0.3,34.92,2.5
2.0,"2019-08-30 18:34:50.000000","2019-08-30 19:04:36.000000",1.0,7.68,1.0,N,234.0,129.0,2.0,27.0,1.0,0.5,0.0,6.12,0.3,37.42,2.5
2.0,"2019-08-30 19:06:05.000000","2019-08-30 19:34:32.000000",1.0,6.62,1.0,N,234.0,129.0,1.0,24.0,1.0,0.5,5.09,0.0,0.3,33.39,2.5
1.0,"2019-08-30 23:13:01.000000","2019-08-30 23:34:06.000000",2.0,7.2,1.0,N,234.0,129.0,1.0,23.0,3.0,0.5,6.55,6.12,0.3,39.47,2.5
2.0,"2019-08-31 00:14:38.000000","2019-08-31 00:59:37.000000",2.0,8.44,1.0,N,234.0,129.0,2.0,33.0,0.5,0.5,0.0,0.0,0.3,36.8,2.5
2.0,"2019-08-31 00:58:44.000000","2019-08-31 01:17:59.000000",1.0,7.58,1.0,N,234.0,129.0,1.0,23.5,0.5,0.5,3.0,6.12,0.3,36.42,2.5
2.0,"2019-08-31 03:31:24.000000","2019-08-31 03:51:15.000000",1.0,7.87,1.0,N,234.0,129.0,2.0,24.0,0.5,0.5,0.0,6.12,0.3,33.92,2.5
2.0,"2019-08-31 09:23:17.000000","2019-08-31 09:41:06.000000",1.0,7.43,1.0,N,234.0,129.0,2.0,23.5,0.0,0.5,0.0,6.12,0.3,32.92,2.5
1.0,"2019-08-31 15:20:19.000000","2019-08-31 15:56:54.000000",1.0,6.9,1.0,N,234.0,129.0,2.0,27.5,2.5,0.5,0.0,0.0,0.3,30.8,2.5
2.0,"2019-08-31 22:41:37.000000","2019-08-31 23:17:28.000000",1.0,12.48,1.0,N,234.0,129.0,1.0,39.5,0.5,0.5,9.88,6.12,0.3,59.3,2.5
1.0,"2019-08-31 22:12:54.000000","2019-08-31 22:36:22.000000",1.0,6.9,1.0,N,234.0,129.0,2.0,23.0,3.0,0.5,0.0,6.12,0.3,32.92,2.5
,"2019-08-01 19:37:00.000000","2019-08-01 20:00:00.000000",,7.18,,,234.0,129.0,,29.83,2.75,0.5,0.0,6.12,0.3,39.5,0.0
,"2019-08-19 12:13:03.000000","2019-08-19 12:47:03.000000",,7.88,,,234.0,129.0,,27.5,2.75,0.0,0.0,6.12,0.3,36.67,0.0
,"2019-08-21 12:17:35.000000","2019-08-21 12:48:25.000000",,7.69,,,234.0,129.0,,25.66,2.75,0.0,0.0,6.12,0.3,34.83,0.0
,"2019-08-28 12:54:34.000000","2019-08-28 13:25:10.000000",,8.17,,,234.0,129.0,,25.66,2.75,0.0,0.0,6.12,0.3,34.83,0.0
,"2019-08-28 13:31:00.000000","2019-08-28 14:02:00.000000",,7.58,,,234.0,129.0,,25.16,2.75,0.5,0.0,6.12,0.3,34.83,0.0
