2.0,"2019-08-08 22:12:36.000000","2019-08-08 22:52:16.000000",3.0,12.86,1.0,N,234.0,130.0,1.0,41.5,0.5,0.5,12.86,6.12,0.3,64.28,2.5
1.0,"2019-08-09 13:22:59.000000","2019-08-09 14:15:28.000000",1.0,11.4,1.0,N,234.0,130.0,1.0,40.5,2.5,0.5,2.0,6.12,0.3,51.92,2.5
2.0,"2019-08-12 05:02:02.000000","2019-08-12 05:25:30.000000",1.0,12.46,1.0,N,234.0,130.0,2.0,35.5,0.5,0.5,0.0,6.12,0.3,45.42,2.5
2.0,"2019-08-13 09:20:42.000000","2019-08-13 09:54:28.000000",1.0,12.71,1.0,N,234.0,130.0,1.0,39.5,0.0,0.5,9.78,6.12,0.3,58.7,2.5
1.0,"2019-08-15 19:37:48.000000","2019-08-15 20:15:22.000000",1.0,13.6,1.0,N,234.0,130.0,1.0,41.0,3.5,0.5,15.4,6.12,0.3,66.82,2.5
2.0,"2019-08-18 19:55:37.000000","2019-08-18 20:44:33.000000",2.0,14.95,1.0,N,234.0,130.0,2.0,45.5,0.5,0.5,0.0,0.0,0.3,49.3,2.5
2.0,"2019-08-30 12:19:55.000000","2019-08-30 13:07:32.000000",1.0,12.35,1.0,N,234.0,130.0,2.0,39.0,0.0,0.5,0.0,6.12,0.3,48.42,2.5
1.0,"2019-08-30 22:36:56.000000","2019-08-30 23:04:16.000000",1.0,14.0,1.0,N,234.0,130.0,1.0,39.5,3.0,0.5,3.0,6.12,0.3,52.42,2.5
,"2019-08-12 19:40:35.000000","2019-08-12 20:14:56.000000",,13.4,,,234.0,130.0,,40.37,2.75,0.0,0.0,6.12,0.3,49.54,0.0
,"2019-08-03 20:44:00.000000","2019-08-03 21:17:00.000000",,12.95,,,234.0,130.0,,38.02,2.75,0.5,0.0,6.12,0.3,47.69,0.0
,"2019-08-18 20:55:27.000000","2019-08-18 21:33:13.000000",,12.96,,,234.0,130.0,,38.52,2.75,0.0,0.0,6.12,0.3,47.69,0.0
