2.0,"2019-08-01 14:42:15.000000","2019-08-01 15:23:13.000000",1.0,11.51,1.0,N,234.0,14.0,1.0,36.5,0.0,0.5,7.96,0.0,0.3,47.76,2.5
1.0,"2019-08-01 16:26:31.000000","2019-08-01 17:12:30.000000",1.0,10.9,1.0,N,234.0,14.0,1.0,36.0,3.5,0.5,5.0,0.0,0.3,45.3,2.5
2.0,"2019-08-01 18:21:24.000000","2019-08-01 19:02:08.000000",1.0,12.98,1.0,N,234.0,14.0,1.0,39.5,1.0,0.5,10.95,0.0,0.3,54.75,2.5
1.0,"2019-08-01 19:19:46.000000","2019-08-01 19:50:15.000000",1.0,12.4,1.0,N,234.0,14.0,1.0,36.0,3.5,0.5,6.96,6.12,0.3,53.38,2.5
1.0,"2019-08-01 20:21:59.000000","2019-08-01 20:48:44.000000",1.0,0.0,1.0,N,234.0,14.0,1.0,30.2,0.0,0.5,0.0,6.12,0.3,37.12,0.0
1.0,"2019-08-01 20:44:54.000000","2019-08-01 21:12:17.000000",1.0,9.2,1.0,N,234.0,14.0,1.0,28.5,3.0,0.5,7.65,6.12,0.3,46.07,2.5
1.0,"2019-08-02 01:32:37.000000","2019-08-02 01:59:37.000000",1.0,12.9,1.0,N,234.0,14.0,2.0,38.0,3.0,0.5,0.0,6.12,0.3,47.92,2.5
2.0,"2019-08-02 07:34:07.000000","2019-08-02 08:05:23.000000",3.0,11.38,1.0,N,234.0,14.0,1.0,35.5,0.0,0.5,8.98,6.12,0.3,53.9,2.5
1.0,"2019-08-02 19:21:51.000000","2019-08-02 19:56:42.000000",1.0,12.9,1.0,N,234.0,14.0,1.0,39.0,3.5,0.5,12.3,6.0,0.3,61.6,2.5
2.0,"2019-08-03 00:12:32.000000","2019-08-03 00:45:17.000000",1.0,9.92,1.0,N,234.0,14.0,2.0,31.0,0.5,0.5,0.0,6.12,0.3,40.92,2.5
2.0,"2019-08-03 04:39:56.000000","2019-08-03 05:05:49.000000",1.0,10.89,1.0,N,234.0,14.0,1.0,32.0,0.5,0.5,10.74,0.0,0.3,46.54,2.5
1.0,"2019-08-03 06:06:45.000000","2019-08-03 06:36:07.000000",1.0,13.2,1.0,N,234.0,14.0,2.0,39.0,2.5,0.5,0.0,0.0,0.3,42.3,2.5
2.0,"2019-08-03 20:24:40.000000","2019-08-03 20:52:43.000000",5.0,12.59,1.0,N,234.0,14.0,2.0,36.5,0.5,0.5,0.0,6.12,0.3,46.42,2.5
2.0,"2019-08-04 01:56:32.000000","2019-08-04 02:22:28.000000",5.0,12.12,1.0,N,234.0,14.0,1.0,35.0,0.5,0.5,7.76,0.0,0.3,46.56,2.5
1.0,"2019-08-04 21:18:13.000000","2019-08-04 21:52:15.000000",1.0,0.0,1.0,N,234.0,14.0,1.0,28.2,0.0,0.5,0.0,0.0,0.3,29.0,0.0
2.0,"2019-08-04 22:42:56.000000","2019-08-04 23:11:45.000000",1.0,11.0,1.0,N,234.0,14.0,2.0,34.0,0.5,0.5,0.0,0.0,0.3,37.8,2.5
2.0,"2019-08-05 05:59:56.000000","2019-08-05 06:24:06.000000",3.0,10.74,1.0,N,234.0,14.0,2.0,32.0,0.0,0.5,0.0,6.12,0.3,41.42,2.5
1.0,"2019-08-05 21:51:52.000000","2019-08-05 22:17:51.000000",1.0,13.0,1.0,N,234.0,14.0,1.0,37.5,3.0,0.5,8.25,0.0,0.3,49.55,2.5
2.0,"2019-08-06 05:50:14.000000","2019-08-06 06:10:15.000000",1.0,9.39,1.0,N,234.0,14.0,1.0,27.0,0.5,0.5,0.3,0.0,0.3,31.1,2.5
2.0,"2019-08-06 12:35:50.000000","2019-08-06 13:03:03.000000",6.0,10.11,1.0,N,234.0,14.0,1.0,31.0,0.0,0.5,2.58,6.12,0.3,43.0,2.5
2.0,"2019-08-06 21:48:02.000000","2019-08-06 22:17:46.000000",3.0,12.15,1.0,N,234.0,14.0,1.0,37.0,0.5,0.5,8.16,0.0,0.3,48.96,2.5
2.0,"2019-08-06 22:11:09.000000","2019-08-06 22:51:35.000000",1.0,10.91,1.0,N,234.0,14.0,2.0,36.5,0.5,0.5,0.0,0.0,0.3,40.3,2.5
2.0,"2019-08-06 23:44:11.000000","2019-08-07 00:14:47.000000",6.0,10.91,1.0,N,234.0,14.0,1.0,34.0,0.5,0.5,7.56,0.0,0.3,45.36,2.5
2.0,"2019-08-06 23:12:48.000000","2019-08-06 23:47:59.000000",1.0,14.44,1.0,N,234.0,14.0,1.0,42.5,0.5,0.5,9.26,0.0,0.3,55.56,2.5
1.0,"2019-08-07 10:59:17.000000","2019-08-07 11:28:53.000000",2.0,11.9,1.0,N,234.0,14.0,1.0,36.0,2.5,0.5,9.08,6.12,0.3,54.5,2.5
2.0,"2019-08-07 19:01:53.000000","2019-08-07 19:43:23.000000",1.0,11.81,1.0,N,234.0,14.0,1.0,38.5,1.0,0.5,9.78,6.12,0.3,58.7,2.5
1.0,"2019-08-07 21:38:36.000000","2019-08-07 22:07:05.000000",1.0,12.7,1.0,N,234.0,14.0,1.0,37.0,3.0,0.5,14.05,6.12,0.3,60.97,2.5
2.0,"2019-08-07 22:52:17.000000","2019-08-07 23:27:25.000000",2.0,14.32,1.0,N,234.0,14.0,1.0,41.5,0.5,0.5,11.32,0.0,0.3,56.62,2.5
2.0,"2019-08-07 22:21:46.000000","2019-08-07 22:52:04.000000",6.0,12.18,1.0,N,234.0,14.0,1.0,36.0,0.5,0.5,9.18,6.12,0.3,55.1,2.5
1.0,"2019-08-08 19:39:24.000000","2019-08-08 20:20:13.000000",1.0,12.4,1.0,N,234.0,14.0,1.0,39.5,3.5,0.5,13.1,0.0,0.3,56.9,2.5
2.0,"2019-08-08 21:58:51.000000","2019-08-08 22:40:17.000000",1.0,13.91,1.0,N,234.0,14.0,1.0,43.5,0.5,0.5,10.61,5.76,0.3,63.67,2.5
2.0,"2019-08-08 21:06:32.000000","2019-08-08 21:43:11.000000",3.0,13.53,1.0,N,234.0,14.0,1.0,40.0,0.5,0.5,8.76,0.0,0.3,52.56,2.5
1.0,"2019-08-08 22:27:37.000000","2019-08-08 23:09:16.000000",1.0,10.6,1.0,N,234.0,14.0,1.0,37.0,3.0,0.5,8.16,0.0,0.3,48.96,2.5
2.0,"2019-08-08 23:25:11.000000","2019-08-09 00:00:02.000000",2.0,14.44,1.0,N,234.0,14.0,1.0,41.5,0.5,0.5,10.28,6.12,0.3,61.7,2.5
2.0,"2019-08-09 21:11:01.000000","2019-08-09 21:40:37.000000",1.0,13.21,1.0,N,234.0,14.0,1.0,38.0,0.5,0.5,9.58,6.12,0.3,57.5,2.5
2.0,"2019-08-10 01:38:44.000000","2019-08-10 02:04:50.000000",5.0,15.02,1.0,N,234.0,14.0,1.0,41.0,0.5,0.5,8.96,0.0,0.3,53.76,2.5
1.0,"2019-08-11 06:55:51.000000","2019-08-11 07:23:09.000000",1.0,12.4,1.0,N,234.0,14.0,2.0,37.0,2.5,0.5,0.0,0.0,0.3,40.3,2.5
2.0,"2019-08-11 15:50:51.000000","2019-08-11 16:24:49.000000",1.0,11.86,1.0,N,234.0,14.0,1.0,36.5,0.0,0.5,7.96,0.0,0.3,47.76,2.5
1.0,"2019-08-11 22:56:52.000000","2019-08-11 23:24:30.000000",1.0,10.9,1.0,N,234.0,14.0,2.0,32.5,3.0,0.5,0.0,0.0,0.3,36.3,2.5
1.0,"2019-08-11 22:21:38.000000","2019-08-11 22:46:35.000000",2.0,13.7,1.0,N,234.0,14.0,1.0,38.5,3.0,0.5,9.65,6.12,0.3,58.07,2.5
1.0,"2019-08-11 22:19:32.000000","2019-08-11 22:43:42.000000",1.0,10.3,1.0,N,234.0,14.0,2.0,30.0,3.0,0.5,0.0,0.0,0.3,33.8,2.5
2.0,"2019-08-12 10:18:07.000000","2019-08-12 10:48:57.000000",6.0,12.36,1.0,N,234.0,14.0,2.0,36.5,0.0,0.5,0.0,6.12,0.3,45.92,2.5
1.0,"2019-08-12 19:50:38.000000","2019-08-12 20:26:57.000000",2.0,12.4,1.0,N,234.0,14.0,2.0,39.0,3.5,0.5,0.0,6.12,0.3,49.42,2.5
2.0,"2019-08-13 20:04:30.000000","2019-08-13 20:31:23.000000",5.0,11.89,1.0,N,234.0,14.0,2.0,34.5,0.5,0.5,0.0,6.12,0.3,44.42,2.5
2.0,"2019-08-13 22:50:17.000000","2019-08-13 23:14:42.000000",2.0,10.22,1.0,N,234.0,14.0,2.0,30.5,0.5,0.5,0.0,0.0,0.3,34.3,2.5
2.0,"2019-08-13 22:42:40.000000","2019-08-13 23:09:56.000000",1.0,12.32,1.0,N,234.0,14.0,1.0,36.5,0.5,0.5,6.0,6.12,0.3,52.42,2.5
2.0,"2019-08-14 21:12:34.000000","2019-08-14 21:42:42.000000",1.0,13.76,1.0,N,234.0,14.0,1.0,39.5,0.5,0.5,8.66,0.0,0.3,51.96,2.5
1.0,"2019-08-14 22:39:38.000000","2019-08-14 23:10:07.000000",1.0,12.2,1.0,N,234.0,14.0,1.0,37.5,3.0,0.5,5.0,0.0,0.3,46.3,2.5
1.0,"2019-08-15 21:57:47.000000","2019-08-15 22:30:20.000000",1.0,11.5,1.0,N,234.0,14.0,1.0,36.0,3.0,0.5,9.9,0.0,0.3,49.7,2.5
2.0,"2019-08-15 23:09:31.000000","2019-08-15 23:37:29.000000",1.0,10.41,1.0,N,234.0,14.0,1.0,31.5,0.5,0.5,7.06,0.0,0.3,42.36,2.5
1.0,"2019-08-16 00:23:20.000000","2019-08-16 00:48:54.000000",1.0,10.0,1.0,N,234.0,14.0,2.0,29.5,3.0,0.5,0.0,0.0,0.3,33.3,2.5
2.0,"2019-08-17 02:45:18.000000","2019-08-17 03:10:04.000000",1.0,11.97,1.0,N,234.0,14.0,1.0,34.0,0.5,0.5,7.56,0.0,0.3,45.36,2.5
1.0,"2019-08-18 03:03:33.000000","2019-08-18 03:28:52.000000",1.0,9.7,1.0,N,234.0,14.0,1.0,31.0,3.0,0.5,6.0,0.0,0.3,40.8,2.5
1.0,"2019-08-18 18:03:23.000000","2019-08-18 18:40:49.000000",1.0,11.3,1.0,N,234.0,14.0,1.0,35.0,2.5,0.5,7.65,0.0,0.3,45.95,2.5
2.0,"2019-08-20 20:00:00.000000","2019-08-20 20:25:42.000000",6.0,12.22,1.0,N,234.0,14.0,1.0,34.5,1.0,0.5,8.98,6.12,0.3,53.9,2.5
2.0,"2019-08-20 19:51:48.000000","2019-08-20 20:18:15.000000",1.0,12.14,1.0,N,234.0,14.0,1.0,35.5,1.0,0.5,9.18,6.12,0.3,55.1,2.5
2.0,"2019-08-20 20:09:56.000000","2019-08-20 20:45:10.000000",1.0,10.59,1.0,N,234.0,14.0,1.0,33.5,0.5,0.5,7.46,0.0,0.3,44.76,2.5
2.0,"2019-08-20 23:40:30.000000","2019-08-21 00:06:58.000000",2.0,12.35,1.0,N,234.0,14.0,1.0,36.5,0.5,0.5,8.06,0.0,0.3,48.36,2.5
1.0,"2019-08-20 23:00:17.000000","2019-08-20 23:31:40.000000",2.0,12.7,1.0,N,234.0,14.0,1.0,38.5,3.0,0.5,12.65,0.0,0.3,54.95,2.5
2.0,"2019-08-20 23:27:24.000000","2019-08-20 23:57:38.000000",2.0,12.4,1.0,N,234.0,14.0,1.0,37.5,0.5,0.5,8.26,0.0,0.3,49.56,2.5
1.0,"2019-08-21 03:58:59.000000","2019-08-21 04:23:44.000000",2.0,12.7,1.0,N,234.0,14.0,2.0,36.5,3.0,0.5,0.0,0.0,0.3,40.3,2.5
2.0,"2019-08-21 22:18:34.000000","2019-08-21 22:44:43.000000",1.0,10.96,1.0,N,234.0,14.0,1.0,32.5,0.5,0.5,7.0,0.0,0.3,43.3,2.5
1.0,"2019-08-21 23:19:55.000000","2019-08-21 23:49:23.000000",1.0,14.6,1.0,N,234.0,14.0,1.0,42.0,3.0,0.5,9.15,0.0,0.3,54.95,2.5
2.0,"2019-08-22 18:44:51.000000","2019-08-22 19:19:27.000000",1.0,10.35,1.0,N,234.0,14.0,1.0,33.5,1.0,0.5,10.98,6.12,0.3,54.9,2.5
2.0,"2019-08-22 21:24:40.000000","2019-08-22 22:13:21.000000",1.0,12.94,1.0,N,234.0,14.0,1.0,43.0,0.5,0.5,10.58,6.12,0.3,63.5,2.5
2.0,"2019-08-23 17:04:17.000000","2019-08-23 17:41:43.000000",1.0,11.88,1.0,N,234.0,14.0,1.0,37.5,1.0,0.5,0.0,6.12,0.3,45.42,0.0
1.0,"2019-08-23 19:58:47.000000","2019-08-23 20:31:13.000000",1.0,12.3,1.0,N,234.0,14.0,1.0,37.5,3.0,0.5,5.0,0.0,0.3,46.3,2.5
1.0,"2019-08-23 20:04:59.000000","2019-08-23 20:34:07.000000",2.0,12.6,1.0,N,234.0,14.0,1.0,37.0,3.0,0.5,11.7,6.12,0.3,58.62,2.5
2.0,"2019-08-23 23:14:17.000000","2019-08-23 23:52:47.000000",1.0,17.41,1.0,N,234.0,14.0,1.0,50.0,0.5,0.5,11.98,6.12,0.3,71.9,2.5
2.0,"2019-08-24 04:15:17.000000","2019-08-24 04:45:08.000000",5.0,12.76,1.0,N,234.0,14.0,2.0,37.0,0.5,0.5,0.0,0.0,0.3,40.8,2.5
1.0,"2019-08-25 01:25:05.000000","2019-08-25 01:50:10.000000",1.0,10.3,1.0,N,234.0,14.0,1.0,30.5,3.0,0.5,8.55,0.0,0.3,42.85,2.5
1.0,"2019-08-25 04:03:48.000000","2019-08-25 04:25:19.000000",1.0,10.1,1.0,N,234.0,14.0,2.0,29.5,3.0,0.5,0.0,0.0,0.3,33.3,2.5
1.0,"2019-08-26 16:09:39.000000","2019-08-26 16:59:22.000000",1.0,13.5,1.0,N,234.0,14.0,2.0,45.5,3.5,0.5,0.0,6.12,0.3,55.92,2.5
2.0,"2019-08-26 19:53:52.000000","2019-08-26 20:24:15.000000",1.0,11.85,1.0,N,234.0,14.0,1.0,35.5,1.0,0.5,9.18,6.12,0.3,55.1,2.5
1.0,"2019-08-27 17:06:56.000000","2019-08-27 17:47:14.000000",1.0,0.0,1.0,N,234.0,14.0,1.0,28.2,0.0,0.5,0.0,0.0,0.3,29.0,0.0
1.0,"2019-08-27 20:58:34.000000","2019-08-27 21:27:24.000000",1.0,12.4,1.0,N,234.0,14.0,1.0,36.5,3.0,0.5,10.05,0.0,0.3,50.35,2.5
2.0,"2019-08-27 22:19:56.000000","2019-08-27 22:43:55.000000",1.0,9.49,1.0,N,234.0,14.0,1.0,28.5,0.5,0.5,7.68,6.12,0.3,46.1,2.5
1.0,"2019-08-28 15:08:04.000000","2019-08-28 15:41:11.000000",1.0,14.5,1.0,N,234.0,14.0,2.0,42.5,2.5,0.5,0.0,6.12,0.3,51.92,2.5
2.0,"2019-08-28 20:46:26.000000","2019-08-28 21:23:44.000000",2.0,12.82,1.0,N,234.0,14.0,1.0,39.0,0.5,0.5,4.28,0.0,0.3,47.08,2.5
2.0,"2019-08-28 20:45:21.000000","2019-08-28 21:19:16.000000",1.0,14.92,1.0,N,234.0,14.0,1.0,43.5,0.5,0.5,10.68,6.12,0.3,64.1,2.5
2.0,"2019-08-28 21:20:17.000000","2019-08-28 21:46:35.000000",5.0,13.49,1.0,N,234.0,14.0,1.0,37.5,0.5,0.5,9.48,6.12,0.3,56.9,2.5
2.0,"2019-08-28 22:07:05.000000","2019-08-28 22:37:50.000000",1.0,13.65,1.0,N,234.0,14.0,1.0,40.0,0.5,0.5,9.98,6.12,0.3,59.9,2.5
2.0,"2019-08-28 23:35:53.000000","2019-08-29 00:00:22.000000",1.0,12.47,1.0,N,234.0,14.0,2.0,35.5,0.5,0.5,0.0,0.0,0.3,39.3,2.5
2.0,"2019-08-29 00:21:44.000000","2019-08-29 00:50:28.000000",1.0,13.4,1.0,N,234.0,14.0,1.0,38.5,0.5,0.5,8.46,0.0,0.3,50.76,2.5
2.0,"2019-08-29 22:15:37.000000","2019-08-29 22:48:24.000000",2.0,10.75,1.0,N,234.0,14.0,1.0,33.5,0.5,0.5,5.0,0.0,0.3,42.3,2.5
2.0,"2019-08-29 23:22:22.000000","2019-08-29 23:57:25.000000",1.0,14.07,1.0,N,234.0,14.0,1.0,41.5,0.5,0.5,8.0,0.0,0.3,53.3,2.5
1.0,"2019-08-30 01:33:14.000000","2019-08-30 02:00:37.000000",1.0,12.8,1.0,N,234.0,14.0,1.0,36.5,3.0,0.5,5.0,0.0,0.3,45.3,2.5
2.0,"2019-08-30 04:45:43.000000","2019-08-30 05:06:32.000000",2.0,10.51,1.0,N,234.0,14.0,2.0,29.5,0.5,0.5,0.0,0.0,0.3,33.3,2.5
2.0,"2019-08-30 05:46:08.000000","2019-08-30 06:05:21.000000",2.0,10.26,1.0,N,234.0,14.0,2.0,29.0,0.5,0.5,0.0,0.0,0.3,32.8,2.5
2.0,"2019-08-30 12:14:31.000000","2019-08-30 12:44:30.000000",6.0,10.29,1.0,N,234.0,14.0,1.0,32.0,0.0,0.5,10.0,6.12,0.3,51.42,2.5
2.0,"2019-08-30 22:37:06.000000","2019-08-30 23:11:15.000000",1.0,10.52,1.0,N,234.0,14.0,1.0,33.5,0.5,0.5,7.46,0.0,0.3,44.76,2.5
,"2019-08-26 17:29:05.000000","2019-08-26 18:07:19.000000",,9.98,,,234.0,14.0,,33.09,2.75,0.0,0.0,6.12,0.3,42.26,0.0
,"2019-08-28 17:00:00.000000","2019-08-28 17:41:00.000000",,10.0,,,234.0,14.0,,32.59,2.75,0.5,0.0,6.12,0.3,42.26,0.0
,"2019-08-22 17:29:23.000000","2019-08-22 18:03:09.000000",,9.83,,,234.0,14.0,,33.09,2.75,0.0,0.0,6.12,0.3,42.26,0.0
