2.0,"2019-08-01 10:28:39.000000","2019-08-01 10:54:24.000000",1.0,3.82,1.0,N,234.0,145.0,1.0,19.0,0.0,0.5,2.0,0.0,0.3,24.3,2.5
1.0,"2019-08-01 18:16:23.000000","2019-08-01 18:46:50.000000",1.0,3.7,1.0,N,234.0,145.0,1.0,20.0,3.5,0.5,9.1,6.12,0.3,39.52,2.5
1.0,"2019-08-01 18:53:09.000000","2019-08-01 19:10:15.000000",1.0,3.4,1.0,N,234.0,145.0,1.0,13.5,3.5,0.5,3.59,6.12,0.3,27.51,2.5
1.0,"2019-08-01 18:44:31.000000","2019-08-01 19:01:10.000000",1.0,2.7,1.0,N,234.0,145.0,1.0,12.5,3.5,0.5,3.0,6.12,0.3,25.92,2.5
2.0,"2019-08-01 19:20:26.000000","2019-08-01 19:43:36.000000",1.0,4.36,5.0,N,234.0,145.0,2.0,20.96,0.0,0.5,0.0,0.0,0.3,21.76,0.0
2.0,"2019-08-01 19:10:59.000000","2019-08-01 19:28:45.000000",2.0,3.59,1.0,N,234.0,145.0,1.0,14.0,1.0,0.5,6.1,6.12,0.3,30.52,2.5
2.0,"2019-08-01 20:54:37.000000","2019-08-01 21:15:37.000000",1.0,3.63,1.0,N,234.0,145.0,1.0,16.0,0.5,0.5,5.18,6.12,0.3,31.1,2.5
2.0,"2019-08-01 21:05:06.000000","2019-08-01 21:17:54.000000",1.0,2.71,1.0,N,234.0,145.0,1.0,11.0,0.5,0.5,4.18,6.12,0.3,25.1,2.5
1.0,"2019-08-01 21:21:15.000000","2019-08-01 21:43:02.000000",1.0,4.3,1.0,N,234.0,145.0,1.0,18.0,3.0,0.5,2.8,0.0,0.3,24.6,2.5
1.0,"2019-08-01 21:58:20.000000","2019-08-01 22:19:15.000000",1.0,3.9,1.0,Y,234.0,145.0,1.0,17.0,3.0,0.5,4.15,0.0,0.3,24.95,2.5
2.0,"2019-08-01 22:55:24.000000","2019-08-01 23:13:23.000000",1.0,3.91,1.0,N,234.0,145.0,1.0,15.0,0.5,0.5,4.98,6.12,0.3,31.85,2.5
1.0,"2019-08-01 22:33:15.000000","2019-08-01 22:46:01.000000",1.0,3.1,1.0,N,234.0,145.0,1.0,12.5,3.0,0.5,2.5,6.12,0.3,24.92,2.5
1.0,"2019-08-01 22:18:13.000000","2019-08-01 22:38:22.000000",1.0,3.8,1.0,N,234.0,145.0,1.0,15.0,3.0,0.5,4.95,6.12,0.3,29.87,2.5
1.0,"2019-08-02 00:32:45.000000","2019-08-02 00:50:28.000000",2.0,4.7,1.0,N,234.0,145.0,1.0,16.5,3.0,0.5,4.05,0.0,0.3,24.35,2.5
1.0,"2019-08-02 12:18:24.000000","2019-08-02 12:45:03.000000",1.0,4.5,1.0,N,234.0,145.0,1.0,20.0,2.5,0.5,1.7,0.0,0.3,25.0,2.5
1.0,"2019-08-02 13:05:24.000000","2019-08-02 13:25:48.000000",1.0,2.9,1.0,N,234.0,145.0,1.0,14.5,2.5,0.5,0.0,6.0,0.3,23.8,2.5
2.0,"2019-08-02 16:44:51.000000","2019-08-02 17:09:02.000000",1.0,3.57,1.0,N,234.0,145.0,1.0,17.0,1.0,0.5,5.48,6.12,0.3,32.9,2.5
2.0,"2019-08-02 17:34:01.000000","2019-08-02 17:48:07.000000",2.0,2.4,1.0,N,234.0,145.0,1.0,11.0,1.0,0.5,4.28,6.12,0.3,25.7,2.5
1.0,"2019-08-02 20:31:23.000000","2019-08-02 20:44:04.000000",2.0,3.2,1.0,N,234.0,145.0,1.0,12.0,3.0,0.5,4.35,6.12,0.3,26.27,2.5
2.0,"2019-08-02 21:01:23.000000","2019-08-02 21:22:18.000000",1.0,3.89,1.0,N,234.0,145.0,1.0,17.0,0.5,0.5,5.38,6.12,0.3,34.25,2.5
1.0,"2019-08-02 22:33:30.000000","2019-08-02 22:48:56.000000",1.0,3.8,1.0,N,234.0,145.0,1.0,14.0,3.0,0.5,3.55,0.0,0.3,21.35,2.5
2.0,"2019-08-02 22:43:21.000000","2019-08-02 23:08:32.000000",1.0,4.56,1.0,N,234.0,145.0,1.0,19.5,0.5,0.5,2.33,0.0,0.3,25.63,2.5
2.0,"2019-08-02 23:20:30.000000","2019-08-02 23:32:10.000000",1.0,2.95,1.0,N,234.0,145.0,1.0,11.5,0.5,0.5,4.28,6.12,0.3,25.7,2.5
2.0,"2019-08-03 00:24:31.000000","2019-08-03 00:41:29.000000",1.0,4.64,1.0,N,234.0,145.0,1.0,16.0,0.5,0.5,3.96,0.0,0.3,23.76,2.5
1.0,"2019-08-03 01:26:20.000000","2019-08-03 01:37:14.000000",1.0,3.1,1.0,N,234.0,145.0,1.0,11.5,3.0,0.5,5.25,5.75,0.3,26.3,2.5
2.0,"2019-08-03 01:35:38.000000","2019-08-03 02:09:10.000000",1.0,7.04,1.0,N,234.0,145.0,1.0,28.0,0.5,0.5,6.36,0.0,0.3,38.16,2.5
2.0,"2019-08-03 05:55:06.000000","2019-08-03 06:26:28.000000",4.0,5.47,1.0,N,234.0,145.0,1.0,23.0,0.5,0.5,5.36,0.0,0.3,32.16,2.5
2.0,"2019-08-03 10:42:11.000000","2019-08-03 10:55:47.000000",1.0,3.15,1.0,N,234.0,145.0,1.0,12.5,0.0,0.5,4.38,6.12,0.3,26.3,2.5
2.0,"2019-08-03 12:23:17.000000","2019-08-03 12:50:29.000000",2.0,4.68,1.0,N,234.0,145.0,1.0,21.0,0.0,0.5,2.43,0.0,0.3,26.73,2.5
2.0,"2019-08-03 12:18:55.000000","2019-08-03 12:51:00.000000",1.0,5.36,1.0,N,234.0,145.0,2.0,24.0,0.0,0.5,0.0,0.0,0.3,27.3,2.5
2.0,"2019-08-03 12:20:11.000000","2019-08-04 12:13:11.000000",3.0,5.13,1.0,N,234.0,145.0,1.0,23.0,0.0,0.5,1.32,0.0,0.3,27.62,2.5
2.0,"2019-08-03 13:49:10.000000","2019-08-03 14:05:35.000000",1.0,3.25,1.0,N,234.0,145.0,1.0,13.5,0.0,0.5,6.88,6.12,0.3,29.8,2.5
2.0,"2019-08-03 13:27:03.000000","2019-08-03 13:44:42.000000",1.0,4.14,1.0,N,234.0,145.0,1.0,16.0,0.0,0.5,3.86,0.0,0.3,23.16,2.5
2.0,"2019-08-03 15:22:46.000000","2019-08-03 15:40:06.000000",5.0,3.82,1.0,N,234.0,145.0,1.0,15.0,0.0,0.5,2.44,6.12,0.3,28.81,2.5
1.0,"2019-08-03 17:42:47.000000","2019-08-03 18:07:53.000000",1.0,5.4,1.0,N,234.0,145.0,1.0,21.0,2.5,0.5,3.65,0.0,0.3,27.95,2.5
1.0,"2019-08-03 17:53:35.000000","2019-08-03 18:12:35.000000",1.0,4.4,1.0,N,234.0,145.0,1.0,16.5,2.5,0.5,3.95,0.0,0.3,23.75,2.5
2.0,"2019-08-03 20:46:25.000000","2019-08-03 21:10:29.000000",1.0,4.97,1.0,N,234.0,145.0,1.0,19.5,0.5,0.5,4.66,0.0,0.3,29.91,2.5
2.0,"2019-08-03 19:24:56.000000","2019-08-04 18:43:16.000000",1.0,3.78,1.0,N,234.0,145.0,1.0,15.5,0.5,0.5,2.9,0.0,0.3,22.2,2.5
1.0,"2019-08-03 23:20:33.000000","2019-08-03 23:40:41.000000",3.0,4.1,1.0,N,234.0,145.0,1.0,16.5,3.0,0.5,1.0,0.0,0.3,21.3,2.5
2.0,"2019-08-04 01:24:48.000000","2019-08-04 01:36:46.000000",1.0,3.96,1.0,N,234.0,145.0,1.0,13.0,0.5,0.5,1.0,0.0,0.3,17.8,2.5
2.0,"2019-08-04 03:31:22.000000","2019-08-04 03:44:42.000000",2.0,4.49,1.0,N,234.0,145.0,1.0,14.5,0.5,0.5,1.7,0.0,0.3,20.0,2.5
2.0,"2019-08-04 05:43:58.000000","2019-08-04 05:55:47.000000",5.0,4.34,1.0,N,234.0,145.0,1.0,14.0,0.5,0.5,4.45,0.0,0.3,22.25,2.5
2.0,"2019-08-04 13:55:43.000000","2019-08-04 14:13:43.000000",1.0,3.29,1.0,N,234.0,145.0,1.0,14.5,0.0,0.5,4.78,6.12,0.3,28.7,2.5
1.0,"2019-08-04 19:07:01.000000","2019-08-04 19:23:53.000000",1.0,3.5,1.0,N,234.0,145.0,1.0,14.0,2.5,0.5,1.0,6.12,0.3,24.42,2.5
2.0,"2019-08-04 19:06:00.000000","2019-08-04 19:23:36.000000",1.0,3.71,1.0,N,234.0,145.0,1.0,15.0,0.0,0.5,3.66,0.0,0.3,21.96,2.5
2.0,"2019-08-04 22:03:48.000000","2019-08-04 22:31:34.000000",1.0,4.57,1.0,N,234.0,145.0,1.0,21.0,0.5,0.5,4.96,0.0,0.3,29.76,2.5
2.0,"2019-08-05 12:29:29.000000","2019-08-05 12:46:20.000000",1.0,3.19,1.0,N,234.0,145.0,1.0,13.5,0.0,0.5,0.0,6.12,0.3,22.92,2.5
1.0,"2019-08-05 18:26:26.000000","2019-08-05 18:38:56.000000",1.0,2.7,1.0,N,234.0,145.0,1.0,11.5,3.5,0.5,3.29,6.12,0.3,25.21,2.5
2.0,"2019-08-05 20:08:23.000000","2019-08-05 20:26:31.000000",1.0,3.97,1.0,N,234.0,145.0,2.0,15.5,0.5,0.5,0.0,0.0,0.3,19.3,2.5
2.0,"2019-08-05 20:56:40.000000","2019-08-05 21:16:14.000000",1.0,4.56,1.0,N,234.0,145.0,1.0,17.5,0.5,0.5,4.26,0.0,0.3,25.56,2.5
2.0,"2019-08-05 20:11:56.000000","2019-08-05 20:41:10.000000",1.0,4.75,1.0,N,234.0,145.0,2.0,21.5,0.5,0.5,0.0,0.0,0.3,25.3,2.5
2.0,"2019-08-05 21:58:53.000000","2019-08-05 22:16:44.000000",2.0,3.18,1.0,N,234.0,145.0,1.0,14.0,0.5,0.5,5.98,6.12,0.3,29.9,2.5
1.0,"2019-08-05 22:29:57.000000","2019-08-05 22:46:06.000000",1.0,3.9,1.0,N,234.0,145.0,1.0,15.0,3.0,0.5,3.38,0.0,0.3,22.18,2.5
2.0,"2019-08-05 22:32:04.000000","2019-08-05 22:48:00.000000",1.0,3.88,1.0,N,234.0,145.0,1.0,15.0,0.5,0.5,3.76,0.0,0.3,22.56,2.5
2.0,"2019-08-05 23:23:54.000000","2019-08-05 23:35:19.000000",1.0,3.01,1.0,N,234.0,145.0,1.0,11.5,0.5,0.5,4.28,6.12,0.3,25.7,2.5
1.0,"2019-08-06 00:45:18.000000","2019-08-06 00:59:14.000000",1.0,4.0,1.0,N,234.0,145.0,1.0,13.5,3.0,0.5,3.45,0.0,0.3,20.75,2.5
2.0,"2019-08-06 03:40:57.000000","2019-08-06 03:56:00.000000",1.0,4.31,1.0,N,234.0,145.0,1.0,15.0,0.5,0.5,4.7,0.0,0.3,23.5,2.5
1.0,"2019-08-06 05:48:17.000000","2019-08-06 06:00:03.000000",1.0,3.4,1.0,N,234.0,145.0,2.0,12.0,3.0,0.5,0.0,6.12,0.3,21.92,2.5
1.0,"2019-08-06 06:06:31.000000","2019-08-06 06:22:36.000000",1.0,3.6,1.0,N,234.0,145.0,1.0,13.5,2.5,0.5,2.5,6.12,0.3,25.42,2.5
2.0,"2019-08-06 10:18:54.000000","2019-08-06 10:45:43.000000",1.0,3.14,1.0,N,234.0,145.0,1.0,18.0,0.0,0.5,3.0,6.12,0.3,30.42,2.5
2.0,"2019-08-06 17:22:59.000000","2019-08-06 17:38:15.000000",3.0,2.87,1.0,N,234.0,145.0,1.0,12.5,1.0,0.5,1.0,6.12,0.3,23.92,2.5
2.0,"2019-08-06 18:39:23.000000","2019-08-06 18:56:56.000000",1.0,4.14,1.0,N,234.0,145.0,1.0,15.5,1.0,0.5,3.96,0.0,0.3,23.76,2.5
1.0,"2019-08-06 18:42:26.000000","2019-08-06 19:09:38.000000",1.0,4.9,1.0,Y,234.0,145.0,1.0,21.0,3.5,0.5,4.0,0.0,0.3,29.3,2.5
1.0,"2019-08-06 18:55:55.000000","2019-08-06 19:16:26.000000",1.0,3.1,1.0,N,234.0,145.0,2.0,14.5,3.5,0.5,0.0,6.12,0.3,24.92,2.5
1.0,"2019-08-06 19:49:22.000000","2019-08-06 20:03:26.000000",1.0,3.0,1.0,N,234.0,145.0,1.0,12.5,3.5,0.5,4.55,6.12,0.3,27.47,2.5
2.0,"2019-08-06 19:55:05.000000","2019-08-06 20:07:34.000000",1.0,3.01,1.0,N,234.0,145.0,1.0,12.0,0.5,0.5,4.38,6.12,0.3,26.3,2.5
1.0,"2019-08-06 21:53:06.000000","2019-08-06 22:07:18.000000",1.0,3.0,1.0,N,234.0,145.0,1.0,12.5,3.0,0.5,4.45,6.12,0.3,26.87,2.5
1.0,"2019-08-06 21:58:20.000000","2019-08-06 22:12:34.000000",1.0,3.0,1.0,N,234.0,145.0,1.0,13.0,3.0,0.5,4.55,6.12,0.3,27.47,2.5
2.0,"2019-08-06 21:44:07.000000","2019-08-06 21:55:09.000000",1.0,3.2,1.0,N,234.0,145.0,1.0,11.5,0.5,0.5,4.28,6.12,0.3,25.7,2.5
2.0,"2019-08-06 22:19:38.000000","2019-08-06 22:32:41.000000",1.0,2.72,1.0,N,234.0,145.0,1.0,11.5,0.5,0.5,4.28,6.12,0.3,25.7,2.5
1.0,"2019-08-06 22:57:01.000000","2019-08-06 23:14:59.000000",2.0,3.8,1.0,N,234.0,145.0,1.0,15.5,3.0,0.5,3.85,0.0,0.3,23.15,2.5
2.0,"2019-08-06 22:18:37.000000","2019-08-06 22:34:19.000000",4.0,3.26,1.0,N,234.0,145.0,1.0,13.5,0.5,0.5,4.68,6.12,0.3,28.1,2.5
2.0,"2019-08-07 00:48:00.000000","2019-08-07 00:58:10.000000",1.0,2.87,1.0,N,234.0,145.0,1.0,11.0,0.5,0.5,2.96,0.0,0.3,17.76,2.5
1.0,"2019-08-07 02:16:56.000000","2019-08-07 02:28:28.000000",1.0,3.9,1.0,N,234.0,145.0,1.0,13.0,3.0,0.5,3.35,0.0,0.3,20.15,2.5
1.0,"2019-08-07 06:08:11.000000","2019-08-07 06:23:13.000000",1.0,3.5,1.0,N,234.0,145.0,1.0,13.5,2.5,0.5,2.5,6.12,0.3,25.42,2.5
2.0,"2019-08-07 06:23:28.000000","2019-08-07 06:48:37.000000",1.0,3.55,1.0,N,234.0,145.0,1.0,18.0,0.0,0.5,4.11,6.12,0.3,31.53,2.5
2.0,"2019-08-07 11:22:41.000000","2019-08-07 11:50:25.000000",1.0,3.92,1.0,N,234.0,145.0,2.0,20.0,0.0,0.5,0.0,6.12,0.3,29.42,2.5
1.0,"2019-08-07 16:20:01.000000","2019-08-07 16:45:52.000000",1.0,3.4,1.0,N,234.0,145.0,1.0,17.5,3.5,0.5,5.55,6.12,0.3,33.47,2.5
2.0,"2019-08-07 18:21:09.000000","2019-08-07 18:50:28.000000",5.0,3.44,1.0,N,234.0,145.0,1.0,19.5,1.0,0.5,2.0,6.12,0.3,31.92,2.5
1.0,"2019-08-07 19:35:20.000000","2019-08-07 19:50:21.000000",1.0,2.7,1.0,N,234.0,145.0,1.0,13.0,3.5,0.5,3.0,6.12,0.3,26.42,2.5
1.0,"2019-08-07 20:50:29.000000","2019-08-07 21:05:02.000000",1.0,3.3,1.0,N,234.0,145.0,1.0,13.0,3.0,0.5,4.0,6.12,0.3,26.92,2.5
1.0,"2019-08-07 21:10:37.000000","2019-08-07 21:27:35.000000",1.0,3.4,1.0,N,234.0,145.0,1.0,14.0,3.0,0.5,1.0,6.12,0.3,24.92,2.5
1.0,"2019-08-07 21:03:59.000000","2019-08-07 21:20:58.000000",1.0,3.5,1.0,N,234.0,145.0,1.0,14.0,3.0,0.5,4.45,0.0,0.3,22.25,2.5
1.0,"2019-08-07 21:45:47.000000","2019-08-07 22:13:42.000000",1.0,5.3,1.0,N,234.0,145.0,1.0,21.0,3.0,0.5,4.0,0.0,0.3,28.8,2.5
1.0,"2019-08-07 22:06:39.000000","2019-08-07 22:23:51.000000",1.0,3.7,1.0,N,234.0,145.0,1.0,14.5,3.0,0.5,4.85,6.12,0.3,29.27,2.5
2.0,"2019-08-07 22:28:59.000000","2019-08-07 22:43:20.000000",2.0,3.53,1.0,N,234.0,145.0,1.0,13.5,0.5,0.5,5.86,6.12,0.3,29.28,2.5
2.0,"2019-08-07 22:17:36.000000","2019-08-07 22:40:52.000000",1.0,4.53,1.0,N,234.0,145.0,1.0,18.5,0.5,0.5,2.0,0.0,0.3,24.3,2.5
1.0,"2019-08-07 22:04:26.000000","2019-08-07 22:21:25.000000",1.0,3.7,1.0,N,234.0,145.0,1.0,15.0,3.0,0.5,3.75,0.0,0.3,22.55,2.5
2.0,"2019-08-07 23:39:30.000000","2019-08-08 00:00:44.000000",1.0,5.33,1.0,N,234.0,145.0,1.0,19.5,0.5,0.5,4.66,0.0,0.3,27.96,2.5
1.0,"2019-08-08 00:25:45.000000","2019-08-08 00:46:55.000000",2.0,4.2,1.0,N,234.0,145.0,1.0,17.0,3.0,0.5,6.2,0.0,0.3,27.0,2.5
2.0,"2019-08-08 04:08:13.000000","2019-08-08 04:19:04.000000",1.0,3.91,1.0,N,234.0,145.0,1.0,13.0,0.5,0.5,3.36,0.0,0.3,20.16,2.5
2.0,"2019-08-08 08:50:55.000000","2019-08-08 09:16:16.000000",1.0,4.45,1.0,N,234.0,145.0,2.0,20.0,0.0,0.5,0.0,6.12,0.3,29.42,2.5
1.0,"2019-08-08 15:25:02.000000","2019-08-08 16:00:16.000000",1.0,4.7,1.0,N,234.0,145.0,1.0,24.5,2.5,0.5,5.55,0.0,0.3,33.35,2.5
2.0,"2019-08-08 17:58:17.000000","2019-08-08 18:31:26.000000",1.0,4.77,1.0,N,234.0,145.0,1.0,23.0,1.0,0.5,5.46,0.0,0.3,32.76,2.5
2.0,"2019-08-08 18:56:21.000000","2019-08-08 19:16:22.000000",2.0,3.04,1.0,N,234.0,145.0,1.0,15.0,1.0,0.5,1.58,6.12,0.3,27.0,2.5
2.0,"2019-08-08 18:38:05.000000","2019-08-08 18:53:31.000000",1.0,2.61,1.0,N,234.0,145.0,1.0,12.5,1.0,0.5,6.88,6.12,0.3,29.8,2.5
2.0,"2019-08-08 19:58:16.000000","2019-08-08 20:16:17.000000",1.0,3.26,1.0,N,234.0,145.0,1.0,13.5,1.0,0.5,3.0,6.12,0.3,26.92,2.5
1.0,"2019-08-08 19:20:43.000000","2019-08-08 19:42:12.000000",2.0,4.0,1.0,N,234.0,145.0,2.0,17.0,3.5,0.5,0.0,6.12,0.3,27.42,2.5
2.0,"2019-08-08 20:10:03.000000","2019-08-08 20:36:35.000000",1.0,4.76,1.0,N,234.0,145.0,1.0,20.0,0.5,0.5,1.0,0.0,0.3,24.8,2.5
2.0,"2019-08-08 20:22:10.000000","2019-08-08 20:47:51.000000",2.0,4.78,1.0,N,234.0,145.0,1.0,19.5,0.5,0.5,4.66,0.0,0.3,27.96,2.5
2.0,"2019-08-08 22:18:35.000000","2019-08-08 22:43:51.000000",1.0,3.28,1.0,N,234.0,145.0,1.0,17.5,0.5,0.5,5.0,6.12,0.3,32.42,2.5
2.0,"2019-08-08 22:30:13.000000","2019-08-08 22:50:31.000000",1.0,3.89,1.0,N,234.0,145.0,1.0,16.5,0.5,0.5,4.06,0.0,0.3,24.36,2.5
2.0,"2019-08-08 23:51:10.000000","2019-08-09 00:08:53.000000",3.0,3.09,1.0,N,234.0,145.0,1.0,13.5,0.5,0.5,4.68,6.12,0.3,28.1,2.5
1.0,"2019-08-08 23:16:45.000000","2019-08-08 23:36:31.000000",1.0,3.0,1.0,N,234.0,145.0,2.0,14.5,3.0,0.5,0.0,6.12,0.3,24.42,2.5
1.0,"2019-08-08 23:46:53.000000","2019-08-09 00:08:28.000000",1.0,3.9,1.0,N,234.0,145.0,2.0,17.5,3.0,0.5,0.0,0.0,0.3,21.3,2.5
2.0,"2019-08-09 00:09:11.000000","2019-08-09 00:25:09.000000",1.0,2.96,1.0,N,234.0,145.0,1.0,12.5,0.5,0.5,4.48,6.12,0.3,26.9,2.5
2.0,"2019-08-09 00:15:10.000000","2019-08-09 00:32:38.000000",2.0,4.55,1.0,N,234.0,145.0,1.0,16.0,0.5,0.5,3.96,0.0,0.3,23.76,2.5
2.0,"2019-08-09 00:04:41.000000","2019-08-09 00:17:19.000000",1.0,2.81,1.0,N,234.0,145.0,1.0,11.0,0.5,0.5,5.23,6.12,0.3,26.15,2.5
1.0,"2019-08-09 00:23:12.000000","2019-08-09 00:40:44.000000",2.0,3.8,1.0,N,234.0,145.0,1.0,15.5,3.0,0.5,3.85,0.0,0.3,23.15,2.5
1.0,"2019-08-09 05:25:30.000000","2019-08-09 05:40:47.000000",1.0,3.5,1.0,N,234.0,145.0,3.0,13.5,3.0,0.5,0.0,6.12,0.3,23.42,2.5
2.0,"2019-08-09 19:15:21.000000","2019-08-09 19:39:42.000000",3.0,4.64,1.0,N,234.0,145.0,1.0,19.5,1.0,0.5,4.76,0.0,0.3,28.56,2.5
1.0,"2019-08-09 20:19:40.000000","2019-08-09 20:49:01.000000",1.0,4.7,1.0,N,234.0,145.0,1.0,21.0,3.0,0.5,4.95,0.0,0.3,29.75,2.5
2.0,"2019-08-09 20:12:40.000000","2019-08-09 20:36:03.000000",1.0,3.37,1.0,N,234.0,145.0,2.0,16.0,0.5,0.5,0.0,0.0,0.3,19.8,2.5
2.0,"2019-08-09 20:21:04.000000","2019-08-09 20:36:39.000000",1.0,3.39,1.0,N,234.0,145.0,1.0,13.5,0.5,0.5,5.86,6.12,0.3,29.28,2.5
2.0,"2019-08-09 21:10:46.000000","2019-08-09 21:27:15.000000",1.0,3.96,1.0,N,234.0,145.0,2.0,15.0,0.5,0.5,0.0,6.12,0.3,24.92,2.5
2.0,"2019-08-09 21:07:34.000000","2019-08-09 21:22:10.000000",1.0,3.26,1.0,N,234.0,145.0,2.0,13.0,0.5,0.5,0.0,6.12,0.3,22.92,2.5
2.0,"2019-08-09 22:53:17.000000","2019-08-09 23:06:44.000000",2.0,2.72,1.0,N,234.0,145.0,1.0,11.5,0.5,0.5,4.28,6.12,0.3,25.7,2.5
2.0,"2019-08-09 22:50:11.000000","2019-08-09 23:16:00.000000",1.0,4.38,1.0,N,234.0,145.0,1.0,19.5,0.5,0.5,5.82,0.0,0.3,29.12,2.5
2.0,"2019-08-09 22:04:16.000000","2019-08-09 22:30:43.000000",2.0,5.02,1.0,N,234.0,145.0,2.0,20.0,0.5,0.5,0.0,0.0,0.3,23.8,2.5
1.0,"2019-08-09 23:18:51.000000","2019-08-09 23:33:56.000000",3.0,3.4,1.0,N,234.0,145.0,1.0,12.5,3.0,0.5,4.45,6.12,0.3,26.87,2.5
2.0,"2019-08-09 23:09:15.000000","2019-08-09 23:23:43.000000",2.0,3.29,1.0,N,234.0,145.0,1.0,12.5,0.5,0.5,4.48,6.12,0.3,26.9,2.5
1.0,"2019-08-09 23:43:23.000000","2019-08-10 00:00:35.000000",1.0,3.9,1.0,Y,234.0,145.0,1.0,15.5,3.0,0.5,3.85,0.0,0.3,23.15,2.5
2.0,"2019-08-10 00:27:26.000000","2019-08-10 00:52:19.000000",5.0,5.23,1.0,N,234.0,145.0,1.0,20.0,0.5,0.5,4.76,0.0,0.3,28.56,2.5
2.0,"2019-08-10 01:12:14.000000","2019-08-10 01:24:39.000000",1.0,3.1,1.0,N,234.0,145.0,1.0,12.0,0.5,0.5,5.48,6.12,0.3,27.4,2.5
2.0,"2019-08-10 06:16:16.000000","2019-08-10 06:36:39.000000",1.0,5.79,1.0,N,234.0,145.0,1.0,19.5,0.0,0.5,4.0,0.0,0.3,26.8,2.5
2.0,"2019-08-10 10:47:28.000000","2019-08-10 11:14:24.000000",1.0,4.89,1.0,N,234.0,145.0,1.0,20.5,0.0,0.5,4.76,0.0,0.3,28.56,2.5
1.0,"2019-08-10 12:04:37.000000","2019-08-10 12:37:56.000000",1.0,4.6,1.0,N,234.0,145.0,1.0,23.5,2.5,0.5,3.0,6.12,0.3,35.92,2.5
1.0,"2019-08-10 15:58:14.000000","2019-08-10 16:10:52.000000",2.0,3.1,1.0,N,234.0,145.0,1.0,12.0,2.5,0.5,4.25,6.12,0.3,25.67,2.5
2.0,"2019-08-10 16:41:54.000000","2019-08-10 16:57:28.000000",5.0,3.18,1.0,N,234.0,145.0,1.0,12.5,0.0,0.5,4.38,6.12,0.3,26.3,2.5
2.0,"2019-08-10 20:44:20.000000","2019-08-10 21:03:16.000000",2.0,4.1,1.0,N,234.0,145.0,1.0,16.0,0.5,0.5,3.96,0.0,0.3,23.76,2.5
1.0,"2019-08-10 22:15:03.000000","2019-08-10 22:28:44.000000",1.0,3.6,1.0,N,234.0,145.0,1.0,12.5,3.0,0.5,4.45,6.12,0.3,26.87,2.5
1.0,"2019-08-10 23:41:41.000000","2019-08-10 23:56:29.000000",1.0,3.0,1.0,N,234.0,145.0,1.0,12.0,3.0,0.5,5.45,6.12,0.3,27.37,2.5
2.0,"2019-08-10 23:06:48.000000","2019-08-10 23:35:04.000000",4.0,5.24,1.0,N,234.0,145.0,1.0,21.5,0.5,0.5,6.33,0.0,0.3,31.63,2.5
2.0,"2019-08-11 00:32:42.000000","2019-08-11 00:50:22.000000",5.0,4.93,1.0,N,234.0,145.0,1.0,17.5,0.5,0.5,4.26,0.0,0.3,25.56,2.5
2.0,"2019-08-11 03:19:13.000000","2019-08-11 03:33:04.000000",2.0,4.09,1.0,N,234.0,145.0,2.0,14.0,0.5,0.5,0.0,0.0,0.3,17.8,2.5
1.0,"2019-08-11 12:51:16.000000","2019-08-11 13:06:18.000000",1.0,4.1,1.0,N,234.0,145.0,1.0,14.5,2.5,0.5,3.55,0.0,0.3,21.35,2.5
1.0,"2019-08-11 13:22:41.000000","2019-08-11 13:38:29.000000",1.0,4.0,1.0,N,234.0,145.0,1.0,15.5,2.5,0.5,2.0,0.0,0.3,20.8,2.5
2.0,"2019-08-11 18:02:53.000000","2019-08-11 18:22:30.000000",1.0,3.92,1.0,N,234.0,145.0,1.0,16.5,0.0,0.5,3.96,0.0,0.3,23.76,2.5
2.0,"2019-08-11 19:04:10.000000","2019-08-11 19:33:59.000000",1.0,4.08,1.0,N,234.0,145.0,2.0,20.0,0.0,0.5,0.0,6.12,0.3,29.42,2.5
1.0,"2019-08-11 22:55:05.000000","2019-08-11 23:21:35.000000",1.0,3.0,1.0,N,234.0,145.0,1.0,17.5,3.0,0.5,5.45,6.12,0.3,32.87,2.5
1.0,"2019-08-11 23:26:14.000000","2019-08-11 23:45:24.000000",1.0,3.4,1.0,N,234.0,145.0,1.0,14.5,3.0,0.5,4.85,6.12,0.3,29.27,2.5
2.0,"2019-08-12 06:18:46.000000","2019-08-12 06:31:54.000000",1.0,3.61,1.0,N,234.0,145.0,1.0,13.5,0.0,0.5,2.5,6.12,0.3,25.42,2.5
2.0,"2019-08-12 10:50:38.000000","2019-08-12 11:09:51.000000",2.0,2.95,1.0,N,234.0,145.0,1.0,14.5,0.0,0.5,2.08,6.12,0.3,26.0,2.5
2.0,"2019-08-12 11:10:50.000000","2019-08-12 11:26:18.000000",1.0,3.43,1.0,N,234.0,145.0,1.0,14.0,0.0,0.5,3.46,0.0,0.3,20.76,2.5
2.0,"2019-08-12 15:30:53.000000","2019-08-12 15:51:32.000000",1.0,3.29,1.0,N,234.0,145.0,1.0,15.0,0.0,0.5,4.88,6.12,0.3,29.3,2.5
1.0,"2019-08-12 17:19:57.000000","2019-08-12 17:34:42.000000",2.0,3.0,1.0,N,234.0,145.0,1.0,12.5,3.5,0.5,4.55,6.12,0.3,27.47,2.5
1.0,"2019-08-12 18:03:43.000000","2019-08-12 18:20:30.000000",1.0,3.3,1.0,N,234.0,145.0,1.0,14.0,3.5,0.5,4.85,6.12,0.3,29.27,2.5
1.0,"2019-08-12 19:14:23.000000","2019-08-12 19:27:29.000000",1.0,3.0,1.0,N,234.0,145.0,1.0,12.5,3.5,0.5,4.55,6.17,0.3,27.52,2.5
1.0,"2019-08-12 19:59:24.000000","2019-08-12 20:14:05.000000",1.0,3.4,1.0,N,234.0,145.0,1.0,13.5,3.5,0.5,4.78,6.12,0.3,28.7,2.5
1.0,"2019-08-12 20:37:30.000000","2019-08-12 20:53:05.000000",1.0,4.4,1.0,N,234.0,145.0,1.0,16.0,3.0,0.5,3.95,0.0,0.3,23.75,2.5
1.0,"2019-08-12 21:43:44.000000","2019-08-12 21:58:28.000000",1.0,3.4,1.0,N,234.0,145.0,2.0,14.0,3.0,0.5,0.0,6.12,0.3,23.92,2.5
2.0,"2019-08-12 21:40:35.000000","2019-08-12 21:57:15.000000",1.0,4.19,1.0,N,234.0,145.0,1.0,15.5,0.5,0.5,3.86,0.0,0.3,23.16,2.5
1.0,"2019-08-12 21:29:23.000000","2019-08-12 21:41:13.000000",1.0,3.1,1.0,N,234.0,145.0,1.0,11.5,3.0,0.5,2.0,6.12,0.3,23.42,2.5
1.0,"2019-08-13 02:16:01.000000","2019-08-13 02:28:30.000000",2.0,4.0,1.0,N,234.0,145.0,2.0,13.5,3.0,0.5,0.0,6.12,0.3,23.42,2.5
2.0,"2019-08-13 05:28:27.000000","2019-08-13 05:44:01.000000",1.0,4.29,1.0,N,234.0,145.0,1.0,15.5,0.5,0.5,4.82,0.0,0.3,24.12,2.5
2.0,"2019-08-13 08:26:30.000000","2019-08-13 08:38:44.000000",1.0,2.54,2.0,N,234.0,145.0,2.0,52.0,0.0,0.5,0.0,6.12,0.3,61.42,2.5
1.0,"2019-08-13 19:15:13.000000","2019-08-13 19:29:40.000000",2.0,3.3,1.0,N,234.0,145.0,1.0,12.5,3.5,0.5,4.55,6.12,0.3,27.47,2.5
1.0,"2019-08-13 20:38:44.000000","2019-08-13 20:53:12.000000",0.0,3.3,1.0,N,234.0,145.0,1.0,13.0,3.0,0.5,4.55,6.12,0.3,27.47,2.5
2.0,"2019-08-13 20:07:01.000000","2019-08-13 20:25:24.000000",1.0,4.68,1.0,N,234.0,145.0,1.0,16.5,0.5,0.5,4.06,0.0,0.3,24.36,2.5
2.0,"2019-08-13 21:22:36.000000","2019-08-13 21:39:44.000000",1.0,3.56,1.0,N,234.0,145.0,1.0,14.5,0.5,0.5,4.88,6.12,0.3,29.3,2.5
1.0,"2019-08-14 00:41:04.000000","2019-08-14 00:54:53.000000",1.0,3.7,1.0,N,234.0,145.0,1.0,13.5,3.0,0.5,3.45,0.0,0.3,20.75,2.5
2.0,"2019-08-14 04:58:58.000000","2019-08-14 05:24:38.000000",1.0,17.04,2.0,N,234.0,145.0,1.0,52.0,0.0,0.5,10.0,6.12,0.3,71.42,2.5
2.0,"2019-08-14 05:39:17.000000","2019-08-14 05:48:30.000000",1.0,3.37,1.0,N,234.0,145.0,2.0,11.0,0.5,0.5,0.0,6.12,0.3,20.92,2.5
2.0,"2019-08-14 06:07:08.000000","2019-08-14 06:20:34.000000",1.0,3.65,1.0,N,234.0,145.0,1.0,13.0,0.0,0.5,2.5,6.12,0.3,24.92,2.5
1.0,"2019-08-14 10:58:06.000000","2019-08-14 11:13:57.000000",1.0,3.0,1.0,N,234.0,145.0,1.0,13.5,2.5,0.5,4.2,0.0,0.3,21.0,2.5
1.0,"2019-08-14 12:38:52.000000","2019-08-14 12:58:18.000000",0.0,3.0,1.0,N,234.0,145.0,1.0,14.0,2.5,0.5,4.65,6.12,0.3,28.07,2.5
2.0,"2019-08-14 19:01:29.000000","2019-08-14 19:12:21.000000",1.0,2.51,1.0,N,234.0,145.0,1.0,10.5,1.0,0.5,4.18,6.12,0.3,25.1,2.5
1.0,"2019-08-14 20:22:06.000000","2019-08-14 20:40:57.000000",1.0,4.1,1.0,N,234.0,145.0,1.0,15.5,3.0,0.5,3.85,0.0,0.3,23.15,2.5
2.0,"2019-08-14 20:54:51.000000","2019-08-14 21:09:04.000000",6.0,3.15,1.0,N,234.0,145.0,1.0,13.0,0.5,0.5,5.73,6.12,0.3,28.65,2.5
1.0,"2019-08-14 20:53:42.000000","2019-08-14 21:13:27.000000",3.0,4.2,1.0,N,234.0,145.0,1.0,17.0,3.0,0.5,4.15,0.0,0.3,24.95,2.5
2.0,"2019-08-14 20:21:25.000000","2019-08-14 20:39:26.000000",1.0,3.76,1.0,N,234.0,145.0,1.0,15.0,0.5,0.5,3.76,0.0,0.3,22.56,2.5
2.0,"2019-08-14 21:49:26.000000","2019-08-14 22:05:48.000000",1.0,3.89,1.0,N,234.0,145.0,1.0,14.5,0.5,0.5,3.66,0.0,0.3,21.96,2.5
2.0,"2019-08-14 22:25:13.000000","2019-08-14 22:40:02.000000",1.0,3.54,1.0,N,234.0,145.0,1.0,13.5,0.5,0.5,4.68,6.12,0.3,28.1,2.5
2.0,"2019-08-14 22:18:38.000000","2019-08-14 22:36:46.000000",1.0,3.9,1.0,N,234.0,145.0,1.0,16.0,0.5,0.5,3.96,0.0,0.3,23.76,2.5
1.0,"2019-08-15 00:51:23.000000","2019-08-15 01:08:17.000000",1.0,4.6,1.0,N,234.0,145.0,1.0,16.0,3.0,0.5,5.0,0.0,0.3,24.8,2.5
2.0,"2019-08-15 05:08:01.000000","2019-08-15 05:24:04.000000",1.0,4.25,1.0,N,234.0,145.0,1.0,16.0,0.5,0.5,4.95,0.0,0.3,24.75,2.5
1.0,"2019-08-15 05:47:28.000000","2019-08-15 05:59:01.000000",1.0,3.4,1.0,N,234.0,145.0,2.0,12.5,2.5,0.5,0.0,6.12,0.3,21.92,2.5
1.0,"2019-08-15 12:52:31.000000","2019-08-15 13:20:29.000000",1.0,3.9,1.0,N,234.0,145.0,1.0,20.5,2.5,0.5,4.75,0.0,0.3,28.55,2.5
2.0,"2019-08-15 13:50:21.000000","2019-08-15 14:28:21.000000",1.0,4.46,1.0,N,234.0,145.0,1.0,24.5,0.0,0.5,5.56,0.0,0.3,33.36,2.5
1.0,"2019-08-15 17:33:59.000000","2019-08-15 18:04:31.000000",2.0,3.6,1.0,N,234.0,145.0,1.0,20.0,3.5,0.5,9.1,6.12,0.3,39.52,2.5
1.0,"2019-08-15 19:44:51.000000","2019-08-15 20:02:14.000000",2.0,2.9,1.0,N,234.0,145.0,1.0,13.5,3.5,0.5,4.45,0.0,0.3,22.25,2.5
2.0,"2019-08-15 20:20:41.000000","2019-08-15 20:37:10.000000",1.0,3.4,1.0,N,234.0,145.0,1.0,14.0,0.5,0.5,5.98,6.12,0.3,29.9,2.5
1.0,"2019-08-15 21:09:35.000000","2019-08-15 21:29:23.000000",1.0,4.3,1.0,N,234.0,145.0,1.0,16.5,3.0,0.5,4.06,0.0,0.3,24.36,2.5
1.0,"2019-08-15 21:20:25.000000","2019-08-15 21:33:42.000000",1.0,2.6,1.0,N,234.0,145.0,1.0,11.5,3.0,0.5,2.14,6.12,0.3,23.56,2.5
1.0,"2019-08-15 21:17:32.000000","2019-08-15 21:30:38.000000",2.0,2.8,1.0,N,234.0,145.0,1.0,12.0,3.0,0.5,0.0,6.12,0.3,21.92,2.5
2.0,"2019-08-15 22:28:49.000000","2019-08-15 22:48:55.000000",1.0,4.59,1.0,N,234.0,145.0,1.0,17.0,0.5,0.5,4.0,0.0,0.3,24.8,2.5
2.0,"2019-08-15 22:08:47.000000","2019-08-15 22:28:40.000000",1.0,4.18,1.0,N,234.0,145.0,1.0,17.0,0.5,0.5,4.16,0.0,0.3,24.96,2.5
1.0,"2019-08-15 23:06:02.000000","2019-08-15 23:17:01.000000",1.0,2.6,1.0,N,234.0,145.0,1.0,11.0,3.0,0.5,4.15,6.12,0.3,25.07,2.5
2.0,"2019-08-15 23:00:54.000000","2019-08-15 23:15:05.000000",5.0,3.23,1.0,N,234.0,145.0,1.0,13.0,0.5,0.5,4.58,6.12,0.3,27.5,2.5
2.0,"2019-08-16 00:38:09.000000","2019-08-16 00:54:18.000000",1.0,4.56,1.0,N,234.0,145.0,1.0,15.0,0.5,0.5,3.76,0.0,0.3,22.56,2.5
1.0,"2019-08-16 00:01:30.000000","2019-08-16 00:14:22.000000",1.0,3.1,1.0,N,234.0,145.0,1.0,12.0,3.0,0.5,5.45,6.12,0.3,27.37,2.5
1.0,"2019-08-16 00:16:31.000000","2019-08-16 00:37:24.000000",1.0,4.2,1.0,N,234.0,145.0,1.0,18.0,3.0,0.5,0.0,0.0,0.3,21.8,2.5
1.0,"2019-08-16 08:28:06.000000","2019-08-16 09:03:29.000000",1.0,4.7,1.0,N,234.0,145.0,1.0,22.5,2.5,0.5,9.8,6.12,0.3,41.72,2.5
2.0,"2019-08-16 14:15:23.000000","2019-08-16 14:48:58.000000",3.0,4.88,1.0,N,234.0,145.0,1.0,24.0,0.0,0.5,5.46,0.0,0.3,32.76,2.5
1.0,"2019-08-16 17:20:29.000000","2019-08-16 17:40:07.000000",2.0,4.0,1.0,N,234.0,145.0,1.0,16.0,3.5,0.5,5.25,6.17,0.3,31.72,2.5
2.0,"2019-08-16 18:24:15.000000","2019-08-16 18:48:51.000000",1.0,6.55,1.0,N,234.0,145.0,1.0,23.0,1.0,0.5,6.68,6.12,0.3,40.1,2.5
2.0,"2019-08-16 18:55:32.000000","2019-08-16 19:10:02.000000",4.0,3.38,1.0,N,234.0,145.0,2.0,13.0,1.0,0.5,0.0,6.12,0.3,23.42,2.5
1.0,"2019-08-16 22:17:49.000000","2019-08-16 22:36:36.000000",1.0,3.9,1.0,N,234.0,145.0,1.0,16.0,3.0,0.5,3.95,0.0,0.3,23.75,2.5
2.0,"2019-08-16 22:18:04.000000","2019-08-16 22:27:22.000000",1.0,2.49,1.0,N,234.0,145.0,2.0,10.0,0.5,0.5,0.0,6.12,0.3,19.92,2.5
2.0,"2019-08-16 23:34:00.000000","2019-08-16 23:55:54.000000",1.0,4.97,1.0,N,234.0,145.0,1.0,18.0,0.5,0.5,4.36,0.0,0.3,26.16,2.5
2.0,"2019-08-16 23:55:53.000000","2019-08-17 00:13:22.000000",1.0,4.08,1.0,N,234.0,145.0,1.0,15.5,0.5,0.5,4.82,0.0,0.3,24.12,2.5
2.0,"2019-08-16 23:53:20.000000","2019-08-17 00:09:40.000000",1.0,3.59,1.0,N,234.0,145.0,1.0,14.0,0.5,0.5,2.39,6.12,0.3,26.31,2.5
2.0,"2019-08-17 00:20:04.000000","2019-08-17 00:38:11.000000",6.0,4.38,1.0,N,234.0,145.0,1.0,16.0,0.5,0.5,3.96,0.0,0.3,23.76,2.5
2.0,"2019-08-17 01:50:19.000000","2019-08-17 02:02:38.000000",1.0,3.54,1.0,N,234.0,145.0,1.0,12.5,0.5,0.5,15.0,6.12,0.3,37.42,2.5
2.0,"2019-08-17 01:49:33.000000","2019-08-17 02:06:38.000000",1.0,4.18,1.0,N,234.0,145.0,1.0,15.5,0.5,0.5,3.86,0.0,0.3,23.16,2.5
1.0,"2019-08-17 04:07:58.000000","2019-08-17 04:22:51.000000",1.0,4.6,1.0,N,234.0,145.0,2.0,15.5,3.0,0.5,0.0,0.0,0.3,19.3,2.5
1.0,"2019-08-17 05:16:12.000000","2019-08-17 05:27:57.000000",1.0,3.5,1.0,N,234.0,145.0,2.0,12.5,3.0,0.5,0.0,6.12,0.3,22.42,2.5
2.0,"2019-08-17 10:29:33.000000","2019-08-17 10:51:54.000000",1.0,3.38,1.0,N,234.0,145.0,1.0,17.0,0.0,0.5,4.06,0.0,0.3,24.36,2.5
2.0,"2019-08-17 13:14:57.000000","2019-08-17 13:36:39.000000",2.0,3.27,1.0,N,234.0,145.0,1.0,16.5,0.0,0.5,5.18,6.12,0.3,31.1,2.5
2.0,"2019-08-17 13:13:50.000000","2019-08-17 13:40:48.000000",1.0,4.15,1.0,N,234.0,145.0,1.0,19.5,0.0,0.5,0.0,6.12,0.3,28.92,2.5
1.0,"2019-08-17 14:48:34.000000","2019-08-17 15:00:59.000000",1.0,3.1,1.0,N,234.0,145.0,1.0,12.0,2.5,0.5,4.25,6.12,0.3,25.67,2.5
1.0,"2019-08-17 15:01:21.000000","2019-08-17 15:20:37.000000",1.0,4.5,1.0,N,234.0,145.0,1.0,17.5,2.5,0.5,1.0,0.0,0.3,21.8,2.5
2.0,"2019-08-17 19:27:44.000000","2019-08-17 19:49:40.000000",1.0,4.3,1.0,N,234.0,145.0,2.0,18.0,0.0,0.5,0.0,0.0,0.3,21.3,2.5
2.0,"2019-08-17 22:12:30.000000","2019-08-17 22:24:23.000000",1.0,2.92,1.0,N,234.0,145.0,1.0,11.5,0.5,0.5,4.28,6.12,0.3,25.7,2.5
2.0,"2019-08-17 22:24:55.000000","2019-08-17 22:41:23.000000",1.0,3.52,1.0,N,234.0,145.0,1.0,14.0,0.5,0.5,4.78,6.12,0.3,28.7,2.5
2.0,"2019-08-17 22:52:04.000000","2019-08-17 23:07:31.000000",1.0,3.06,1.0,N,234.0,145.0,2.0,13.5,0.5,0.5,0.0,6.12,0.3,23.42,2.5
1.0,"2019-08-18 00:03:03.000000","2019-08-18 00:20:44.000000",2.0,3.9,1.0,N,234.0,145.0,1.0,15.0,3.0,0.5,3.75,0.0,0.3,22.55,2.5
1.0,"2019-08-18 03:30:14.000000","2019-08-18 03:45:29.000000",1.0,4.5,1.0,N,234.0,145.0,1.0,16.0,3.0,0.5,5.9,0.0,0.3,25.7,2.5
1.0,"2019-08-18 03:30:51.000000","2019-08-18 03:45:03.000000",2.0,4.1,1.0,N,234.0,145.0,1.0,15.0,3.0,0.5,1.0,0.0,0.3,19.8,2.5
2.0,"2019-08-18 05:13:22.000000","2019-08-18 05:26:08.000000",6.0,4.2,1.0,N,234.0,145.0,1.0,14.5,0.5,0.5,4.58,0.0,0.3,22.88,2.5
1.0,"2019-08-18 11:25:32.000000","2019-08-18 11:43:16.000000",2.0,3.6,1.0,N,234.0,145.0,2.0,15.0,2.5,0.5,0.0,6.12,0.3,24.42,2.5
1.0,"2019-08-18 15:10:45.000000","2019-08-18 15:41:29.000000",2.0,4.6,1.0,N,234.0,145.0,1.0,22.0,2.5,0.5,5.05,0.0,0.3,30.35,2.5
1.0,"2019-08-18 18:25:37.000000","2019-08-18 18:45:56.000000",1.0,3.7,1.0,N,234.0,145.0,1.0,15.0,2.5,0.5,6.5,0.0,0.3,24.8,2.5
1.0,"2019-08-18 18:10:54.000000","2019-08-18 18:36:33.000000",3.0,4.3,1.0,N,234.0,145.0,1.0,18.0,2.5,0.5,2.58,6.12,0.3,30.0,2.5
1.0,"2019-08-18 19:02:33.000000","2019-08-18 19:22:16.000000",1.0,3.8,1.0,N,234.0,145.0,1.0,15.5,2.5,0.5,4.0,0.0,0.3,22.8,2.5
1.0,"2019-08-18 19:07:30.000000","2019-08-18 19:27:35.000000",1.0,4.2,1.0,N,234.0,145.0,1.0,17.0,2.5,0.5,4.05,0.0,0.3,24.35,2.5
2.0,"2019-08-18 19:39:09.000000","2019-08-18 20:07:23.000000",2.0,5.15,1.0,N,234.0,145.0,2.0,21.0,0.0,0.5,0.0,0.0,0.3,24.3,2.5
2.0,"2019-08-18 19:46:33.000000","2019-08-18 20:00:42.000000",1.0,3.1,1.0,N,234.0,145.0,1.0,12.0,0.5,0.5,4.38,6.12,0.3,26.3,2.5
2.0,"2019-08-19 00:15:43.000000","2019-08-19 00:30:26.000000",2.0,4.69,1.0,N,234.0,145.0,1.0,15.5,0.5,0.5,3.7,0.0,0.3,23.0,2.5
2.0,"2019-08-19 02:17:47.000000","2019-08-19 02:31:10.000000",1.0,3.9,1.0,N,234.0,145.0,2.0,13.5,0.5,0.5,0.0,6.12,0.3,23.42,2.5
2.0,"2019-08-19 20:07:33.000000","2019-08-19 20:21:27.000000",1.0,3.59,1.0,N,234.0,145.0,1.0,13.0,0.5,0.5,4.58,6.12,0.3,27.5,2.5
2.0,"2019-08-19 21:38:42.000000","2019-08-19 21:55:47.000000",2.0,4.32,1.0,N,234.0,145.0,1.0,16.0,0.5,0.5,3.96,0.0,0.3,23.76,2.5
1.0,"2019-08-20 00:41:04.000000","2019-08-20 00:52:54.000000",2.0,3.6,1.0,N,234.0,145.0,1.0,13.0,3.0,0.5,3.35,0.0,0.3,20.15,2.5
2.0,"2019-08-20 04:34:58.000000","2019-08-20 04:49:44.000000",1.0,4.27,1.0,N,234.0,145.0,1.0,15.5,0.5,0.5,4.82,0.0,0.3,24.12,2.5
2.0,"2019-08-20 06:05:48.000000","2019-08-20 06:19:39.000000",2.0,3.62,1.0,N,234.0,145.0,1.0,13.0,0.0,0.5,2.5,6.12,0.3,24.92,2.5
1.0,"2019-08-20 15:40:33.000000","2019-08-20 16:03:04.000000",1.0,3.1,1.0,N,234.0,145.0,1.0,16.0,2.5,0.5,4.0,6.12,0.3,29.42,2.5
1.0,"2019-08-20 16:03:12.000000","2019-08-20 16:50:44.000000",1.0,5.2,1.0,N,234.0,145.0,2.0,31.0,3.5,0.5,0.0,0.0,0.3,35.3,2.5
2.0,"2019-08-20 16:36:01.000000","2019-08-20 16:40:24.000000",2.0,0.36,1.0,N,234.0,145.0,2.0,4.5,1.0,0.5,0.0,0.0,0.3,8.8,2.5
2.0,"2019-08-20 19:02:48.000000","2019-08-20 19:15:00.000000",2.0,2.95,1.0,N,234.0,145.0,1.0,12.0,1.0,0.5,4.48,6.12,0.3,26.9,2.5
2.0,"2019-08-20 21:43:53.000000","2019-08-20 21:56:52.000000",1.0,3.03,1.0,N,234.0,145.0,1.0,12.5,0.5,0.5,4.48,6.12,0.3,26.9,2.5
1.0,"2019-08-20 22:41:20.000000","2019-08-20 22:58:53.000000",1.0,5.0,1.0,N,234.0,145.0,1.0,17.0,3.0,0.5,4.15,0.0,0.3,24.95,2.5
2.0,"2019-08-20 22:01:15.000000","2019-08-20 22:12:40.000000",2.0,3.17,1.0,N,234.0,145.0,1.0,12.0,0.5,0.5,4.0,6.12,0.3,25.92,2.5
2.0,"2019-08-20 23:41:04.000000","2019-08-21 00:01:29.000000",1.0,3.86,1.0,N,234.0,145.0,1.0,16.5,0.5,0.5,4.06,0.0,0.3,24.36,2.5
2.0,"2019-08-20 23:23:05.000000","2019-08-20 23:37:00.000000",1.0,3.11,1.0,N,234.0,145.0,1.0,11.5,0.5,0.5,4.28,6.12,0.3,25.7,2.5
2.0,"2019-08-20 23:42:23.000000","2019-08-20 23:56:07.000000",1.0,3.26,1.0,N,234.0,145.0,2.0,12.5,0.5,0.5,0.0,6.12,0.3,22.42,2.5
2.0,"2019-08-21 01:13:51.000000","2019-08-21 01:25:55.000000",2.0,3.32,1.0,N,234.0,145.0,1.0,12.0,0.5,0.5,4.38,6.12,0.3,26.3,2.5
2.0,"2019-08-21 02:18:35.000000","2019-08-21 02:31:36.000000",1.0,4.36,1.0,N,234.0,145.0,1.0,14.5,0.5,0.5,4.58,0.0,0.3,22.88,2.5
2.0,"2019-08-21 06:07:36.000000","2019-08-21 06:21:36.000000",1.0,3.55,1.0,N,234.0,145.0,1.0,13.5,0.0,0.5,2.5,6.12,0.3,25.42,2.5
2.0,"2019-08-21 15:22:58.000000","2019-08-21 15:49:38.000000",1.0,4.09,1.0,N,234.0,145.0,1.0,19.5,0.0,0.5,4.56,0.0,0.3,27.36,2.5
2.0,"2019-08-21 17:40:51.000000","2019-08-21 17:57:44.000000",1.0,3.1,1.0,N,234.0,145.0,2.0,13.0,1.0,0.5,0.0,6.12,0.3,23.42,2.5
1.0,"2019-08-21 21:28:52.000000","2019-08-21 21:44:00.000000",1.0,3.1,1.0,N,234.0,145.0,1.0,13.0,3.0,0.5,4.55,6.12,0.3,27.47,2.5
2.0,"2019-08-21 21:51:44.000000","2019-08-21 22:13:01.000000",1.0,3.8,1.0,N,234.0,145.0,1.0,17.0,0.5,0.5,3.12,0.0,0.3,23.92,2.5
2.0,"2019-08-21 21:59:27.000000","2019-08-21 22:17:22.000000",1.0,3.64,1.0,N,234.0,145.0,1.0,14.5,0.5,0.5,3.66,0.0,0.3,21.96,2.5
1.0,"2019-08-21 23:14:03.000000","2019-08-21 23:28:18.000000",1.0,3.8,1.0,N,234.0,145.0,1.0,13.5,3.0,0.5,3.45,0.0,0.3,20.75,2.5
2.0,"2019-08-22 01:36:23.000000","2019-08-22 01:49:09.000000",1.0,4.45,1.0,N,234.0,145.0,2.0,14.5,0.5,0.5,0.0,0.0,0.3,18.3,2.5
2.0,"2019-08-22 03:27:39.000000","2019-08-22 03:36:24.000000",1.0,2.39,1.0,N,234.0,145.0,1.0,9.5,0.5,0.5,3.88,6.12,0.3,23.3,2.5
2.0,"2019-08-22 04:32:29.000000","2019-08-22 04:45:34.000000",1.0,4.26,1.0,N,234.0,145.0,1.0,14.5,0.5,0.5,4.58,0.0,0.3,22.88,2.5
2.0,"2019-08-22 14:47:27.000000","2019-08-22 15:15:23.000000",1.0,2.65,1.0,N,234.0,145.0,1.0,18.0,0.0,0.5,4.0,6.12,0.3,31.42,2.5
2.0,"2019-08-22 15:29:49.000000","2019-08-22 15:52:35.000000",1.0,3.31,1.0,N,234.0,145.0,1.0,16.0,0.0,0.5,3.0,0.0,0.3,22.3,2.5
1.0,"2019-08-22 18:12:45.000000","2019-08-22 18:35:06.000000",1.0,3.7,1.0,N,234.0,145.0,1.0,16.5,3.5,0.5,6.7,6.12,0.3,33.62,2.5
2.0,"2019-08-22 20:47:52.000000","2019-08-22 21:03:43.000000",2.0,2.99,1.0,N,234.0,145.0,1.0,13.0,0.5,0.5,4.58,6.12,0.3,27.5,2.5
2.0,"2019-08-22 20:15:31.000000","2019-08-22 20:47:38.000000",1.0,8.59,1.0,N,234.0,145.0,1.0,28.0,0.5,0.5,7.58,6.12,0.3,45.5,2.5
1.0,"2019-08-22 21:49:31.000000","2019-08-22 22:20:15.000000",1.0,3.9,1.0,N,234.0,145.0,1.0,21.0,3.0,0.5,4.95,0.0,0.3,29.75,2.5
2.0,"2019-08-22 22:29:41.000000","2019-08-22 22:58:18.000000",1.0,4.57,1.0,N,234.0,145.0,2.0,21.5,0.5,0.5,0.0,0.0,0.3,25.3,2.5
1.0,"2019-08-22 23:33:13.000000","2019-08-23 00:21:40.000000",1.0,5.1,1.0,N,234.0,145.0,1.0,29.5,3.0,0.5,6.65,0.0,0.3,39.95,2.5
1.0,"2019-08-22 23:37:32.000000","2019-08-23 00:15:26.000000",1.0,5.5,1.0,N,234.0,145.0,1.0,26.0,3.0,0.5,5.95,0.0,0.3,35.75,2.5
2.0,"2019-08-22 23:31:32.000000","2019-08-23 00:10:23.000000",1.0,5.16,1.0,N,234.0,145.0,1.0,26.5,0.5,0.5,6.06,0.0,0.3,36.36,2.5
2.0,"2019-08-22 23:10:28.000000","2019-08-23 00:04:27.000000",2.0,6.26,1.0,N,234.0,145.0,2.0,32.5,0.5,0.5,0.0,0.0,0.3,36.3,2.5
2.0,"2019-08-22 23:13:50.000000","2019-08-22 23:31:52.000000",1.0,4.19,1.0,N,234.0,145.0,1.0,15.0,0.5,0.5,4.98,6.12,0.3,29.9,2.5
2.0,"2019-08-23 09:59:56.000000","2019-08-23 10:28:28.000000",1.0,4.78,1.0,N,234.0,145.0,1.0,21.0,0.0,0.5,4.86,0.0,0.3,29.16,2.5
1.0,"2019-08-23 13:13:50.000000","2019-08-23 13:36:22.000000",1.0,4.2,1.0,N,234.0,145.0,1.0,17.5,2.5,0.5,5.15,5.12,0.3,31.07,2.5
1.0,"2019-08-23 15:54:28.000000","2019-08-23 16:10:01.000000",1.0,2.5,1.0,N,234.0,145.0,1.0,12.0,2.5,0.5,5.35,6.12,0.3,26.77,2.5
1.0,"2019-08-23 16:23:28.000000","2019-08-23 16:48:36.000000",0.0,3.5,1.0,Y,234.0,145.0,1.0,17.5,3.5,0.5,5.55,6.12,0.3,33.47,2.5
2.0,"2019-08-23 17:14:23.000000","2019-08-23 17:35:25.000000",1.0,3.95,1.0,N,234.0,145.0,1.0,16.5,1.0,0.5,5.2,0.0,0.3,26.0,2.5
2.0,"2019-08-23 18:30:31.000000","2019-08-23 18:45:16.000000",1.0,2.92,1.0,N,234.0,145.0,1.0,12.5,1.0,0.5,4.58,6.12,0.3,27.5,2.5
1.0,"2019-08-23 18:18:58.000000","2019-08-23 18:37:04.000000",1.0,3.5,1.0,N,234.0,145.0,1.0,15.0,3.5,0.5,4.58,6.12,0.3,30.0,2.5
2.0,"2019-08-23 19:05:26.000000","2019-08-23 19:20:29.000000",1.0,3.27,1.0,N,234.0,145.0,1.0,13.0,1.0,0.5,4.68,6.12,0.3,28.1,2.5
1.0,"2019-08-23 20:16:00.000000","2019-08-23 20:37:21.000000",1.0,3.7,1.0,N,234.0,145.0,1.0,16.0,3.0,0.5,5.15,6.12,0.3,31.07,2.5
2.0,"2019-08-23 20:22:10.000000","2019-08-23 20:40:08.000000",5.0,3.6,1.0,N,234.0,145.0,2.0,15.0,0.5,0.5,0.0,6.12,0.3,24.92,2.5
1.0,"2019-08-23 20:05:13.000000","2019-08-23 20:32:14.000000",1.0,5.3,1.0,N,234.0,145.0,1.0,20.5,3.0,0.5,4.85,0.0,0.3,29.15,2.5
2.0,"2019-08-23 20:36:36.000000","2019-08-23 20:53:21.000000",1.0,3.15,1.0,N,234.0,145.0,1.0,14.0,0.5,0.5,3.0,6.12,0.3,26.92,2.5
2.0,"2019-08-23 22:06:02.000000","2019-08-23 22:25:46.000000",1.0,4.01,1.0,N,234.0,145.0,1.0,16.0,0.5,0.5,5.18,6.12,0.3,31.1,2.5
2.0,"2019-08-23 23:27:49.000000","2019-08-23 23:52:46.000000",1.0,5.63,1.0,N,234.0,145.0,1.0,20.5,0.5,0.5,4.86,0.0,0.3,29.16,2.5
1.0,"2019-08-23 23:23:43.000000","2019-08-23 23:37:44.000000",0.0,3.3,1.0,Y,234.0,145.0,1.0,12.5,3.0,0.5,4.45,6.12,0.3,26.87,2.5
1.0,"2019-08-24 01:45:07.000000","2019-08-24 01:57:03.000000",3.0,4.2,1.0,N,234.0,145.0,1.0,13.5,3.0,0.5,4.3,0.0,0.3,21.6,2.5
2.0,"2019-08-24 02:47:20.000000","2019-08-24 02:58:55.000000",1.0,3.78,1.0,N,234.0,145.0,1.0,13.0,0.5,0.5,3.36,0.0,0.3,20.16,2.5
2.0,"2019-08-24 03:21:11.000000","2019-08-24 03:33:43.000000",1.0,3.39,1.0,N,234.0,145.0,1.0,12.5,0.5,0.5,4.48,6.12,0.3,26.9,2.5
1.0,"2019-08-24 12:03:07.000000","2019-08-24 12:26:07.000000",1.0,4.0,1.0,N,234.0,145.0,1.0,17.5,2.5,0.5,5.35,6.12,0.3,32.27,2.5
2.0,"2019-08-24 12:03:04.000000","2019-08-24 12:26:55.000000",1.0,4.36,1.0,N,234.0,145.0,1.0,19.0,0.0,0.5,2.0,0.0,0.3,24.3,2.5
1.0,"2019-08-24 14:05:25.000000","2019-08-24 14:26:09.000000",2.0,4.6,1.0,N,234.0,145.0,1.0,17.5,2.5,0.5,3.25,0.0,0.3,24.05,2.5
1.0,"2019-08-24 15:16:24.000000","2019-08-24 15:39:17.000000",2.0,3.1,1.0,N,234.0,145.0,1.0,16.0,0.0,0.5,0.0,6.12,0.3,22.92,0.0
2.0,"2019-08-24 17:44:36.000000","2019-08-24 18:06:58.000000",5.0,4.21,1.0,N,234.0,145.0,1.0,17.0,0.0,0.5,5.28,6.12,0.3,31.7,2.5
1.0,"2019-08-24 17:44:13.000000","2019-08-24 17:59:09.000000",3.0,3.3,1.0,N,234.0,145.0,1.0,13.5,2.5,0.5,5.7,6.12,0.3,28.62,2.5
1.0,"2019-08-24 18:13:55.000000","2019-08-24 18:29:05.000000",1.0,2.9,1.0,N,234.0,145.0,1.0,13.0,2.5,0.5,4.45,6.12,0.3,26.87,2.5
2.0,"2019-08-24 18:37:39.000000","2019-08-24 19:11:32.000000",1.0,8.69,1.0,N,234.0,145.0,1.0,30.5,0.0,0.5,5.07,0.0,0.3,38.87,2.5
1.0,"2019-08-24 19:28:24.000000","2019-08-24 19:42:53.000000",1.0,3.8,1.0,N,234.0,145.0,1.0,14.0,2.5,0.5,3.45,0.0,0.3,20.75,2.5
2.0,"2019-08-24 23:15:26.000000","2019-08-24 23:34:23.000000",1.0,4.31,1.0,N,234.0,145.0,1.0,17.0,0.5,0.5,4.16,0.0,0.3,24.96,2.5
2.0,"2019-08-24 23:19:36.000000","2019-08-24 23:38:20.000000",1.0,3.39,1.0,N,234.0,145.0,1.0,14.0,0.5,0.5,4.78,6.12,0.3,28.7,2.5
2.0,"2019-08-24 23:06:07.000000","2019-08-24 23:25:52.000000",1.0,4.37,1.0,N,234.0,145.0,1.0,16.5,0.5,0.5,4.06,0.0,0.3,24.36,2.5
2.0,"2019-08-25 00:11:37.000000","2019-08-25 00:32:15.000000",2.0,4.51,1.0,N,234.0,145.0,1.0,17.0,0.5,0.5,2.0,0.0,0.3,22.8,2.5
2.0,"2019-08-25 03:23:32.000000","2019-08-25 03:40:01.000000",1.0,5.34,1.0,N,234.0,145.0,2.0,17.0,0.5,0.5,0.0,0.0,0.3,20.8,2.5
2.0,"2019-08-25 03:12:04.000000","2019-08-25 03:27:55.000000",1.0,4.65,1.0,N,234.0,145.0,1.0,16.0,0.5,0.5,3.96,0.0,0.3,23.76,2.5
1.0,"2019-08-25 05:01:26.000000","2019-08-25 05:13:57.000000",1.0,4.2,1.0,N,234.0,145.0,1.0,14.5,3.0,0.5,4.55,0.0,0.3,22.85,2.5
1.0,"2019-08-25 06:17:52.000000","2019-08-25 06:32:26.000000",2.0,4.5,1.0,N,234.0,145.0,2.0,15.5,2.5,0.5,0.0,0.0,0.3,18.8,2.5
2.0,"2019-08-25 06:34:13.000000","2019-08-25 06:45:54.000000",1.0,3.83,1.0,N,234.0,145.0,1.0,13.0,0.0,0.5,2.5,0.0,0.3,18.8,2.5
2.0,"2019-08-25 08:56:48.000000","2019-08-25 09:25:22.000000",1.0,6.61,1.0,N,234.0,145.0,1.0,23.5,0.0,0.5,5.36,0.0,0.3,32.16,2.5
2.0,"2019-08-25 18:26:39.000000","2019-08-25 18:41:51.000000",1.0,2.96,1.0,N,234.0,145.0,1.0,12.5,0.0,0.5,4.38,6.12,0.3,26.3,2.5
1.0,"2019-08-25 19:14:30.000000","2019-08-25 19:29:49.000000",1.0,3.8,1.0,N,234.0,145.0,1.0,14.5,2.5,0.5,3.55,0.0,0.3,21.35,2.5
2.0,"2019-08-25 20:35:57.000000","2019-08-25 20:51:34.000000",2.0,3.52,1.0,N,234.0,145.0,2.0,14.0,0.5,0.5,0.0,6.12,0.3,23.92,2.5
2.0,"2019-08-25 22:00:03.000000","2019-08-25 22:13:10.000000",5.0,2.99,1.0,N,234.0,145.0,1.0,12.0,0.5,0.5,4.74,0.0,0.3,20.54,2.5
2.0,"2019-08-26 00:46:57.000000","2019-08-26 01:05:15.000000",1.0,4.45,1.0,N,234.0,145.0,2.0,16.5,0.5,0.5,0.0,0.0,0.3,20.3,2.5
2.0,"2019-08-26 02:13:09.000000","2019-08-26 02:25:14.000000",1.0,4.19,1.0,N,234.0,145.0,2.0,14.0,0.5,0.5,0.0,6.12,0.3,23.92,2.5
1.0,"2019-08-26 11:13:41.000000","2019-08-26 11:40:48.000000",2.0,4.0,1.0,N,234.0,145.0,1.0,19.0,2.5,0.5,4.45,0.0,0.3,26.75,2.5
2.0,"2019-08-26 17:54:01.000000","2019-08-26 18:13:50.000000",5.0,3.73,1.0,N,234.0,145.0,2.0,16.0,1.0,0.5,0.0,0.0,0.3,20.3,2.5
2.0,"2019-08-26 18:19:58.000000","2019-08-26 18:44:46.000000",1.0,4.5,1.0,N,234.0,145.0,1.0,19.0,1.0,0.5,5.88,6.12,0.3,35.3,2.5
2.0,"2019-08-26 20:02:39.000000","2019-08-26 20:20:20.000000",5.0,3.85,1.0,N,234.0,145.0,1.0,15.0,0.5,0.5,4.98,6.12,0.3,29.9,2.5
1.0,"2019-08-26 21:57:31.000000","2019-08-26 22:09:05.000000",1.0,3.7,1.0,N,234.0,145.0,1.0,13.0,3.0,0.5,4.55,6.12,0.3,27.47,2.5
1.0,"2019-08-26 21:07:19.000000","2019-08-26 21:22:22.000000",2.0,3.7,1.0,N,234.0,145.0,1.0,14.0,3.0,0.5,4.75,6.12,0.3,28.67,2.5
2.0,"2019-08-26 21:19:37.000000","2019-08-26 21:33:55.000000",1.0,3.37,1.0,N,234.0,145.0,1.0,13.0,0.5,0.5,4.58,6.12,0.3,27.5,2.5
2.0,"2019-08-26 21:43:32.000000","2019-08-26 21:58:57.000000",1.0,3.83,1.0,N,234.0,145.0,1.0,14.0,0.5,0.5,2.5,6.12,0.3,26.42,2.5
1.0,"2019-08-26 21:21:19.000000","2019-08-26 21:35:40.000000",1.0,3.3,1.0,N,234.0,145.0,1.0,12.5,3.0,0.5,4.45,6.12,0.3,26.87,2.5
1.0,"2019-08-26 22:36:47.000000","2019-08-26 22:52:58.000000",1.0,3.9,1.0,Y,234.0,145.0,1.0,15.0,3.0,0.5,3.75,0.0,0.3,22.55,2.5
2.0,"2019-08-26 23:59:58.000000","2019-08-27 00:11:14.000000",1.0,3.33,1.0,N,234.0,145.0,1.0,12.0,0.5,0.5,4.38,6.12,0.3,26.3,2.5
2.0,"2019-08-27 17:44:50.000000","2019-08-27 18:08:52.000000",1.0,3.59,1.0,N,234.0,145.0,1.0,17.0,1.0,0.5,8.23,6.12,0.3,35.65,2.5
2.0,"2019-08-27 19:52:08.000000","2019-08-27 20:13:34.000000",1.0,4.69,1.0,N,234.0,145.0,1.0,18.0,1.0,0.5,4.46,0.0,0.3,26.76,2.5
2.0,"2019-08-27 21:58:56.000000","2019-08-27 22:14:50.000000",1.0,3.4,1.0,N,234.0,145.0,1.0,13.5,0.5,0.5,4.68,6.12,0.3,28.1,2.5
2.0,"2019-08-27 22:19:36.000000","2019-08-27 22:36:35.000000",2.0,4.01,1.0,N,234.0,145.0,1.0,15.0,0.5,0.5,2.0,0.0,0.3,20.8,2.5
2.0,"2019-08-27 22:22:39.000000","2019-08-27 22:36:34.000000",1.0,3.93,1.0,N,234.0,145.0,1.0,13.5,0.5,0.5,3.46,0.0,0.3,20.76,2.5
2.0,"2019-08-27 22:06:01.000000","2019-08-27 22:17:50.000000",1.0,2.99,1.0,N,234.0,145.0,1.0,11.5,0.5,0.5,3.86,6.12,0.3,25.28,2.5
1.0,"2019-08-27 23:05:48.000000","2019-08-27 23:21:37.000000",1.0,4.5,1.0,N,234.0,145.0,1.0,15.5,3.0,0.5,5.05,6.12,0.3,30.47,2.5
1.0,"2019-08-28 02:24:24.000000","2019-08-28 02:37:28.000000",1.0,4.2,1.0,Y,234.0,145.0,2.0,14.5,3.0,0.5,0.0,0.0,0.3,18.3,2.5
2.0,"2019-08-28 02:49:11.000000","2019-08-28 03:01:46.000000",1.0,4.32,1.0,N,234.0,145.0,1.0,14.5,0.5,0.5,4.58,0.0,0.3,22.88,2.5
2.0,"2019-08-28 13:26:24.000000","2019-08-28 13:56:55.000000",1.0,3.7,1.0,N,234.0,145.0,2.0,19.5,0.0,0.5,0.0,6.12,0.3,28.92,2.5
2.0,"2019-08-28 05:23:22.000000","2019-08-29 04:50:45.000000",6.0,3.23,1.0,N,234.0,145.0,1.0,18.0,0.0,0.5,5.48,6.12,0.3,32.9,2.5
1.0,"2019-08-28 17:46:52.000000","2019-08-28 18:02:33.000000",1.0,2.8,1.0,N,234.0,145.0,1.0,12.5,3.5,0.5,3.44,6.12,0.3,26.36,2.5
2.0,"2019-08-28 18:46:01.000000","2019-08-28 19:01:09.000000",1.0,3.08,1.0,N,234.0,145.0,1.0,13.0,1.0,0.5,4.68,6.12,0.3,28.1,2.5
1.0,"2019-08-28 19:25:52.000000","2019-08-28 19:40:40.000000",1.0,3.2,1.0,N,234.0,145.0,1.0,13.0,3.5,0.5,4.65,6.12,0.3,28.07,2.5
2.0,"2019-08-28 19:38:14.000000","2019-08-28 19:54:50.000000",3.0,3.36,1.0,N,234.0,145.0,1.0,13.5,1.0,0.5,4.78,6.12,0.3,28.7,2.5
1.0,"2019-08-28 20:29:09.000000","2019-08-28 20:58:07.000000",2.0,5.0,1.0,N,234.0,145.0,1.0,21.5,3.0,0.5,2.7,0.0,0.3,28.0,2.5
1.0,"2019-08-28 20:25:57.000000","2019-08-28 20:45:27.000000",1.0,4.1,1.0,N,234.0,145.0,1.0,16.0,3.0,0.5,2.59,6.12,0.3,28.51,2.5
2.0,"2019-08-28 21:43:11.000000","2019-08-28 21:56:41.000000",1.0,3.48,1.0,N,234.0,145.0,1.0,12.5,0.5,0.5,4.48,6.12,0.3,26.9,2.5
1.0,"2019-08-28 21:16:39.000000","2019-08-28 21:32:25.000000",1.0,4.0,1.0,N,234.0,145.0,1.0,14.5,3.0,0.5,4.85,6.12,0.3,29.27,2.5
2.0,"2019-08-28 21:31:12.000000","2019-08-28 21:50:29.000000",5.0,4.88,1.0,N,234.0,145.0,1.0,17.0,0.5,0.5,3.0,0.0,0.3,23.8,2.5
2.0,"2019-08-28 21:17:18.000000","2019-08-28 21:27:57.000000",1.0,2.79,1.0,N,234.0,145.0,1.0,11.0,0.5,0.5,2.5,6.12,0.3,23.42,2.5
1.0,"2019-08-28 22:19:27.000000","2019-08-28 22:41:01.000000",1.0,4.9,1.0,N,234.0,145.0,1.0,18.5,3.0,0.5,6.65,0.0,0.3,28.95,2.5
2.0,"2019-08-28 23:39:20.000000","2019-08-28 23:56:28.000000",2.0,4.13,1.0,N,234.0,145.0,1.0,15.5,0.5,0.5,3.86,0.0,0.3,23.16,2.5
2.0,"2019-08-28 23:15:07.000000","2019-08-28 23:32:55.000000",3.0,4.03,1.0,N,234.0,145.0,1.0,16.0,0.5,0.5,3.96,0.0,0.3,23.76,2.5
2.0,"2019-08-29 05:19:10.000000","2019-08-29 05:33:46.000000",1.0,4.31,1.0,N,234.0,145.0,1.0,15.5,0.5,0.5,4.83,0.0,0.3,24.13,2.5
1.0,"2019-08-29 20:56:48.000000","2019-08-29 21:18:50.000000",1.0,4.5,1.0,N,234.0,145.0,1.0,17.5,3.0,0.5,4.25,0.0,0.3,25.55,2.5
1.0,"2019-08-29 20:05:55.000000","2019-08-29 20:29:49.000000",0.0,4.3,1.0,N,234.0,145.0,1.0,18.5,3.0,0.5,4.45,0.0,0.3,26.75,2.5
1.0,"2019-08-29 20:13:16.000000","2019-08-29 20:32:22.000000",1.0,3.5,1.0,N,234.0,145.0,1.0,15.0,3.0,0.5,4.95,6.12,0.3,29.87,2.5
2.0,"2019-08-29 21:23:06.000000","2019-08-29 21:44:49.000000",2.0,4.81,1.0,N,234.0,145.0,1.0,18.5,0.5,0.5,4.46,0.0,0.3,26.76,2.5
1.0,"2019-08-29 22:34:06.000000","2019-08-29 22:51:59.000000",2.0,4.6,1.0,N,234.0,145.0,1.0,16.5,3.0,0.5,4.06,0.0,0.3,24.36,2.5
2.0,"2019-08-29 22:21:26.000000","2019-08-29 22:32:29.000000",1.0,2.74,1.0,N,234.0,145.0,1.0,11.0,0.5,0.5,4.18,6.12,0.3,25.1,2.5
2.0,"2019-08-29 23:28:36.000000","2019-08-29 23:40:41.000000",3.0,2.85,1.0,N,234.0,145.0,1.0,11.5,0.5,0.5,2.14,6.12,0.3,23.56,2.5
2.0,"2019-08-29 23:45:02.000000","2019-08-30 00:04:05.000000",1.0,4.92,1.0,N,234.0,145.0,1.0,17.0,0.5,0.5,2.0,0.0,0.3,22.8,2.5
2.0,"2019-08-29 23:54:11.000000","2019-08-30 00:17:55.000000",3.0,4.73,1.0,N,234.0,145.0,1.0,18.0,0.5,0.5,5.58,6.12,0.3,33.5,2.5
1.0,"2019-08-30 07:13:33.000000","2019-08-30 07:27:02.000000",1.0,3.4,1.0,N,234.0,145.0,1.0,12.0,2.5,0.5,4.25,6.12,0.3,25.67,2.5
2.0,"2019-08-30 13:24:38.000000","2019-08-30 13:41:54.000000",1.0,2.96,1.0,N,234.0,145.0,1.0,13.0,0.0,0.5,2.0,6.12,0.3,24.42,2.5
1.0,"2019-08-30 14:32:41.000000","2019-08-30 14:51:29.000000",1.0,3.9,1.0,Y,234.0,145.0,1.0,16.0,2.5,0.5,3.0,0.0,0.3,22.3,2.5
1.0,"2019-08-30 15:47:27.000000","2019-08-30 16:08:18.000000",1.0,3.6,1.0,N,234.0,145.0,1.0,15.5,2.5,0.5,2.49,6.12,0.3,27.41,2.5
1.0,"2019-08-30 15:35:29.000000","2019-08-30 15:52:38.000000",1.0,2.8,1.0,N,234.0,145.0,1.0,13.5,2.5,0.5,4.55,6.12,0.3,27.47,2.5
1.0,"2019-08-30 15:26:49.000000","2019-08-30 15:53:02.000000",1.0,4.6,1.0,N,234.0,145.0,1.0,19.5,2.5,0.5,4.55,0.0,0.3,27.35,2.5
1.0,"2019-08-30 16:05:06.000000","2019-08-30 16:29:54.000000",1.0,4.9,1.0,N,234.0,145.0,2.0,19.5,3.5,0.5,0.0,0.0,0.3,23.8,2.5
1.0,"2019-08-30 16:29:44.000000","2019-08-30 16:53:16.000000",2.0,4.1,1.0,N,234.0,145.0,1.0,18.0,3.5,0.5,5.65,6.12,0.3,34.07,2.5
1.0,"2019-08-30 18:04:54.000000","2019-08-30 18:25:54.000000",1.0,3.6,1.0,N,234.0,145.0,1.0,16.0,3.5,0.5,5.25,6.12,0.3,31.67,2.5
1.0,"2019-08-30 18:10:01.000000","2019-08-30 18:29:39.000000",1.0,4.7,1.0,N,234.0,145.0,1.0,17.5,3.5,0.5,2.0,0.0,0.3,23.8,2.5
2.0,"2019-08-30 21:50:03.000000","2019-08-30 22:10:16.000000",2.0,4.18,1.0,N,234.0,145.0,1.0,17.0,0.5,0.5,4.16,0.0,0.3,24.96,2.5
1.0,"2019-08-30 22:54:17.000000","2019-08-30 23:18:38.000000",1.0,4.2,1.0,N,234.0,145.0,1.0,18.5,3.0,0.5,4.45,0.0,0.3,26.75,2.5
2.0,"2019-08-30 23:14:17.000000","2019-08-30 23:41:28.000000",1.0,4.82,1.0,N,234.0,145.0,1.0,20.0,0.5,0.5,4.76,0.0,0.3,28.56,2.5
1.0,"2019-08-31 04:18:03.000000","2019-08-31 04:30:56.000000",1.0,3.4,1.0,N,234.0,145.0,1.0,13.0,3.0,0.5,2.0,6.12,0.3,24.92,2.5
2.0,"2019-08-31 10:57:58.000000","2019-08-31 11:19:00.000000",1.0,4.41,1.0,N,234.0,145.0,1.0,17.0,0.0,0.5,15.0,0.0,0.3,35.3,2.5
2.0,"2019-08-31 12:42:47.000000","2019-08-31 13:00:44.000000",1.0,4.26,1.0,N,234.0,145.0,1.0,16.0,0.0,0.5,5.08,6.12,0.3,30.5,2.5
2.0,"2019-08-31 12:45:17.000000","2019-08-31 12:59:30.000000",2.0,4.14,1.0,N,234.0,145.0,1.0,14.5,0.0,0.5,3.56,0.0,0.3,21.36,2.5
2.0,"2019-08-31 14:59:00.000000","2019-08-31 15:16:58.000000",1.0,3.98,1.0,N,234.0,145.0,1.0,15.5,0.0,0.5,4.7,0.0,0.3,23.5,2.5
1.0,"2019-08-31 16:34:39.000000","2019-08-31 17:00:49.000000",1.0,4.5,1.0,Y,234.0,145.0,1.0,20.0,2.5,0.5,2.0,0.0,0.3,25.3,2.5
1.0,"2019-08-31 19:31:57.000000","2019-08-31 19:52:57.000000",1.0,4.6,1.0,N,234.0,145.0,1.0,17.5,2.5,0.5,3.5,0.0,0.3,24.3,2.5
2.0,"2019-08-31 23:44:19.000000","2019-08-31 23:59:02.000000",2.0,3.9,1.0,N,234.0,145.0,1.0,14.5,0.5,0.5,3.66,0.0,0.3,21.96,2.5
2.0,"2019-08-31 23:46:33.000000","2019-08-31 23:59:44.000000",1.0,2.9,1.0,N,234.0,145.0,1.0,11.5,0.5,0.5,4.28,6.12,0.3,25.7,2.5
