1.0,"2019-08-01 00:19:43.000000","2019-08-01 00:36:15.000000",1.0,5.3,1.0,N,234.0,151.0,1.0,18.0,3.0,0.5,2.18,0.0,0.3,23.98,2.5
1.0,"2019-08-01 00:27:06.000000","2019-08-01 00:42:46.000000",1.0,4.8,1.0,Y,234.0,151.0,2.0,15.5,3.0,0.5,0.0,0.0,0.3,19.3,2.5
2.0,"2019-08-01 12:00:34.000000","2019-08-01 12:26:03.000000",1.0,5.67,1.0,N,234.0,151.0,1.0,22.0,0.0,0.5,6.32,0.0,0.3,31.62,2.5
2.0,"2019-08-01 13:46:00.000000","2019-08-01 14:22:44.000000",1.0,4.52,1.0,N,234.0,151.0,1.0,24.0,0.0,0.5,5.46,0.0,0.3,32.76,2.5
2.0,"2019-08-01 13:38:18.000000","2019-08-01 14:16:51.000000",1.0,4.61,1.0,N,234.0,151.0,2.0,24.5,0.0,0.5,0.0,0.0,0.3,27.8,2.5
1.0,"2019-08-01 14:22:23.000000","2019-08-01 15:04:10.000000",1.0,6.0,1.0,N,234.0,151.0,2.0,29.0,2.5,0.5,0.0,0.0,0.3,32.3,2.5
2.0,"2019-08-01 15:28:33.000000","2019-08-01 15:58:07.000000",1.0,4.57,1.0,N,234.0,151.0,1.0,21.5,0.0,0.5,1.0,0.0,0.3,25.8,2.5
2.0,"2019-08-01 16:28:11.000000","2019-08-01 16:57:03.000000",1.0,4.97,1.0,N,234.0,151.0,1.0,21.0,1.0,0.5,5.06,0.0,0.3,30.36,2.5
1.0,"2019-08-01 18:32:55.000000","2019-08-01 19:03:58.000000",1.0,5.0,1.0,N,234.0,151.0,1.0,22.5,3.5,0.5,5.35,0.0,0.3,32.15,2.5
1.0,"2019-08-01 18:42:36.000000","2019-08-01 19:12:27.000000",1.0,5.6,1.0,N,234.0,151.0,1.0,23.5,3.5,0.5,5.55,0.0,0.3,33.35,2.5
2.0,"2019-08-01 19:36:01.000000","2019-08-01 19:58:55.000000",2.0,5.52,1.0,N,234.0,151.0,1.0,21.0,1.0,0.5,1.0,0.0,0.3,26.3,2.5
2.0,"2019-08-01 19:48:29.000000","2019-08-01 20:17:44.000000",1.0,4.78,1.0,N,234.0,151.0,2.0,21.5,1.0,0.5,0.0,0.0,0.3,25.8,2.5
1.0,"2019-08-01 19:28:25.000000","2019-08-01 19:58:21.000000",1.0,5.5,1.0,N,234.0,151.0,1.0,24.0,3.5,0.5,5.65,0.0,0.3,33.95,2.5
1.0,"2019-08-01 20:49:43.000000","2019-08-01 21:15:53.000000",1.0,4.7,1.0,N,234.0,151.0,1.0,20.0,3.0,0.5,3.75,0.0,0.3,27.55,2.5
1.0,"2019-08-01 20:27:37.000000","2019-08-01 20:55:21.000000",1.0,5.0,1.0,N,234.0,151.0,1.0,21.0,3.0,0.5,6.2,0.0,0.3,31.0,2.5
2.0,"2019-08-01 20:37:03.000000","2019-08-01 21:06:45.000000",2.0,5.09,1.0,N,234.0,151.0,1.0,22.0,0.5,0.5,5.16,0.0,0.3,30.96,2.5
2.0,"2019-08-01 20:43:17.000000","2019-08-01 21:03:21.000000",1.0,5.26,1.0,N,234.0,151.0,1.0,19.0,0.5,0.5,4.56,0.0,0.3,27.36,2.5
2.0,"2019-08-01 21:19:38.000000","2019-08-01 21:46:16.000000",1.0,5.61,1.0,N,234.0,151.0,1.0,20.5,0.5,0.5,4.86,0.0,0.3,29.16,2.5
2.0,"2019-08-01 21:16:46.000000","2019-08-01 21:41:18.000000",1.0,5.58,1.0,N,234.0,151.0,1.0,21.5,0.5,0.5,7.59,0.0,0.3,32.89,2.5
2.0,"2019-08-01 21:08:51.000000","2019-08-01 21:33:55.000000",3.0,5.42,1.0,N,234.0,151.0,1.0,21.0,0.5,0.5,4.96,0.0,0.3,29.76,2.5
2.0,"2019-08-01 21:27:04.000000","2019-08-01 21:53:20.000000",1.0,5.45,1.0,N,234.0,151.0,2.0,22.0,0.5,0.5,0.0,0.0,0.3,25.8,2.5
1.0,"2019-08-01 22:10:55.000000","2019-08-01 22:37:00.000000",1.0,5.4,1.0,N,234.0,151.0,1.0,21.5,3.0,0.5,5.05,0.0,0.3,30.35,2.5
2.0,"2019-08-01 22:47:03.000000","2019-08-01 23:08:33.000000",1.0,5.15,1.0,N,234.0,151.0,1.0,18.5,0.5,0.5,4.46,0.0,0.3,26.76,2.5
2.0,"2019-08-01 23:37:09.000000","2019-08-01 23:58:25.000000",1.0,5.08,1.0,N,234.0,151.0,1.0,18.0,0.5,0.5,4.36,0.0,0.3,26.16,2.5
2.0,"2019-08-02 00:45:59.000000","2019-08-02 01:05:30.000000",1.0,5.52,1.0,N,234.0,151.0,1.0,18.5,0.5,0.5,3.34,0.0,0.3,25.64,2.5
2.0,"2019-08-02 02:07:25.000000","2019-08-02 02:26:21.000000",1.0,4.8,1.0,N,234.0,151.0,1.0,17.5,0.5,0.5,2.0,0.0,0.3,23.3,2.5
1.0,"2019-08-02 07:05:06.000000","2019-08-02 07:33:19.000000",1.0,5.0,1.0,N,234.0,151.0,1.0,21.0,2.5,0.5,2.5,0.0,0.3,26.8,2.5
2.0,"2019-08-02 08:59:38.000000","2019-08-02 09:07:11.000000",1.0,0.62,1.0,N,234.0,151.0,1.0,6.0,0.0,0.5,1.86,0.0,0.3,11.16,2.5
1.0,"2019-08-02 13:13:10.000000","2019-08-02 13:40:49.000000",1.0,4.5,1.0,N,234.0,151.0,1.0,20.0,2.5,0.5,4.0,0.0,0.3,27.3,2.5
2.0,"2019-08-02 16:34:08.000000","2019-08-02 17:00:13.000000",5.0,4.03,1.0,N,234.0,151.0,1.0,18.5,1.0,0.5,3.2,0.0,0.3,26.0,2.5
2.0,"2019-08-02 18:05:30.000000","2019-08-02 18:34:04.000000",2.0,4.95,1.0,N,234.0,151.0,1.0,22.0,1.0,0.5,5.26,0.0,0.3,31.56,2.5
1.0,"2019-08-02 18:51:01.000000","2019-08-02 19:17:28.000000",2.0,5.4,1.0,N,234.0,151.0,2.0,22.0,3.5,0.5,0.0,0.0,0.3,26.3,2.5
1.0,"2019-08-02 19:43:05.000000","2019-08-02 19:59:27.000000",2.0,5.4,1.0,N,234.0,151.0,1.0,18.0,3.5,0.5,4.45,0.0,0.3,26.75,2.5
1.0,"2019-08-02 19:12:33.000000","2019-08-02 19:34:26.000000",4.0,5.6,1.0,N,234.0,151.0,2.0,20.5,3.5,0.5,0.0,0.0,0.3,24.8,2.5
2.0,"2019-08-02 19:24:47.000000","2019-08-02 19:53:32.000000",1.0,5.29,1.0,N,234.0,151.0,1.0,21.5,1.0,0.5,2.58,0.0,0.3,28.38,2.5
2.0,"2019-08-02 20:43:01.000000","2019-08-02 21:10:25.000000",1.0,4.79,1.0,N,234.0,151.0,1.0,20.5,0.5,0.5,4.86,0.0,0.3,29.16,2.5
1.0,"2019-08-02 20:04:32.000000","2019-08-02 20:31:47.000000",2.0,7.0,1.0,N,234.0,151.0,1.0,25.0,3.0,0.5,1.0,0.0,0.3,29.8,2.5
2.0,"2019-08-02 20:11:52.000000","2019-08-02 20:35:41.000000",5.0,5.55,1.0,N,234.0,151.0,1.0,21.5,0.5,0.5,5.06,0.0,0.3,30.36,2.5
2.0,"2019-08-02 20:42:03.000000","2019-08-02 21:07:37.000000",1.0,5.9,1.0,N,234.0,151.0,1.0,22.0,0.5,0.5,0.0,0.0,0.3,25.8,2.5
1.0,"2019-08-02 21:41:05.000000","2019-08-02 22:02:27.000000",2.0,5.5,1.0,N,234.0,151.0,1.0,20.0,3.0,0.5,4.75,0.0,0.3,28.55,2.5
2.0,"2019-08-02 21:19:03.000000","2019-08-02 21:37:48.000000",1.0,5.47,1.0,N,234.0,151.0,1.0,19.0,1.0,0.5,3.0,0.0,0.3,26.3,2.5
1.0,"2019-08-02 23:10:19.000000","2019-08-02 23:31:37.000000",1.0,5.0,1.0,N,234.0,151.0,1.0,19.0,3.0,0.5,4.55,0.0,0.3,27.35,2.5
2.0,"2019-08-02 23:09:51.000000","2019-08-02 23:40:43.000000",1.0,5.7,1.0,N,234.0,151.0,1.0,22.0,0.5,0.5,5.16,0.0,0.3,30.96,2.5
2.0,"2019-08-02 23:21:33.000000","2019-08-02 23:48:44.000000",3.0,5.47,1.0,N,234.0,151.0,1.0,21.5,0.5,0.5,5.06,0.0,0.3,30.36,2.5
1.0,"2019-08-03 00:02:17.000000","2019-08-03 00:23:07.000000",1.0,5.8,1.0,N,234.0,151.0,1.0,19.0,3.0,0.5,4.55,0.0,0.3,27.35,2.5
2.0,"2019-08-03 03:24:53.000000","2019-08-03 03:41:55.000000",5.0,4.59,1.0,N,234.0,151.0,1.0,17.0,0.5,0.5,4.16,0.0,0.3,24.96,2.5
2.0,"2019-08-03 04:47:44.000000","2019-08-03 05:06:58.000000",1.0,5.63,1.0,N,234.0,151.0,2.0,20.5,0.5,0.5,0.0,0.0,0.3,24.3,2.5
1.0,"2019-08-03 08:50:50.000000","2019-08-03 09:11:18.000000",1.0,4.8,1.0,N,234.0,151.0,2.0,17.5,2.5,0.5,0.0,0.0,0.3,20.8,2.5
2.0,"2019-08-03 08:54:55.000000","2019-08-03 09:15:25.000000",1.0,5.73,1.0,N,234.0,151.0,1.0,20.0,0.0,0.5,2.33,0.0,0.3,25.63,2.5
2.0,"2019-08-03 11:27:44.000000","2019-08-03 11:51:07.000000",1.0,5.83,1.0,N,234.0,151.0,2.0,22.0,0.0,0.5,0.0,0.0,0.3,25.3,2.5
2.0,"2019-08-03 14:14:51.000000","2019-08-03 14:44:15.000000",1.0,5.57,1.0,N,234.0,151.0,1.0,23.5,0.0,0.5,4.0,0.0,0.3,30.8,2.5
2.0,"2019-08-03 14:20:25.000000","2019-08-03 14:43:29.000000",1.0,4.61,1.0,N,234.0,151.0,1.0,18.5,0.0,0.5,4.36,0.0,0.3,26.16,2.5
2.0,"2019-08-03 15:36:45.000000","2019-08-03 16:04:14.000000",1.0,5.59,1.0,N,234.0,151.0,1.0,23.0,0.0,0.5,2.0,0.0,0.3,28.3,2.5
1.0,"2019-08-03 16:40:36.000000","2019-08-03 17:07:48.000000",1.0,5.9,1.0,N,234.0,151.0,1.0,23.0,2.5,0.5,5.25,0.0,0.3,31.55,2.5
2.0,"2019-08-03 18:34:35.000000","2019-08-03 19:00:33.000000",1.0,4.44,1.0,N,234.0,151.0,1.0,20.5,0.0,0.5,4.76,0.0,0.3,28.56,2.5
2.0,"2019-08-03 20:59:30.000000","2019-08-03 21:19:36.000000",2.0,5.12,1.0,N,234.0,151.0,1.0,18.0,0.5,0.5,2.18,0.0,0.3,23.98,2.5
1.0,"2019-08-03 22:39:06.000000","2019-08-03 23:03:21.000000",3.0,5.4,1.0,N,234.0,151.0,1.0,20.5,3.0,0.5,6.05,0.0,0.3,30.35,2.5
2.0,"2019-08-03 21:59:16.000000","2019-08-03 22:25:35.000000",5.0,5.18,1.0,N,234.0,151.0,1.0,21.0,0.5,0.5,4.96,0.0,0.3,29.76,2.5
1.0,"2019-08-03 23:36:03.000000","2019-08-03 23:59:21.000000",3.0,4.6,1.0,N,234.0,151.0,2.0,19.0,3.0,0.5,0.0,0.0,0.3,22.8,2.5
1.0,"2019-08-03 23:16:36.000000","2019-08-03 23:40:25.000000",2.0,5.3,1.0,N,234.0,151.0,1.0,20.0,3.0,0.5,4.75,0.0,0.3,28.55,2.5
2.0,"2019-08-04 00:53:22.000000","2019-08-04 01:18:02.000000",1.0,5.42,1.0,N,234.0,151.0,1.0,20.0,0.5,0.5,4.76,0.0,0.3,28.56,2.5
2.0,"2019-08-04 01:53:53.000000","2019-08-04 02:12:03.000000",1.0,4.47,1.0,N,234.0,151.0,1.0,16.5,0.5,0.5,2.0,0.0,0.3,22.3,2.5
1.0,"2019-08-04 01:27:37.000000","2019-08-04 01:49:47.000000",1.0,5.2,1.0,N,234.0,151.0,2.0,20.0,3.0,0.5,0.0,0.0,0.3,23.8,2.5
2.0,"2019-08-04 01:57:28.000000","2019-08-04 02:13:01.000000",1.0,4.09,1.0,N,234.0,151.0,1.0,15.0,0.5,0.5,1.0,0.0,0.3,19.8,2.5
2.0,"2019-08-04 02:59:10.000000","2019-08-04 03:15:09.000000",1.0,4.94,1.0,N,234.0,151.0,1.0,16.5,0.5,0.5,4.06,0.0,0.3,24.36,2.5
2.0,"2019-08-04 03:04:25.000000","2019-08-04 03:19:20.000000",2.0,4.88,1.0,N,234.0,151.0,2.0,15.5,0.5,0.5,0.0,0.0,0.3,19.3,2.5
1.0,"2019-08-04 12:45:28.000000","2019-08-04 13:03:36.000000",1.0,4.5,1.0,N,234.0,151.0,1.0,16.5,2.5,0.5,2.97,0.0,0.3,22.77,2.5
1.0,"2019-08-04 14:05:35.000000","2019-08-04 14:28:08.000000",2.0,5.9,1.0,N,234.0,151.0,1.0,21.0,2.5,0.5,3.65,0.0,0.3,27.95,2.5
2.0,"2019-08-04 17:52:30.000000","2019-08-04 18:17:00.000000",1.0,5.99,1.0,N,234.0,151.0,1.0,21.5,0.0,0.5,4.2,0.0,0.3,29.0,2.5
1.0,"2019-08-04 19:34:32.000000","2019-08-04 19:54:28.000000",1.0,4.8,1.0,N,234.0,151.0,2.0,18.0,2.5,0.5,0.0,0.0,0.3,21.3,2.5
1.0,"2019-08-04 20:46:20.000000","2019-08-04 21:04:28.000000",1.0,4.4,1.0,N,234.0,151.0,1.0,16.0,3.0,0.5,3.95,0.0,0.3,23.75,2.5
2.0,"2019-08-04 22:47:59.000000","2019-08-04 23:06:55.000000",1.0,5.12,1.0,N,234.0,151.0,1.0,17.5,0.5,0.5,4.26,0.0,0.3,25.56,2.5
2.0,"2019-08-04 22:17:12.000000","2019-08-04 22:37:12.000000",4.0,6.15,1.0,N,234.0,151.0,1.0,21.0,0.5,0.5,2.0,0.0,0.3,26.8,2.5
2.0,"2019-08-05 14:00:54.000000","2019-08-05 14:24:39.000000",2.0,5.3,1.0,N,234.0,151.0,2.0,21.0,0.0,0.5,0.0,0.0,0.3,24.3,2.5
2.0,"2019-08-05 17:36:18.000000","2019-08-05 18:06:29.000000",1.0,5.95,1.0,N,234.0,151.0,1.0,23.0,1.0,0.5,8.19,0.0,0.3,35.49,2.5
2.0,"2019-08-05 17:03:10.000000","2019-08-05 17:24:52.000000",2.0,5.48,1.0,N,234.0,151.0,1.0,20.0,1.0,0.5,4.86,0.0,0.3,29.16,2.5
1.0,"2019-08-05 19:57:44.000000","2019-08-05 20:16:02.000000",1.0,5.2,1.0,N,234.0,151.0,1.0,18.5,3.0,0.5,4.45,0.0,0.3,26.75,2.5
2.0,"2019-08-05 21:44:03.000000","2019-08-05 22:02:34.000000",5.0,5.75,1.0,N,234.0,151.0,1.0,20.0,0.5,0.5,2.0,0.0,0.3,25.8,2.5
2.0,"2019-08-05 22:07:01.000000","2019-08-05 22:24:26.000000",1.0,4.94,1.0,N,234.0,151.0,1.0,18.0,0.5,0.5,4.36,0.0,0.3,26.16,2.5
2.0,"2019-08-05 23:20:07.000000","2019-08-05 23:43:27.000000",1.0,6.01,1.0,N,234.0,151.0,1.0,22.0,0.5,0.5,5.16,0.0,0.3,30.96,2.5
2.0,"2019-08-06 00:19:17.000000","2019-08-06 00:37:14.000000",2.0,4.53,1.0,N,234.0,151.0,1.0,16.5,0.5,0.5,4.06,0.0,0.3,24.36,2.5
2.0,"2019-08-06 00:21:58.000000","2019-08-06 00:37:08.000000",1.0,5.45,1.0,N,234.0,151.0,2.0,17.5,0.5,0.5,0.0,0.0,0.3,21.3,2.5
2.0,"2019-08-06 01:23:38.000000","2019-08-06 01:39:46.000000",2.0,5.3,1.0,N,234.0,151.0,2.0,18.5,0.5,0.5,0.0,0.0,0.3,22.3,2.5
2.0,"2019-08-06 13:42:43.000000","2019-08-06 14:13:36.000000",2.0,5.34,1.0,N,234.0,151.0,2.0,23.5,0.0,0.5,0.0,0.0,0.3,26.8,2.5
2.0,"2019-08-06 14:26:58.000000","2019-08-06 14:59:15.000000",6.0,5.34,1.0,N,234.0,151.0,1.0,24.5,0.0,0.5,5.56,0.0,0.3,33.36,2.5
2.0,"2019-08-06 16:55:38.000000","2019-08-06 17:30:02.000000",2.0,5.49,1.0,N,234.0,151.0,2.0,24.0,1.0,0.5,0.0,0.0,0.3,28.3,2.5
2.0,"2019-08-06 16:02:43.000000","2019-08-06 16:31:36.000000",1.0,4.41,1.0,N,234.0,151.0,1.0,20.0,1.0,0.5,1.0,0.0,0.3,25.3,2.5
2.0,"2019-08-06 16:14:52.000000","2019-08-06 16:51:15.000000",1.0,5.37,1.0,N,234.0,151.0,1.0,25.5,1.0,0.5,5.96,0.0,0.3,35.76,2.5
2.0,"2019-08-06 17:32:57.000000","2019-08-06 17:56:01.000000",6.0,4.89,1.0,N,234.0,151.0,1.0,19.0,1.0,0.5,5.82,0.0,0.3,29.12,2.5
1.0,"2019-08-06 19:16:07.000000","2019-08-06 19:44:53.000000",0.0,4.8,1.0,N,234.0,151.0,1.0,20.0,3.5,0.5,4.85,0.0,0.3,29.15,2.5
2.0,"2019-08-06 20:13:27.000000","2019-08-06 20:32:35.000000",5.0,5.59,1.0,N,234.0,151.0,1.0,19.5,0.5,0.5,4.66,0.0,0.3,27.96,2.5
2.0,"2019-08-06 20:26:57.000000","2019-08-06 20:56:29.000000",1.0,5.54,1.0,N,234.0,151.0,1.0,22.5,0.5,0.5,5.26,0.0,0.3,31.56,2.5
1.0,"2019-08-06 21:00:44.000000","2019-08-06 21:21:29.000000",1.0,5.3,1.0,N,234.0,151.0,1.0,19.0,3.0,0.5,2.0,0.0,0.3,24.8,2.5
2.0,"2019-08-06 21:00:13.000000","2019-08-06 21:25:59.000000",1.0,5.28,1.0,N,234.0,151.0,1.0,20.5,0.5,0.5,6.08,0.0,0.3,30.38,2.5
2.0,"2019-08-06 21:23:44.000000","2019-08-06 21:49:21.000000",1.0,4.75,1.0,N,234.0,151.0,1.0,20.0,0.5,0.5,4.76,0.0,0.3,28.56,2.5
2.0,"2019-08-06 21:01:53.000000","2019-08-06 21:18:47.000000",5.0,5.62,1.0,N,234.0,151.0,1.0,18.5,0.5,0.5,5.58,0.0,0.3,27.88,2.5
2.0,"2019-08-06 21:45:22.000000","2019-08-06 22:05:46.000000",1.0,4.36,1.0,N,234.0,151.0,1.0,17.0,0.5,0.5,4.16,0.0,0.3,24.96,2.5
2.0,"2019-08-06 22:06:00.000000","2019-08-06 22:28:29.000000",1.0,4.69,1.0,N,234.0,151.0,1.0,18.5,0.5,0.5,5.58,0.0,0.3,27.88,2.5
2.0,"2019-08-06 22:15:36.000000","2019-08-06 22:35:42.000000",2.0,5.2,1.0,N,234.0,151.0,1.0,18.5,0.5,0.5,4.46,0.0,0.3,26.76,2.5
2.0,"2019-08-06 22:16:51.000000","2019-08-06 22:34:34.000000",2.0,5.01,1.0,N,234.0,151.0,1.0,17.0,0.5,0.5,4.16,0.0,0.3,24.96,2.5
2.0,"2019-08-06 22:07:40.000000","2019-08-06 22:27:28.000000",2.0,6.03,1.0,N,234.0,151.0,1.0,20.0,0.5,0.5,1.8,0.0,0.3,25.6,2.5
2.0,"2019-08-06 22:15:36.000000","2019-08-06 22:36:21.000000",1.0,4.25,1.0,N,234.0,151.0,1.0,17.0,0.5,0.5,4.0,0.0,0.3,24.8,2.5
2.0,"2019-08-06 23:30:45.000000","2019-08-06 23:46:13.000000",1.0,4.8,1.0,N,234.0,151.0,1.0,16.0,0.5,0.5,3.96,0.0,0.3,23.76,2.5
2.0,"2019-08-06 23:48:52.000000","2019-08-07 00:12:09.000000",1.0,4.57,1.0,N,234.0,151.0,1.0,18.5,0.5,0.5,2.23,0.0,0.3,24.53,2.5
2.0,"2019-08-06 22:56:28.000000","2019-08-06 23:16:53.000000",1.0,5.13,1.0,N,234.0,151.0,2.0,18.5,0.5,0.5,0.0,0.0,0.3,22.3,2.5
1.0,"2019-08-06 23:10:39.000000","2019-08-06 23:31:14.000000",1.0,5.1,1.0,N,234.0,151.0,2.0,18.5,3.0,0.5,0.0,0.0,0.3,22.3,2.5
1.0,"2019-08-06 23:31:33.000000","2019-08-06 23:51:24.000000",2.0,5.3,1.0,N,234.0,151.0,1.0,18.5,3.0,0.5,4.46,0.0,0.3,26.76,2.5
2.0,"2019-08-07 10:22:15.000000","2019-08-07 11:05:31.000000",1.0,5.05,1.0,N,234.0,151.0,1.0,27.5,0.0,0.5,4.0,0.0,0.3,34.8,2.5
2.0,"2019-08-07 15:01:45.000000","2019-08-07 15:45:51.000000",4.0,5.93,1.0,N,234.0,151.0,1.0,29.0,0.0,0.5,6.46,0.0,0.3,38.76,2.5
1.0,"2019-08-07 17:50:14.000000","2019-08-07 18:32:06.000000",2.0,6.1,1.0,N,234.0,151.0,1.0,27.0,3.5,0.5,6.25,0.0,0.3,37.55,2.5
2.0,"2019-08-07 18:27:04.000000","2019-08-07 18:56:15.000000",1.0,5.74,1.0,N,234.0,151.0,1.0,21.5,1.0,0.5,5.16,0.0,0.3,32.91,2.5
1.0,"2019-08-07 19:04:32.000000","2019-08-07 19:32:42.000000",0.0,5.6,1.0,N,234.0,151.0,1.0,22.0,3.5,0.5,5.26,0.0,0.3,31.56,2.5
2.0,"2019-08-07 20:35:05.000000","2019-08-07 21:01:27.000000",1.0,4.07,1.0,N,234.0,151.0,1.0,19.5,0.5,0.5,4.66,0.0,0.3,27.96,2.5
2.0,"2019-08-07 20:00:32.000000","2019-08-07 20:24:27.000000",1.0,5.29,1.0,N,234.0,151.0,1.0,20.5,0.5,0.5,4.0,0.0,0.3,28.3,2.5
2.0,"2019-08-07 20:25:04.000000","2019-08-07 20:57:50.000000",1.0,5.63,1.0,N,234.0,151.0,1.0,24.5,0.5,0.5,2.0,0.0,0.3,30.3,2.5
2.0,"2019-08-07 20:43:21.000000","2019-08-07 21:16:34.000000",3.0,5.41,1.0,N,234.0,151.0,1.0,23.5,0.5,0.5,8.19,0.0,0.3,35.49,2.5
2.0,"2019-08-07 20:48:28.000000","2019-08-07 21:14:11.000000",1.0,4.99,1.0,N,234.0,151.0,1.0,19.5,0.5,0.5,4.66,0.0,0.3,27.96,2.5
1.0,"2019-08-07 20:24:16.000000","2019-08-07 20:59:38.000000",1.0,5.9,1.0,N,234.0,151.0,1.0,25.0,3.0,0.5,5.75,0.0,0.3,34.55,2.5
2.0,"2019-08-07 21:05:23.000000","2019-08-07 21:35:55.000000",1.0,4.92,1.0,N,234.0,151.0,1.0,22.0,0.5,0.5,2.58,0.0,0.3,28.38,2.5
2.0,"2019-08-07 21:18:56.000000","2019-08-07 21:46:19.000000",1.0,4.46,1.0,N,234.0,151.0,1.0,20.0,0.5,0.5,5.95,0.0,0.3,29.75,2.5
2.0,"2019-08-07 22:17:34.000000","2019-08-07 22:36:10.000000",1.0,4.01,1.0,N,234.0,151.0,1.0,16.0,0.5,0.5,3.0,0.0,0.3,22.8,2.5
2.0,"2019-08-07 22:31:40.000000","2019-08-07 22:48:53.000000",1.0,5.28,1.0,N,234.0,151.0,1.0,18.0,0.5,0.5,4.36,0.0,0.3,26.16,2.5
1.0,"2019-08-07 22:16:42.000000","2019-08-07 22:40:03.000000",1.0,4.6,1.0,N,234.0,151.0,1.0,18.0,3.0,0.5,4.35,0.0,0.3,26.15,2.5
1.0,"2019-08-07 23:48:06.000000","2019-08-08 00:12:21.000000",2.0,4.8,1.0,N,234.0,151.0,1.0,19.0,3.0,0.5,4.55,0.0,0.3,27.35,2.5
2.0,"2019-08-08 01:16:42.000000","2019-08-08 01:35:05.000000",1.0,4.75,1.0,N,234.0,151.0,1.0,17.0,0.5,0.5,1.0,0.0,0.3,21.8,2.5
2.0,"2019-08-08 10:56:55.000000","2019-08-08 11:31:30.000000",2.0,5.29,1.0,N,234.0,151.0,1.0,24.5,0.0,0.5,5.56,0.0,0.3,33.36,2.5
2.0,"2019-08-08 13:06:49.000000","2019-08-08 13:29:40.000000",1.0,5.88,1.0,N,234.0,151.0,2.0,21.5,0.0,0.5,0.0,0.0,0.3,24.8,2.5
2.0,"2019-08-08 15:56:25.000000","2019-08-08 16:31:11.000000",1.0,5.22,1.0,N,234.0,151.0,1.0,25.0,0.0,0.5,5.66,0.0,0.3,33.96,2.5
2.0,"2019-08-08 16:52:18.000000","2019-08-08 17:24:13.000000",1.0,4.83,1.0,N,234.0,151.0,1.0,23.0,1.0,0.5,6.82,0.0,0.3,34.12,2.5
2.0,"2019-08-08 17:42:31.000000","2019-08-08 18:21:52.000000",1.0,4.91,1.0,N,234.0,151.0,2.0,25.5,1.0,0.5,0.0,0.0,0.3,29.8,2.5
2.0,"2019-08-08 18:37:33.000000","2019-08-08 19:05:06.000000",3.0,5.34,1.0,N,234.0,151.0,1.0,21.5,1.0,0.5,6.45,0.0,0.3,32.25,2.5
1.0,"2019-08-08 19:18:50.000000","2019-08-08 19:44:51.000000",1.0,3.9,1.0,N,234.0,151.0,1.0,18.5,3.5,0.5,3.2,0.0,0.3,26.0,2.5
2.0,"2019-08-08 20:33:06.000000","2019-08-08 20:57:16.000000",1.0,4.69,1.0,N,234.0,151.0,2.0,19.0,0.5,0.5,0.0,0.0,0.3,22.8,2.5
2.0,"2019-08-08 20:44:36.000000","2019-08-08 21:11:21.000000",1.0,5.5,1.0,N,234.0,151.0,1.0,22.5,0.5,0.5,5.26,0.0,0.3,31.56,2.5
2.0,"2019-08-08 20:29:20.000000","2019-08-08 20:53:51.000000",2.0,5.6,1.0,N,234.0,151.0,1.0,21.0,0.5,0.5,4.96,0.0,0.3,29.76,2.5
1.0,"2019-08-08 20:17:52.000000","2019-08-08 20:42:53.000000",1.0,5.7,1.0,Y,234.0,151.0,1.0,22.0,3.0,0.5,3.87,0.0,0.3,29.67,2.5
1.0,"2019-08-08 21:22:49.000000","2019-08-08 21:47:49.000000",1.0,5.1,1.0,Y,234.0,151.0,1.0,19.5,3.0,0.5,4.65,0.0,0.3,27.95,2.5
2.0,"2019-08-08 21:58:05.000000","2019-08-08 22:21:31.000000",1.0,4.9,1.0,N,234.0,151.0,1.0,18.5,0.5,0.5,3.34,0.0,0.3,25.64,2.5
1.0,"2019-08-08 21:02:11.000000","2019-08-08 21:36:20.000000",2.0,5.2,1.0,N,234.0,151.0,2.0,23.5,3.0,0.5,0.0,0.0,0.3,27.3,2.5
1.0,"2019-08-08 22:23:14.000000","2019-08-08 22:45:21.000000",1.0,5.3,1.0,N,234.0,151.0,1.0,21.0,3.0,0.5,4.96,0.0,0.3,29.76,2.5
2.0,"2019-08-08 22:11:54.000000","2019-08-08 22:35:15.000000",2.0,5.99,1.0,N,234.0,151.0,1.0,21.0,0.5,0.5,4.96,0.0,0.3,29.76,2.5
1.0,"2019-08-08 22:54:27.000000","2019-08-08 23:19:00.000000",1.0,4.9,1.0,N,234.0,151.0,1.0,20.0,3.0,0.5,4.75,0.0,0.3,28.55,2.5
2.0,"2019-08-08 22:48:58.000000","2019-08-08 23:07:58.000000",3.0,4.76,1.0,N,234.0,151.0,1.0,17.5,0.5,0.5,2.22,0.0,0.3,23.52,2.5
2.0,"2019-08-08 22:42:11.000000","2019-08-08 23:14:10.000000",2.0,4.81,1.0,N,234.0,151.0,1.0,22.5,0.5,0.5,5.26,0.0,0.3,31.56,2.5
2.0,"2019-08-08 23:20:36.000000","2019-08-08 23:39:25.000000",1.0,5.27,1.0,N,234.0,151.0,1.0,17.5,0.5,0.5,3.0,0.0,0.3,24.3,2.5
2.0,"2019-08-08 23:52:54.000000","2019-08-09 00:11:03.000000",1.0,5.32,1.0,N,234.0,151.0,1.0,18.5,0.5,0.5,4.0,0.0,0.3,26.3,2.5
2.0,"2019-08-09 00:24:08.000000","2019-08-09 00:38:45.000000",2.0,4.44,1.0,N,234.0,151.0,2.0,15.5,0.5,0.5,0.0,0.0,0.3,19.3,2.5
2.0,"2019-08-09 07:09:47.000000","2019-08-09 07:28:37.000000",1.0,5.06,1.0,N,234.0,151.0,1.0,17.0,0.0,0.5,4.06,0.0,0.3,24.36,2.5
1.0,"2019-08-09 13:13:42.000000","2019-08-09 13:47:03.000000",1.0,5.3,1.0,N,234.0,151.0,1.0,24.5,2.5,0.5,5.55,0.0,0.3,33.35,2.5
1.0,"2019-08-09 15:05:32.000000","2019-08-09 15:34:38.000000",1.0,5.6,1.0,N,234.0,151.0,1.0,23.5,2.5,0.5,5.35,0.0,0.3,32.15,2.5
2.0,"2019-08-09 18:43:41.000000","2019-08-09 19:07:14.000000",1.0,4.88,1.0,N,234.0,151.0,1.0,18.5,1.0,0.5,4.56,0.0,0.3,27.36,2.5
1.0,"2019-08-09 18:54:47.000000","2019-08-09 19:19:54.000000",1.0,5.0,1.0,N,234.0,151.0,1.0,21.0,3.5,0.5,1.5,0.0,0.3,26.8,2.5
2.0,"2019-08-09 19:42:25.000000","2019-08-09 20:00:33.000000",5.0,5.25,1.0,N,234.0,151.0,1.0,18.5,1.0,0.5,4.56,0.0,0.3,27.36,2.5
2.0,"2019-08-09 20:06:14.000000","2019-08-09 20:28:51.000000",1.0,4.42,1.0,N,234.0,151.0,1.0,18.5,0.5,0.5,4.46,0.0,0.3,26.76,2.5
2.0,"2019-08-09 21:10:18.000000","2019-08-09 21:29:26.000000",1.0,5.66,1.0,N,234.0,151.0,1.0,19.5,0.5,0.5,4.66,0.0,0.3,27.96,2.5
2.0,"2019-08-09 21:25:36.000000","2019-08-09 21:44:50.000000",1.0,5.59,1.0,N,234.0,151.0,2.0,20.0,0.5,0.5,0.0,0.0,0.3,23.8,2.5
2.0,"2019-08-09 22:57:27.000000","2019-08-09 23:20:58.000000",5.0,4.72,1.0,N,234.0,151.0,1.0,19.0,0.5,0.5,4.56,0.0,0.3,27.36,2.5
1.0,"2019-08-10 02:12:10.000000","2019-08-10 02:30:59.000000",1.0,5.0,1.0,N,234.0,151.0,2.0,17.5,3.0,0.5,0.0,0.0,0.3,21.3,2.5
2.0,"2019-08-10 03:04:02.000000","2019-08-10 03:25:55.000000",1.0,6.08,1.0,N,234.0,151.0,1.0,21.5,0.5,0.5,5.06,0.0,0.3,30.36,2.5
2.0,"2019-08-10 05:59:01.000000","2019-08-10 06:16:25.000000",1.0,5.52,1.0,N,234.0,151.0,1.0,19.0,0.0,0.5,4.46,0.0,0.3,26.76,2.5
2.0,"2019-08-10 11:33:08.000000","2019-08-10 11:53:56.000000",1.0,4.79,1.0,N,234.0,151.0,2.0,18.0,0.0,0.5,0.0,0.0,0.3,21.3,2.5
2.0,"2019-08-10 11:44:16.000000","2019-08-10 12:17:40.000000",1.0,5.53,1.0,N,234.0,151.0,1.0,25.5,0.0,0.5,4.0,0.0,0.3,32.8,2.5
2.0,"2019-08-10 14:52:57.000000","2019-08-10 15:15:10.000000",1.0,4.84,1.0,N,234.0,151.0,1.0,18.5,0.0,0.5,4.36,0.0,0.3,26.16,2.5
2.0,"2019-08-10 16:41:06.000000","2019-08-10 17:13:44.000000",3.0,5.62,1.0,N,234.0,151.0,2.0,23.5,0.0,0.5,0.0,0.0,0.3,26.8,2.5
2.0,"2019-08-10 20:02:42.000000","2019-08-10 20:20:35.000000",2.0,5.16,1.0,N,234.0,151.0,2.0,17.0,0.5,0.5,0.0,0.0,0.3,20.8,2.5
2.0,"2019-08-10 20:45:12.000000","2019-08-10 21:08:43.000000",2.0,5.72,1.0,N,234.0,151.0,1.0,21.5,0.5,0.5,2.0,0.0,0.3,27.3,2.5
1.0,"2019-08-10 23:45:45.000000","2019-08-11 00:06:37.000000",2.0,5.3,1.0,N,234.0,151.0,1.0,19.5,3.0,0.5,3.5,0.0,0.3,26.8,2.5
2.0,"2019-08-10 23:51:26.000000","2019-08-11 00:12:53.000000",5.0,4.97,1.0,N,234.0,151.0,1.0,18.5,0.5,0.5,4.46,0.0,0.3,26.76,2.5
1.0,"2019-08-11 00:42:16.000000","2019-08-11 01:05:40.000000",1.0,5.1,1.0,N,234.0,151.0,1.0,19.5,3.0,0.5,4.65,0.0,0.3,27.95,2.5
1.0,"2019-08-11 07:41:58.000000","2019-08-11 07:56:26.000000",1.0,4.4,1.0,N,234.0,151.0,1.0,15.5,2.5,0.5,2.0,0.0,0.3,20.8,2.5
1.0,"2019-08-11 16:32:11.000000","2019-08-11 16:58:37.000000",1.0,4.8,1.0,N,234.0,151.0,1.0,20.0,3.5,0.5,2.43,0.0,0.3,26.73,2.5
1.0,"2019-08-11 17:09:12.000000","2019-08-11 17:34:20.000000",2.0,5.0,1.0,N,234.0,151.0,1.0,20.0,2.5,0.5,4.65,0.0,0.3,27.95,2.5
2.0,"2019-08-11 17:55:29.000000","2019-08-11 18:14:10.000000",1.0,5.17,1.0,N,234.0,151.0,1.0,18.0,0.0,0.5,6.39,0.0,0.3,27.69,2.5
2.0,"2019-08-11 18:03:09.000000","2019-08-11 18:25:08.000000",3.0,5.39,1.0,N,234.0,151.0,1.0,20.5,0.0,0.5,2.0,0.0,0.3,25.8,2.5
1.0,"2019-08-11 18:20:50.000000","2019-08-11 18:49:54.000000",1.0,5.6,1.0,N,234.0,151.0,1.0,24.0,2.5,0.5,5.45,0.0,0.3,32.75,2.5
1.0,"2019-08-11 18:18:10.000000","2019-08-11 18:38:50.000000",1.0,5.3,1.0,N,234.0,151.0,1.0,18.5,2.5,0.5,4.35,0.0,0.3,26.15,2.5
1.0,"2019-08-11 20:47:30.000000","2019-08-11 21:13:11.000000",2.0,5.3,1.0,N,234.0,151.0,1.0,21.0,3.0,0.5,4.96,0.0,0.3,29.76,2.5
1.0,"2019-08-11 20:18:53.000000","2019-08-11 20:37:13.000000",1.0,4.9,1.0,N,234.0,151.0,1.0,18.0,3.0,0.5,5.45,0.0,0.3,27.25,2.5
2.0,"2019-08-11 20:53:44.000000","2019-08-11 21:17:14.000000",1.0,5.87,1.0,N,234.0,151.0,2.0,21.5,0.5,0.5,0.0,0.0,0.3,25.3,2.5
2.0,"2019-08-11 23:27:59.000000","2019-08-11 23:49:49.000000",1.0,5.22,1.0,N,234.0,151.0,2.0,19.5,0.5,0.5,0.0,0.0,0.3,23.3,2.5
2.0,"2019-08-11 23:45:29.000000","2019-08-12 00:05:44.000000",6.0,6.02,1.0,N,234.0,151.0,2.0,21.0,0.5,0.5,0.0,0.0,0.3,24.8,2.5
1.0,"2019-08-12 15:38:06.000000","2019-08-12 15:57:26.000000",1.0,5.6,1.0,N,234.0,151.0,1.0,18.5,2.5,0.5,4.35,0.0,0.3,26.15,2.5
2.0,"2019-08-12 18:55:13.000000","2019-08-12 19:16:23.000000",1.0,4.23,1.0,N,234.0,151.0,1.0,17.0,1.0,0.5,4.26,0.0,0.3,25.56,2.5
2.0,"2019-08-12 19:27:48.000000","2019-08-12 19:51:05.000000",1.0,5.39,1.0,N,234.0,151.0,1.0,20.0,1.0,0.5,6.08,0.0,0.3,30.38,2.5
1.0,"2019-08-12 19:53:35.000000","2019-08-12 20:15:40.000000",1.0,4.9,1.0,N,234.0,151.0,2.0,18.5,3.0,0.5,0.0,0.0,0.3,22.3,2.5
2.0,"2019-08-12 20:22:51.000000","2019-08-12 20:41:20.000000",1.0,5.57,1.0,N,234.0,151.0,1.0,19.0,0.5,0.5,5.7,0.0,0.3,28.5,2.5
2.0,"2019-08-12 21:55:44.000000","2019-08-12 22:17:52.000000",2.0,5.57,1.0,N,234.0,151.0,1.0,20.0,0.5,0.5,4.76,0.0,0.3,28.56,2.5
1.0,"2019-08-12 22:07:51.000000","2019-08-12 22:25:15.000000",2.0,5.3,1.0,N,234.0,151.0,1.0,18.5,2.5,0.5,3.0,0.0,0.3,24.8,2.5
1.0,"2019-08-12 23:29:22.000000","2019-08-12 23:44:48.000000",1.0,4.4,1.0,N,234.0,151.0,1.0,15.5,3.0,0.5,3.85,0.0,0.3,23.15,2.5
2.0,"2019-08-13 00:36:29.000000","2019-08-13 00:55:05.000000",1.0,5.37,1.0,N,234.0,151.0,1.0,19.5,0.5,0.5,4.66,0.0,0.3,27.96,2.5
1.0,"2019-08-13 00:00:37.000000","2019-08-13 00:20:38.000000",1.0,5.4,1.0,N,234.0,151.0,4.0,18.5,3.0,0.5,0.0,0.0,0.3,22.3,2.5
2.0,"2019-08-13 12:51:47.000000","2019-08-13 13:26:57.000000",1.0,4.89,1.0,N,234.0,151.0,2.0,24.0,0.0,0.5,0.0,0.0,0.3,27.3,2.5
2.0,"2019-08-13 14:55:22.000000","2019-08-13 15:32:11.000000",1.0,4.37,1.0,N,234.0,151.0,1.0,24.0,0.0,0.5,5.46,0.0,0.3,32.76,2.5
1.0,"2019-08-13 15:57:47.000000","2019-08-13 16:25:22.000000",0.0,5.6,1.0,N,234.0,151.0,1.0,21.5,3.5,0.5,3.0,0.0,0.3,28.8,2.5
2.0,"2019-08-13 15:10:16.000000","2019-08-13 15:39:54.000000",1.0,4.41,1.0,N,234.0,151.0,2.0,20.0,0.0,0.5,0.0,0.0,0.3,23.3,2.5
1.0,"2019-08-13 16:49:33.000000","2019-08-13 17:19:31.000000",2.0,5.1,1.0,N,234.0,151.0,1.0,22.0,3.5,0.5,7.85,0.0,0.3,34.15,2.5
2.0,"2019-08-13 16:09:14.000000","2019-08-13 16:34:44.000000",2.0,4.35,1.0,N,234.0,151.0,2.0,18.5,1.0,0.5,0.0,0.0,0.3,22.8,2.5
2.0,"2019-08-13 17:39:23.000000","2019-08-13 18:16:54.000000",1.0,4.42,1.0,N,234.0,151.0,2.0,24.5,1.0,0.5,0.0,0.0,0.3,28.8,2.5
1.0,"2019-08-13 18:34:20.000000","2019-08-13 18:50:40.000000",1.0,5.2,1.0,N,234.0,151.0,1.0,17.5,3.5,0.5,4.35,0.0,0.3,26.15,2.5
2.0,"2019-08-13 18:57:00.000000","2019-08-13 19:12:32.000000",1.0,5.5,1.0,N,234.0,151.0,1.0,17.5,1.0,0.5,2.0,0.0,0.3,23.8,2.5
2.0,"2019-08-13 19:45:32.000000","2019-08-13 20:05:49.000000",1.0,4.98,1.0,N,234.0,151.0,1.0,17.0,1.0,0.5,4.26,0.0,0.3,25.56,2.5
2.0,"2019-08-13 20:50:58.000000","2019-08-13 21:09:08.000000",6.0,5.6,1.0,N,234.0,151.0,1.0,19.0,0.5,0.5,5.7,0.0,0.3,28.5,2.5
2.0,"2019-08-13 20:18:36.000000","2019-08-13 20:49:01.000000",5.0,5.0,1.0,N,234.0,151.0,1.0,22.0,0.5,0.5,1.0,0.0,0.3,26.8,2.5
1.0,"2019-08-13 20:13:44.000000","2019-08-13 20:33:53.000000",1.0,5.1,1.0,N,234.0,151.0,1.0,19.0,3.0,0.5,4.55,0.0,0.3,27.35,2.5
2.0,"2019-08-13 21:02:56.000000","2019-08-13 21:22:07.000000",1.0,4.44,1.0,N,234.0,151.0,1.0,17.0,0.5,0.5,4.16,0.0,0.3,24.96,2.5
2.0,"2019-08-13 22:16:57.000000","2019-08-13 22:34:53.000000",1.0,4.91,1.0,N,234.0,151.0,1.0,17.0,0.5,0.5,4.16,0.0,0.3,24.96,2.5
2.0,"2019-08-13 22:46:03.000000","2019-08-13 23:07:34.000000",5.0,4.71,1.0,N,234.0,151.0,1.0,18.0,0.5,0.5,4.36,0.0,0.3,26.16,2.5
1.0,"2019-08-13 23:38:08.000000","2019-08-13 23:53:15.000000",1.0,5.1,1.0,N,234.0,151.0,2.0,16.0,3.0,0.5,0.0,0.0,0.3,19.8,2.5
2.0,"2019-08-13 23:09:48.000000","2019-08-13 23:27:58.000000",5.0,5.65,1.0,N,234.0,151.0,1.0,19.0,0.5,0.5,4.56,0.0,0.3,27.36,2.5
1.0,"2019-08-14 10:27:11.000000","2019-08-14 10:54:26.000000",1.0,5.5,1.0,N,234.0,151.0,1.0,22.5,2.5,0.5,3.0,0.0,0.3,28.8,2.5
2.0,"2019-08-14 13:59:45.000000","2019-08-14 14:32:38.000000",1.0,5.19,1.0,N,234.0,151.0,1.0,23.5,0.0,0.5,5.36,0.0,0.3,32.16,2.5
2.0,"2019-08-14 13:02:11.000000","2019-08-14 13:38:01.000000",1.0,5.55,1.0,N,234.0,151.0,1.0,27.0,0.0,0.5,4.55,0.0,0.3,34.85,2.5
2.0,"2019-08-14 14:28:44.000000","2019-08-14 15:08:42.000000",2.0,6.49,1.0,N,234.0,151.0,1.0,30.0,0.0,0.5,6.66,0.0,0.3,39.96,2.5
2.0,"2019-08-14 19:56:53.000000","2019-08-14 20:18:07.000000",1.0,5.44,1.0,N,234.0,151.0,1.0,20.0,1.0,0.5,2.0,0.0,0.3,26.3,2.5
1.0,"2019-08-14 19:17:28.000000","2019-08-14 19:34:01.000000",1.0,5.4,1.0,N,234.0,151.0,1.0,17.5,3.5,0.5,4.35,0.0,0.3,26.15,2.5
2.0,"2019-08-14 20:40:00.000000","2019-08-14 20:58:34.000000",1.0,3.93,1.0,N,234.0,151.0,1.0,16.0,0.5,0.5,3.96,0.0,0.3,23.76,2.5
2.0,"2019-08-14 21:27:33.000000","2019-08-14 21:51:08.000000",1.0,5.23,1.0,N,234.0,151.0,2.0,19.5,0.5,0.5,0.0,0.0,0.3,23.3,2.5
1.0,"2019-08-14 21:16:09.000000","2019-08-14 21:38:20.000000",1.0,5.0,1.0,N,234.0,151.0,1.0,19.0,3.0,0.5,6.8,0.0,0.3,29.6,2.5
1.0,"2019-08-14 21:33:23.000000","2019-08-14 21:52:18.000000",1.0,5.2,1.0,N,234.0,151.0,1.0,18.0,3.0,0.5,2.5,0.0,0.3,24.3,2.5
1.0,"2019-08-14 22:31:51.000000","2019-08-14 22:52:59.000000",1.0,4.6,1.0,N,234.0,151.0,2.0,17.5,3.0,0.5,0.0,0.0,0.3,21.3,2.5
2.0,"2019-08-14 22:04:05.000000","2019-08-14 22:22:58.000000",1.0,5.83,1.0,N,234.0,151.0,1.0,20.0,0.5,0.5,4.76,0.0,0.3,28.56,2.5
2.0,"2019-08-14 23:19:32.000000","2019-08-14 23:38:06.000000",1.0,5.33,1.0,N,234.0,151.0,1.0,19.0,0.5,0.5,4.56,0.0,0.3,27.36,2.5
2.0,"2019-08-15 00:00:22.000000","2019-08-15 00:23:25.000000",2.0,5.57,1.0,N,234.0,151.0,2.0,19.5,0.5,0.5,0.0,0.0,0.3,23.3,2.5
2.0,"2019-08-15 10:42:44.000000","2019-08-15 11:23:02.000000",3.0,4.75,1.0,N,234.0,151.0,1.0,25.5,0.0,0.5,5.76,0.0,0.3,34.56,2.5
2.0,"2019-08-15 14:11:28.000000","2019-08-15 14:41:44.000000",1.0,5.79,1.0,N,234.0,151.0,1.0,24.0,0.0,0.5,5.46,0.0,0.3,32.76,2.5
2.0,"2019-08-15 14:56:00.000000","2019-08-15 15:24:27.000000",1.0,5.19,1.0,N,234.0,151.0,1.0,21.0,0.0,0.5,4.86,0.0,0.3,29.16,2.5
1.0,"2019-08-15 14:46:30.000000","2019-08-15 15:15:02.000000",1.0,5.4,1.0,N,234.0,151.0,1.0,22.0,2.5,0.5,5.05,0.0,0.3,30.35,2.5
1.0,"2019-08-15 19:59:19.000000","2019-08-15 20:19:55.000000",1.0,5.5,1.0,N,234.0,151.0,1.0,20.0,3.5,0.5,4.85,0.0,0.3,29.15,2.5
2.0,"2019-08-15 19:47:26.000000","2019-08-15 20:08:42.000000",1.0,5.4,1.0,N,234.0,151.0,1.0,20.5,1.0,0.5,4.96,0.0,0.3,29.76,2.5
2.0,"2019-08-15 19:19:15.000000","2019-08-15 19:40:21.000000",1.0,5.55,1.0,N,234.0,151.0,1.0,19.5,1.0,0.5,4.0,0.0,0.3,27.8,2.5
2.0,"2019-08-15 20:17:25.000000","2019-08-15 20:47:05.000000",1.0,5.18,1.0,N,234.0,151.0,1.0,22.5,0.5,0.5,5.26,0.0,0.3,31.56,2.5
2.0,"2019-08-15 21:10:30.000000","2019-08-15 21:43:53.000000",1.0,5.56,1.0,N,234.0,151.0,1.0,23.5,0.5,0.5,2.73,0.0,0.3,30.03,2.5
1.0,"2019-08-15 22:09:42.000000","2019-08-15 22:28:50.000000",2.0,4.3,1.0,N,234.0,151.0,1.0,16.0,3.0,0.5,3.95,0.0,0.3,23.75,2.5
2.0,"2019-08-15 22:42:55.000000","2019-08-15 23:04:50.000000",3.0,5.15,1.0,N,234.0,151.0,1.0,19.5,0.5,0.5,2.33,0.0,0.3,25.63,2.5
2.0,"2019-08-15 21:32:48.000000","2019-08-16 20:57:13.000000",1.0,5.51,1.0,N,234.0,151.0,1.0,20.0,0.5,0.5,4.76,0.0,0.3,28.56,2.5
2.0,"2019-08-15 23:26:14.000000","2019-08-15 23:43:05.000000",1.0,5.15,1.0,N,234.0,151.0,1.0,17.0,0.5,0.5,3.0,0.0,0.3,23.8,2.5
1.0,"2019-08-15 23:37:42.000000","2019-08-16 00:05:35.000000",1.0,6.2,1.0,N,234.0,151.0,1.0,23.0,3.0,0.5,1.11,0.0,0.3,27.91,2.5
2.0,"2019-08-16 00:45:30.000000","2019-08-16 01:05:10.000000",1.0,5.46,1.0,N,234.0,151.0,1.0,18.5,0.5,0.5,5.58,0.0,0.3,27.88,2.5
1.0,"2019-08-16 00:52:09.000000","2019-08-16 01:12:46.000000",1.0,6.0,1.0,N,234.0,151.0,1.0,21.0,3.0,0.5,0.0,0.0,0.3,24.8,2.5
2.0,"2019-08-16 00:00:45.000000","2019-08-16 00:23:04.000000",1.0,4.75,1.0,N,234.0,151.0,1.0,18.5,0.5,0.5,2.0,0.0,0.3,24.3,2.5
2.0,"2019-08-16 10:10:12.000000","2019-08-16 10:39:03.000000",1.0,5.53,1.0,N,234.0,151.0,1.0,23.0,0.0,0.5,5.26,0.0,0.3,31.56,2.5
2.0,"2019-08-16 12:38:44.000000","2019-08-16 13:12:37.000000",1.0,5.11,1.0,N,234.0,151.0,1.0,24.5,0.0,0.5,5.56,0.0,0.3,33.36,2.5
1.0,"2019-08-16 15:41:36.000000","2019-08-16 16:08:33.000000",1.0,6.1,1.0,N,234.0,151.0,1.0,22.5,2.5,0.5,6.45,0.0,0.3,32.25,2.5
2.0,"2019-08-16 15:32:12.000000","2019-08-16 16:11:28.000000",1.0,4.96,1.0,N,234.0,151.0,1.0,26.0,0.0,0.5,5.86,0.0,0.3,35.16,2.5
2.0,"2019-08-16 18:02:20.000000","2019-08-16 18:26:26.000000",1.0,4.87,1.0,N,234.0,151.0,1.0,18.5,1.0,0.5,3.42,0.0,0.3,26.22,2.5
1.0,"2019-08-16 18:08:53.000000","2019-08-16 18:32:01.000000",1.0,4.6,1.0,N,234.0,151.0,2.0,18.0,3.5,0.5,0.0,0.0,0.3,22.3,2.5
1.0,"2019-08-16 18:58:17.000000","2019-08-16 19:14:13.000000",1.0,5.2,1.0,N,234.0,151.0,1.0,17.5,3.5,0.5,4.35,0.0,0.3,26.15,2.5
1.0,"2019-08-16 20:11:59.000000","2019-08-16 20:35:55.000000",1.0,5.4,1.0,N,234.0,151.0,1.0,20.0,3.0,0.5,5.95,0.0,0.3,29.75,2.5
2.0,"2019-08-16 21:14:54.000000","2019-08-16 21:35:33.000000",1.0,5.55,1.0,N,234.0,151.0,1.0,19.5,0.5,0.5,3.5,0.0,0.3,26.8,2.5
1.0,"2019-08-16 21:34:05.000000","2019-08-16 21:55:42.000000",2.0,5.8,1.0,N,234.0,151.0,2.0,21.0,3.0,0.5,0.0,0.0,0.3,24.8,2.5
2.0,"2019-08-16 21:22:22.000000","2019-08-16 21:44:35.000000",1.0,5.89,1.0,N,234.0,151.0,1.0,21.0,0.5,0.5,10.0,0.0,0.3,34.8,2.5
2.0,"2019-08-16 22:57:38.000000","2019-08-16 23:20:38.000000",1.0,4.86,1.0,N,234.0,151.0,1.0,19.0,0.5,0.5,4.56,0.0,0.3,27.36,2.5
2.0,"2019-08-16 22:53:50.000000","2019-08-16 23:18:00.000000",5.0,5.14,1.0,N,234.0,151.0,1.0,19.0,0.5,0.5,4.56,0.0,0.3,27.36,2.5
2.0,"2019-08-17 01:12:59.000000","2019-08-17 01:40:39.000000",1.0,5.5,1.0,N,234.0,151.0,2.0,22.0,0.5,0.5,0.0,0.0,0.3,25.8,2.5
2.0,"2019-08-17 05:42:39.000000","2019-08-17 05:57:48.000000",1.0,5.17,1.0,N,234.0,151.0,2.0,17.0,0.5,0.5,0.0,0.0,0.3,20.8,2.5
2.0,"2019-08-17 09:30:57.000000","2019-08-17 09:48:41.000000",5.0,5.72,1.0,N,234.0,151.0,1.0,19.5,0.0,0.5,3.0,0.0,0.3,25.8,2.5
2.0,"2019-08-17 12:07:21.000000","2019-08-17 12:30:17.000000",1.0,5.24,1.0,N,234.0,151.0,1.0,20.5,0.0,0.5,1.0,0.0,0.3,24.8,2.5
2.0,"2019-08-17 13:52:25.000000","2019-08-17 14:27:49.000000",1.0,5.61,1.0,N,234.0,151.0,1.0,26.5,0.0,0.5,7.45,0.0,0.3,37.25,2.5
2.0,"2019-08-17 13:39:52.000000","2019-08-17 14:11:12.000000",1.0,4.45,1.0,N,234.0,151.0,1.0,21.5,0.0,0.5,1.2,0.0,0.3,26.0,2.5
1.0,"2019-08-17 14:19:59.000000","2019-08-17 14:40:58.000000",2.0,4.8,1.0,N,234.0,151.0,1.0,18.0,2.5,0.5,4.25,0.0,0.3,25.55,2.5
1.0,"2019-08-17 15:58:48.000000","2019-08-17 16:18:44.000000",1.0,5.5,1.0,N,234.0,151.0,1.0,19.0,2.5,0.5,4.45,0.0,0.3,26.75,2.5
2.0,"2019-08-17 16:42:11.000000","2019-08-17 17:06:07.000000",1.0,5.1,1.0,N,234.0,151.0,1.0,19.5,0.0,0.5,4.56,0.0,0.3,27.36,2.5
1.0,"2019-08-17 16:32:06.000000","2019-08-17 17:09:57.000000",2.0,5.3,1.0,N,234.0,151.0,1.0,26.0,2.5,0.5,5.85,0.0,0.3,35.15,2.5
2.0,"2019-08-17 16:08:17.000000","2019-08-17 16:39:29.000000",1.0,5.04,1.0,N,234.0,151.0,2.0,23.0,0.0,0.5,0.0,0.0,0.3,26.3,2.5
2.0,"2019-08-17 18:42:21.000000","2019-08-17 19:08:21.000000",1.0,5.8,1.0,N,234.0,151.0,1.0,23.0,0.0,0.5,5.26,0.0,0.3,31.56,2.5
2.0,"2019-08-17 18:58:49.000000","2019-08-17 19:29:24.000000",1.0,5.96,1.0,N,234.0,151.0,1.0,25.5,0.0,0.5,5.76,0.0,0.3,34.56,2.5
2.0,"2019-08-17 22:16:24.000000","2019-08-17 22:39:54.000000",2.0,5.69,1.0,N,234.0,151.0,2.0,21.0,0.5,0.5,0.0,0.0,0.3,24.8,2.5
2.0,"2019-08-18 03:53:28.000000","2019-08-18 04:11:01.000000",1.0,5.28,1.0,N,234.0,151.0,2.0,17.5,0.5,0.5,0.0,0.0,0.3,21.3,2.5
2.0,"2019-08-18 05:29:49.000000","2019-08-18 05:48:46.000000",1.0,5.79,1.0,N,234.0,151.0,2.0,19.0,0.5,0.5,0.0,0.0,0.3,22.8,2.5
2.0,"2019-08-18 08:24:01.000000","2019-08-18 08:36:20.000000",1.0,5.1,1.0,N,234.0,151.0,2.0,16.5,0.0,0.5,0.0,0.0,0.3,19.8,2.5
2.0,"2019-08-18 12:15:25.000000","2019-08-18 12:42:46.000000",1.0,6.36,1.0,N,234.0,151.0,1.0,24.0,0.0,0.5,3.0,0.0,0.3,30.3,2.5
2.0,"2019-08-18 13:30:18.000000","2019-08-18 13:58:25.000000",1.0,4.62,1.0,N,234.0,151.0,2.0,21.0,0.0,0.5,0.0,0.0,0.3,24.3,2.5
2.0,"2019-08-18 13:49:58.000000","2019-08-18 14:12:57.000000",1.0,5.6,1.0,N,234.0,151.0,1.0,21.0,0.0,0.5,7.29,0.0,0.3,31.59,2.5
2.0,"2019-08-18 13:32:31.000000","2019-08-18 13:55:44.000000",1.0,5.64,1.0,N,234.0,151.0,1.0,21.0,0.0,0.5,4.86,0.0,0.3,29.16,2.5
2.0,"2019-08-18 14:05:53.000000","2019-08-18 14:32:53.000000",6.0,4.52,1.0,N,234.0,151.0,1.0,20.0,0.0,0.5,4.66,0.0,0.3,27.96,2.5
2.0,"2019-08-18 16:40:09.000000","2019-08-18 17:02:14.000000",1.0,4.22,1.0,N,234.0,151.0,1.0,17.5,0.0,0.5,4.16,0.0,0.3,24.96,2.5
2.0,"2019-08-18 18:59:26.000000","2019-08-18 19:37:59.000000",4.0,5.91,1.0,N,234.0,151.0,1.0,27.5,0.0,0.5,3.0,0.0,0.3,33.8,2.5
1.0,"2019-08-18 19:53:41.000000","2019-08-18 20:22:56.000000",1.0,4.4,1.0,N,234.0,151.0,1.0,20.5,2.5,0.5,4.75,0.0,0.3,28.55,2.5
2.0,"2019-08-18 20:25:37.000000","2019-08-18 20:46:12.000000",2.0,4.87,1.0,N,234.0,151.0,1.0,17.5,0.5,0.5,2.0,0.0,0.3,23.3,2.5
2.0,"2019-08-18 20:19:34.000000","2019-08-18 20:35:39.000000",1.0,5.35,1.0,N,234.0,151.0,1.0,18.0,0.5,0.5,4.36,0.0,0.3,26.16,2.5
1.0,"2019-08-18 20:24:17.000000","2019-08-18 20:49:03.000000",3.0,4.9,1.0,N,234.0,151.0,1.0,19.5,3.0,0.5,4.65,0.0,0.3,27.95,2.5
1.0,"2019-08-19 11:05:46.000000","2019-08-19 11:33:23.000000",2.0,5.3,1.0,N,234.0,151.0,1.0,22.5,2.5,0.5,2.0,0.0,0.3,27.8,2.5
2.0,"2019-08-19 12:41:48.000000","2019-08-19 13:06:12.000000",1.0,5.55,1.0,N,234.0,151.0,1.0,21.5,0.0,0.5,2.48,0.0,0.3,27.28,2.5
2.0,"2019-08-19 14:36:30.000000","2019-08-19 15:04:19.000000",1.0,5.82,1.0,N,234.0,151.0,1.0,22.5,0.0,0.5,3.5,0.0,0.3,29.3,2.5
2.0,"2019-08-19 16:19:21.000000","2019-08-19 16:52:35.000000",5.0,4.95,1.0,N,234.0,151.0,1.0,23.0,1.0,0.5,5.46,0.0,0.3,32.76,2.5
2.0,"2019-08-19 19:47:31.000000","2019-08-19 20:15:16.000000",1.0,5.1,1.0,N,234.0,151.0,1.0,21.0,1.0,0.5,5.0,0.0,0.3,30.3,2.5
1.0,"2019-08-19 20:41:52.000000","2019-08-19 21:08:34.000000",2.0,5.5,1.0,N,234.0,151.0,2.0,21.5,3.0,0.5,0.0,0.0,0.3,25.3,2.5
1.0,"2019-08-19 20:09:54.000000","2019-08-19 20:26:57.000000",1.0,5.8,1.0,N,234.0,151.0,1.0,18.5,3.5,0.5,5.7,0.0,0.3,28.5,2.5
1.0,"2019-08-19 20:12:59.000000","2019-08-19 20:32:01.000000",1.0,5.3,1.0,N,234.0,151.0,2.0,18.5,3.0,0.5,0.0,0.0,0.3,22.3,2.5
1.0,"2019-08-19 21:41:04.000000","2019-08-19 21:59:16.000000",2.0,4.7,1.0,N,234.0,151.0,1.0,17.0,3.0,0.5,4.15,0.0,0.3,24.95,2.5
2.0,"2019-08-19 22:10:29.000000","2019-08-19 22:31:36.000000",2.0,5.08,1.0,N,234.0,151.0,2.0,18.5,0.5,0.5,0.0,0.0,0.3,22.3,2.5
2.0,"2019-08-19 22:34:37.000000","2019-08-19 22:50:21.000000",3.0,5.75,1.0,N,234.0,151.0,1.0,18.5,0.5,0.5,4.46,0.0,0.3,26.76,2.5
1.0,"2019-08-19 22:24:56.000000","2019-08-19 22:41:37.000000",0.0,5.1,1.0,N,234.0,151.0,1.0,17.5,3.0,0.5,4.25,0.0,0.3,25.55,2.5
1.0,"2019-08-19 23:50:44.000000","2019-08-20 00:05:47.000000",2.0,4.8,1.0,N,234.0,151.0,2.0,15.5,3.0,0.5,0.0,0.0,0.3,19.3,2.5
2.0,"2019-08-20 00:01:59.000000","2019-08-20 00:16:19.000000",1.0,4.91,1.0,N,234.0,151.0,1.0,16.0,0.5,0.5,3.96,0.0,0.3,23.76,2.5
2.0,"2019-08-20 06:26:10.000000","2019-08-20 06:40:04.000000",1.0,4.69,1.0,N,234.0,151.0,2.0,16.0,0.0,0.5,0.0,0.0,0.3,19.3,2.5
2.0,"2019-08-20 17:38:31.000000","2019-08-20 18:02:57.000000",1.0,5.49,1.0,N,234.0,151.0,1.0,21.0,1.0,0.5,5.06,0.0,0.3,30.36,2.5
2.0,"2019-08-20 18:10:09.000000","2019-08-20 18:33:10.000000",1.0,5.27,1.0,N,234.0,151.0,1.0,20.0,1.0,0.5,2.5,0.0,0.3,26.8,2.5
2.0,"2019-08-20 19:45:38.000000","2019-08-20 20:05:50.000000",1.0,4.34,1.0,N,234.0,151.0,1.0,17.5,1.0,0.5,5.45,0.0,0.3,27.25,2.5
2.0,"2019-08-20 19:15:04.000000","2019-08-20 19:35:03.000000",1.0,5.15,1.0,N,234.0,151.0,1.0,19.0,1.0,0.5,1.7,0.0,0.3,25.0,2.5
1.0,"2019-08-20 20:14:08.000000","2019-08-20 20:39:45.000000",1.0,5.0,1.0,N,234.0,151.0,1.0,20.0,3.0,0.5,1.0,0.0,0.3,24.8,2.5
2.0,"2019-08-20 20:28:13.000000","2019-08-20 20:50:20.000000",2.0,5.3,1.0,N,234.0,151.0,1.0,19.0,0.5,0.5,5.7,0.0,0.3,28.5,2.5
1.0,"2019-08-20 20:19:02.000000","2019-08-20 20:40:45.000000",1.0,5.5,1.0,N,234.0,151.0,1.0,20.5,3.0,0.5,3.65,0.0,0.3,27.95,2.5
1.0,"2019-08-20 21:47:12.000000","2019-08-20 22:08:19.000000",1.0,5.8,1.0,N,234.0,151.0,1.0,20.5,3.0,0.5,3.0,0.0,0.3,27.3,2.5
2.0,"2019-08-20 21:08:56.000000","2019-08-20 21:28:28.000000",1.0,5.86,1.0,N,234.0,151.0,1.0,20.0,0.5,0.5,4.76,0.0,0.3,28.56,2.5
2.0,"2019-08-20 21:16:39.000000","2019-08-20 21:40:58.000000",1.0,5.93,1.0,N,234.0,151.0,1.0,21.5,0.5,0.5,2.5,0.0,0.3,27.8,2.5
2.0,"2019-08-20 22:14:34.000000","2019-08-20 22:32:13.000000",1.0,4.56,1.0,N,234.0,151.0,1.0,16.5,0.5,0.5,4.06,0.0,0.3,24.36,2.5
2.0,"2019-08-20 22:35:29.000000","2019-08-20 22:54:38.000000",1.0,5.21,1.0,N,234.0,151.0,1.0,18.0,0.5,0.5,3.27,0.0,0.3,25.07,2.5
2.0,"2019-08-20 22:49:10.000000","2019-08-20 23:11:05.000000",1.0,5.55,1.0,N,234.0,151.0,1.0,20.5,0.5,0.5,4.86,0.0,0.3,29.16,2.5
2.0,"2019-08-20 23:31:53.000000","2019-08-20 23:50:00.000000",1.0,5.43,1.0,N,234.0,151.0,1.0,19.5,0.5,0.5,4.66,0.0,0.3,27.96,2.5
2.0,"2019-08-21 00:12:51.000000","2019-08-21 00:20:51.000000",1.0,2.56,1.0,N,234.0,151.0,1.0,9.5,0.5,0.5,2.0,0.0,0.3,15.3,2.5
2.0,"2019-08-21 02:17:28.000000","2019-08-21 02:34:56.000000",5.0,5.56,1.0,N,234.0,151.0,1.0,19.0,0.5,0.5,4.56,0.0,0.3,27.36,2.5
1.0,"2019-08-21 04:23:39.000000","2019-08-21 04:37:27.000000",1.0,4.5,1.0,N,234.0,151.0,1.0,15.0,3.0,0.5,3.33,0.0,0.3,22.13,2.5
1.0,"2019-08-21 12:57:17.000000","2019-08-21 13:34:31.000000",1.0,4.7,1.0,N,234.0,151.0,1.0,25.0,2.5,0.5,5.65,0.0,0.3,33.95,2.5
1.0,"2019-08-21 12:01:14.000000","2019-08-21 12:34:15.000000",1.0,6.0,1.0,N,234.0,151.0,1.0,26.0,2.5,0.5,5.86,0.0,0.3,35.16,2.5
2.0,"2019-08-21 16:50:05.000000","2019-08-21 17:12:37.000000",1.0,5.47,1.0,N,234.0,151.0,1.0,20.0,1.0,0.5,4.86,0.0,0.3,29.16,2.5
1.0,"2019-08-21 16:51:43.000000","2019-08-21 17:13:27.000000",2.0,5.2,1.0,Y,234.0,151.0,2.0,19.0,3.5,0.5,0.0,0.0,0.3,23.3,2.5
2.0,"2019-08-21 18:26:22.000000","2019-08-21 18:46:41.000000",1.0,5.21,1.0,N,234.0,151.0,1.0,19.0,1.0,0.5,4.66,0.0,0.3,27.96,2.5
2.0,"2019-08-21 19:20:40.000000","2019-08-21 19:44:26.000000",6.0,4.97,1.0,N,234.0,151.0,2.0,19.0,1.0,0.5,0.0,0.0,0.3,23.3,2.5
2.0,"2019-08-21 19:26:15.000000","2019-08-21 19:52:38.000000",2.0,4.78,1.0,N,234.0,151.0,1.0,19.5,1.0,0.5,5.95,0.0,0.3,29.75,2.5
2.0,"2019-08-21 19:13:06.000000","2019-08-21 19:35:00.000000",1.0,5.41,1.0,N,234.0,151.0,1.0,20.5,1.0,0.5,4.96,0.0,0.3,29.76,2.5
2.0,"2019-08-21 20:35:47.000000","2019-08-21 20:55:34.000000",5.0,3.98,1.0,N,234.0,151.0,1.0,16.5,0.5,0.5,2.7,0.0,0.3,23.0,2.5
2.0,"2019-08-21 20:17:33.000000","2019-08-21 20:36:58.000000",1.0,5.39,1.0,N,234.0,151.0,1.0,19.5,0.5,0.5,4.66,0.0,0.3,27.96,2.5
1.0,"2019-08-21 21:16:16.000000","2019-08-21 21:35:33.000000",1.0,4.8,1.0,N,234.0,151.0,1.0,17.0,3.0,0.5,3.0,0.0,0.3,23.8,2.5
1.0,"2019-08-21 21:10:29.000000","2019-08-21 21:30:41.000000",0.0,5.6,1.0,N,234.0,151.0,1.0,20.0,3.0,0.5,4.75,0.0,0.3,28.55,2.5
2.0,"2019-08-21 22:03:14.000000","2019-08-21 22:22:23.000000",1.0,4.84,1.0,N,234.0,151.0,1.0,17.0,0.5,0.5,4.16,0.0,0.3,24.96,2.5
1.0,"2019-08-21 22:28:50.000000","2019-08-21 22:53:45.000000",1.0,4.8,1.0,N,234.0,151.0,2.0,20.0,3.0,0.5,0.0,0.0,0.3,23.8,2.5
2.0,"2019-08-21 23:52:21.000000","2019-08-22 00:13:38.000000",1.0,5.39,1.0,N,234.0,151.0,2.0,19.0,0.5,0.5,0.0,0.0,0.3,22.8,2.5
1.0,"2019-08-21 23:26:38.000000","2019-08-21 23:48:20.000000",0.0,5.3,1.0,N,234.0,151.0,3.0,19.0,3.0,0.5,0.0,0.0,0.3,22.8,2.5
2.0,"2019-08-22 00:53:44.000000","2019-08-22 01:12:58.000000",1.0,5.28,1.0,N,234.0,151.0,2.0,18.5,0.5,0.5,0.0,0.0,0.3,22.3,2.5
2.0,"2019-08-22 05:13:38.000000","2019-08-22 05:28:39.000000",4.0,5.35,1.0,N,234.0,151.0,2.0,17.0,0.5,0.5,0.0,0.0,0.3,20.8,2.5
1.0,"2019-08-22 10:20:56.000000","2019-08-22 10:57:31.000000",1.0,5.7,1.0,N,234.0,151.0,1.0,26.5,2.5,0.5,7.45,0.0,0.3,37.25,2.5
1.0,"2019-08-22 12:56:30.000000","2019-08-22 13:21:26.000000",1.0,5.8,1.0,N,234.0,151.0,1.0,22.0,2.5,0.5,6.3,0.0,0.3,31.6,2.5
1.0,"2019-08-22 16:02:58.000000","2019-08-22 16:36:18.000000",1.0,5.3,1.0,N,234.0,151.0,1.0,23.5,3.5,0.5,3.0,0.0,0.3,30.8,2.5
1.0,"2019-08-22 16:02:35.000000","2019-08-22 16:35:44.000000",1.0,4.4,1.0,N,234.0,151.0,1.0,23.0,3.5,0.5,6.8,0.0,0.3,34.1,2.5
1.0,"2019-08-22 17:03:05.000000","2019-08-22 17:35:41.000000",0.0,5.9,1.0,N,234.0,151.0,1.0,24.5,3.5,0.5,5.75,0.0,0.3,34.55,2.5
1.0,"2019-08-22 17:14:28.000000","2019-08-22 17:39:33.000000",4.0,5.4,1.0,N,234.0,151.0,1.0,20.5,3.5,0.5,2.5,0.0,0.3,27.3,2.5
2.0,"2019-08-22 18:39:11.000000","2019-08-22 19:04:51.000000",1.0,4.81,1.0,N,234.0,151.0,2.0,20.0,1.0,0.5,0.0,0.0,0.3,24.3,2.5
2.0,"2019-08-22 20:49:34.000000","2019-08-22 21:14:37.000000",2.0,4.58,1.0,N,234.0,151.0,1.0,19.0,0.5,0.5,4.56,0.0,0.3,27.36,2.5
2.0,"2019-08-22 20:09:04.000000","2019-08-22 20:36:17.000000",1.0,5.01,1.0,N,234.0,151.0,1.0,20.0,0.5,0.5,4.76,0.0,0.3,28.56,2.5
2.0,"2019-08-22 20:56:14.000000","2019-08-22 21:17:06.000000",2.0,5.49,1.0,N,234.0,151.0,1.0,20.0,0.5,0.5,2.5,0.0,0.3,26.3,2.5
2.0,"2019-08-22 20:15:43.000000","2019-08-22 20:51:15.000000",2.0,6.21,1.0,N,234.0,151.0,1.0,25.5,0.5,0.5,5.86,0.0,0.3,35.16,2.5
2.0,"2019-08-22 20:31:41.000000","2019-08-22 20:57:05.000000",1.0,5.26,1.0,N,234.0,151.0,1.0,20.0,0.5,0.5,2.0,0.0,0.3,25.8,2.5
2.0,"2019-08-22 21:09:56.000000","2019-08-22 21:29:14.000000",1.0,5.17,1.0,N,234.0,151.0,1.0,17.5,0.5,0.5,3.2,0.0,0.3,24.5,2.5
1.0,"2019-08-22 22:19:16.000000","2019-08-22 22:36:02.000000",1.0,5.6,1.0,Y,234.0,151.0,1.0,18.5,3.0,0.5,4.45,0.0,0.3,26.75,2.5
2.0,"2019-08-22 22:12:19.000000","2019-08-22 22:31:05.000000",1.0,5.62,1.0,N,234.0,151.0,2.0,19.0,0.5,0.5,0.0,0.0,0.3,22.8,2.5
2.0,"2019-08-22 23:32:42.000000","2019-08-23 00:01:18.000000",2.0,5.91,1.0,N,234.0,151.0,1.0,23.0,0.5,0.5,6.7,0.0,0.3,33.5,2.5
1.0,"2019-08-23 12:55:53.000000","2019-08-23 13:23:41.000000",1.0,5.9,1.0,N,234.0,151.0,1.0,23.5,2.5,0.5,5.35,0.0,0.3,32.15,2.5
2.0,"2019-08-23 13:25:04.000000","2019-08-23 14:02:43.000000",3.0,5.77,1.0,N,234.0,151.0,1.0,28.0,0.0,0.5,6.26,0.0,0.3,37.56,2.5
2.0,"2019-08-23 14:20:11.000000","2019-08-23 14:58:58.000000",1.0,5.0,1.0,N,234.0,151.0,1.0,27.0,0.0,0.5,2.7,0.0,0.3,33.0,2.5
1.0,"2019-08-23 15:03:36.000000","2019-08-23 15:38:20.000000",1.0,5.4,1.0,N,234.0,151.0,1.0,24.5,0.0,0.5,0.0,0.0,0.3,25.3,0.0
2.0,"2019-08-23 15:05:59.000000","2019-08-23 15:33:27.000000",1.0,5.16,1.0,N,234.0,151.0,1.0,21.5,0.0,0.5,1.0,0.0,0.3,25.8,2.5
2.0,"2019-08-23 17:32:36.000000","2019-08-23 18:03:47.000000",1.0,5.62,1.0,N,234.0,151.0,1.0,24.0,1.0,0.5,5.0,0.0,0.3,33.3,2.5
1.0,"2019-08-23 20:28:00.000000","2019-08-23 20:50:24.000000",2.0,5.1,1.0,N,234.0,151.0,1.0,19.0,3.0,0.5,4.55,0.0,0.3,27.35,2.5
2.0,"2019-08-23 20:11:42.000000","2019-08-23 20:30:30.000000",1.0,5.33,1.0,N,234.0,151.0,1.0,19.5,0.5,0.5,4.66,0.0,0.3,27.96,2.5
2.0,"2019-08-23 20:03:52.000000","2019-08-23 20:24:43.000000",2.0,5.62,1.0,N,234.0,151.0,1.0,20.5,0.5,0.5,6.08,0.0,0.3,30.38,2.5
2.0,"2019-08-23 21:16:37.000000","2019-08-23 21:37:32.000000",1.0,4.84,1.0,N,234.0,151.0,1.0,17.5,0.5,0.5,4.26,0.0,0.3,25.56,2.5
2.0,"2019-08-23 21:04:55.000000","2019-08-23 21:28:18.000000",1.0,4.48,1.0,N,234.0,151.0,1.0,18.0,0.5,0.5,5.45,0.0,0.3,27.25,2.5
2.0,"2019-08-23 22:25:07.000000","2019-08-23 22:45:29.000000",1.0,5.63,1.0,N,234.0,151.0,1.0,20.0,0.5,0.5,5.95,0.0,0.3,29.75,2.5
2.0,"2019-08-24 00:46:53.000000","2019-08-24 01:08:10.000000",1.0,5.74,1.0,N,234.0,151.0,1.0,20.5,0.5,0.5,6.08,0.0,0.3,30.38,2.5
1.0,"2019-08-24 00:09:49.000000","2019-08-24 00:32:19.000000",1.0,4.8,1.0,N,234.0,151.0,1.0,19.0,3.0,0.5,4.55,0.0,0.3,27.35,2.5
1.0,"2019-08-24 01:51:55.000000","2019-08-24 02:09:26.000000",1.0,4.9,1.0,N,234.0,151.0,1.0,17.5,3.0,0.5,4.25,0.0,0.3,25.55,2.5
1.0,"2019-08-24 01:40:12.000000","2019-08-24 01:55:57.000000",2.0,5.2,1.0,N,234.0,151.0,1.0,17.5,3.0,0.5,3.5,0.0,0.3,24.8,2.5
2.0,"2019-08-24 01:01:13.000000","2019-08-24 01:16:30.000000",1.0,4.42,1.0,N,234.0,151.0,1.0,15.0,0.5,0.5,3.76,0.0,0.3,22.56,2.5
2.0,"2019-08-24 01:34:37.000000","2019-08-24 01:55:16.000000",2.0,5.58,1.0,N,234.0,151.0,1.0,20.5,0.5,0.5,2.0,0.0,0.3,26.3,2.5
2.0,"2019-08-24 09:17:04.000000","2019-08-24 09:37:10.000000",1.0,4.9,1.0,N,234.0,151.0,1.0,17.5,0.0,0.5,2.0,0.0,0.3,22.8,2.5
2.0,"2019-08-24 09:35:42.000000","2019-08-24 09:49:03.000000",4.0,4.56,1.0,N,234.0,151.0,1.0,15.0,0.0,0.5,2.74,0.0,0.3,21.04,2.5
1.0,"2019-08-24 13:23:10.000000","2019-08-24 13:49:51.000000",1.0,5.5,1.0,N,234.0,151.0,1.0,21.5,2.5,0.5,4.95,0.0,0.3,29.75,2.5
1.0,"2019-08-24 15:28:23.000000","2019-08-24 15:55:32.000000",2.0,4.9,1.0,N,234.0,151.0,1.0,20.5,2.5,0.5,4.75,0.0,0.3,28.55,2.5
2.0,"2019-08-24 17:54:33.000000","2019-08-24 18:11:41.000000",1.0,4.52,1.0,N,234.0,151.0,1.0,16.0,0.0,0.5,3.86,0.0,0.3,23.16,2.5
1.0,"2019-08-24 18:15:47.000000","2019-08-24 18:41:28.000000",1.0,5.6,1.0,N,234.0,151.0,1.0,22.5,2.5,0.5,6.45,0.0,0.3,32.25,2.5
2.0,"2019-08-24 18:13:42.000000","2019-08-24 18:36:04.000000",1.0,5.15,1.0,N,234.0,151.0,1.0,20.0,0.0,0.5,4.66,0.0,0.3,27.96,2.5
1.0,"2019-08-24 19:59:04.000000","2019-08-24 20:27:47.000000",1.0,5.4,1.0,N,234.0,151.0,1.0,21.5,3.0,0.5,5.06,0.0,0.3,30.36,2.5
2.0,"2019-08-24 20:08:43.000000","2019-08-24 20:33:28.000000",2.0,4.95,1.0,N,234.0,151.0,1.0,20.0,0.5,0.5,6.2,0.0,0.3,30.0,2.5
2.0,"2019-08-24 20:47:21.000000","2019-08-24 21:08:00.000000",1.0,5.5,1.0,N,234.0,151.0,2.0,20.0,0.5,0.5,0.0,0.0,0.3,23.8,2.5
1.0,"2019-08-24 21:14:25.000000","2019-08-24 21:39:14.000000",1.0,5.8,1.0,N,234.0,151.0,1.0,21.5,3.0,0.5,5.05,0.0,0.3,30.35,2.5
2.0,"2019-08-24 21:10:25.000000","2019-08-24 21:34:19.000000",1.0,5.47,1.0,N,234.0,151.0,1.0,21.0,0.5,0.5,3.0,0.0,0.3,27.8,2.5
2.0,"2019-08-24 22:44:55.000000","2019-08-24 23:13:16.000000",1.0,5.93,1.0,N,234.0,151.0,2.0,24.0,0.5,0.5,0.0,0.0,0.3,27.8,2.5
1.0,"2019-08-25 00:44:04.000000","2019-08-25 01:07:05.000000",3.0,4.5,1.0,N,234.0,151.0,1.0,18.5,3.0,0.5,5.55,0.0,0.3,27.85,2.5
2.0,"2019-08-25 01:55:23.000000","2019-08-25 02:14:47.000000",1.0,5.89,1.0,N,234.0,151.0,1.0,20.0,0.5,0.5,4.76,0.0,0.3,28.56,2.5
2.0,"2019-08-25 01:08:49.000000","2019-08-25 01:26:58.000000",1.0,4.97,1.0,N,234.0,151.0,1.0,17.0,0.5,0.5,4.16,0.0,0.3,24.96,2.5
2.0,"2019-08-25 02:02:27.000000","2019-08-25 02:15:24.000000",1.0,4.79,1.0,N,234.0,151.0,1.0,15.0,0.5,0.5,4.0,0.0,0.3,22.8,2.5
2.0,"2019-08-25 03:52:07.000000","2019-08-25 04:13:26.000000",6.0,5.93,1.0,N,234.0,151.0,1.0,21.0,0.5,0.5,4.96,0.0,0.3,29.76,2.5
1.0,"2019-08-25 04:17:58.000000","2019-08-25 04:37:28.000000",1.0,4.9,1.0,N,234.0,151.0,2.0,17.5,3.0,0.5,0.0,0.0,0.3,21.3,2.5
2.0,"2019-08-25 10:50:22.000000","2019-08-25 11:08:24.000000",1.0,5.76,1.0,N,234.0,151.0,1.0,19.5,0.0,0.5,4.56,0.0,0.3,27.36,2.5
2.0,"2019-08-25 12:47:20.000000","2019-08-25 13:05:58.000000",1.0,5.44,1.0,N,234.0,151.0,1.0,18.5,0.0,0.5,3.27,0.0,0.3,25.07,2.5
1.0,"2019-08-25 13:59:03.000000","2019-08-25 14:23:30.000000",1.0,5.8,1.0,N,234.0,151.0,1.0,22.5,2.5,0.5,2.0,0.0,0.3,27.8,2.5
2.0,"2019-08-25 14:56:37.000000","2019-08-25 15:21:26.000000",1.0,5.14,1.0,N,234.0,151.0,1.0,20.5,0.0,0.5,0.7,0.0,0.3,24.5,2.5
1.0,"2019-08-25 16:41:04.000000","2019-08-25 17:03:04.000000",1.0,4.1,1.0,N,234.0,151.0,1.0,17.5,2.5,0.5,4.15,0.0,0.3,24.95,2.5
1.0,"2019-08-25 16:22:47.000000","2019-08-25 16:54:47.000000",1.0,5.6,1.0,N,234.0,151.0,2.0,25.0,2.5,0.5,0.0,0.0,0.3,28.3,2.5
2.0,"2019-08-25 17:34:05.000000","2019-08-25 18:00:06.000000",5.0,5.79,1.0,N,234.0,151.0,1.0,23.0,0.0,0.5,3.94,0.0,0.3,30.24,2.5
2.0,"2019-08-25 19:37:22.000000","2019-08-25 19:57:12.000000",2.0,5.88,1.0,N,234.0,151.0,1.0,20.0,0.0,0.5,4.0,0.0,0.3,27.3,2.5
2.0,"2019-08-25 19:48:45.000000","2019-08-25 20:12:54.000000",1.0,5.2,1.0,N,234.0,151.0,1.0,19.5,0.0,0.5,4.56,0.0,0.3,27.36,2.5
2.0,"2019-08-25 20:18:39.000000","2019-08-25 20:41:28.000000",3.0,5.82,1.0,N,234.0,151.0,2.0,21.5,0.5,0.5,0.0,0.0,0.3,25.3,2.5
1.0,"2019-08-25 20:11:44.000000","2019-08-25 20:34:05.000000",1.0,5.6,1.0,N,234.0,151.0,1.0,19.0,3.0,0.5,3.0,0.0,0.3,25.8,2.5
2.0,"2019-08-25 20:39:56.000000","2019-08-25 20:59:34.000000",2.0,4.44,1.0,N,234.0,151.0,1.0,16.5,0.5,0.5,5.08,0.0,0.3,25.38,2.5
1.0,"2019-08-25 21:05:27.000000","2019-08-25 21:28:34.000000",2.0,4.9,1.0,N,234.0,151.0,1.0,19.5,3.0,0.5,4.65,0.0,0.3,27.95,2.5
1.0,"2019-08-25 22:59:07.000000","2019-08-25 23:15:59.000000",1.0,4.9,1.0,N,234.0,151.0,2.0,16.5,3.0,0.5,0.0,0.0,0.3,20.3,2.5
2.0,"2019-08-26 13:01:45.000000","2019-08-26 13:29:59.000000",1.0,5.09,1.0,N,234.0,151.0,2.0,21.0,0.0,0.5,0.0,0.0,0.3,24.3,2.5
1.0,"2019-08-26 13:35:31.000000","2019-08-26 13:53:30.000000",0.0,5.2,1.0,N,234.0,151.0,2.0,18.0,2.5,0.5,0.0,0.0,0.3,21.3,2.5
2.0,"2019-08-26 15:54:56.000000","2019-08-26 16:16:52.000000",1.0,5.45,1.0,N,234.0,151.0,1.0,20.0,0.0,0.5,4.66,0.0,0.3,27.96,2.5
2.0,"2019-08-26 17:04:35.000000","2019-08-26 17:25:17.000000",5.0,4.99,1.0,N,234.0,151.0,1.0,18.0,1.0,0.5,4.46,0.0,0.3,26.76,2.5
2.0,"2019-08-26 18:04:45.000000","2019-08-26 18:21:25.000000",1.0,5.03,1.0,N,234.0,151.0,1.0,17.5,1.0,0.5,2.0,0.0,0.3,23.8,2.5
1.0,"2019-08-26 19:47:01.000000","2019-08-26 20:09:02.000000",1.0,4.8,1.0,N,234.0,151.0,1.0,18.5,3.5,0.5,4.55,0.0,0.3,27.35,2.5
1.0,"2019-08-26 19:35:57.000000","2019-08-26 19:56:57.000000",1.0,6.0,1.0,N,234.0,151.0,1.0,21.5,3.5,0.5,5.15,0.0,0.3,30.95,2.5
2.0,"2019-08-26 19:58:03.000000","2019-08-26 20:17:16.000000",1.0,5.37,1.0,N,234.0,151.0,1.0,19.5,1.0,0.5,4.76,0.0,0.3,28.56,2.5
2.0,"2019-08-26 20:17:53.000000","2019-08-26 20:46:30.000000",1.0,5.1,1.0,N,234.0,151.0,1.0,21.5,0.5,0.5,6.32,0.0,0.3,31.62,2.5
1.0,"2019-08-26 20:18:34.000000","2019-08-26 20:39:23.000000",1.0,3.9,1.0,N,234.0,151.0,1.0,16.5,3.0,0.5,4.05,0.0,0.3,24.35,2.5
2.0,"2019-08-26 20:05:26.000000","2019-08-26 20:22:44.000000",1.0,5.23,1.0,N,234.0,151.0,1.0,18.0,0.5,0.5,3.25,0.0,0.3,25.05,2.5
2.0,"2019-08-26 20:30:36.000000","2019-08-26 20:50:43.000000",1.0,4.86,1.0,N,234.0,151.0,1.0,17.5,0.5,0.5,4.26,0.0,0.3,25.56,2.5
1.0,"2019-08-26 21:00:39.000000","2019-08-26 21:16:08.000000",1.0,5.0,1.0,N,234.0,151.0,1.0,16.5,3.0,0.5,4.06,0.0,0.3,24.36,2.5
1.0,"2019-08-26 22:38:16.000000","2019-08-26 22:54:48.000000",1.0,5.6,1.0,N,234.0,151.0,1.0,19.0,3.0,0.5,4.55,0.0,0.3,27.35,2.5
1.0,"2019-08-26 23:12:56.000000","2019-08-26 23:31:26.000000",1.0,4.8,1.0,N,234.0,151.0,1.0,18.0,3.0,0.5,6.54,0.0,0.3,28.34,2.5
2.0,"2019-08-27 13:10:23.000000","2019-08-27 13:40:53.000000",1.0,6.94,1.0,N,234.0,151.0,1.0,25.5,0.0,0.5,4.0,0.0,0.3,32.8,2.5
2.0,"2019-08-27 16:18:20.000000","2019-08-27 16:50:33.000000",1.0,6.0,1.0,N,234.0,151.0,1.0,24.0,1.0,0.5,5.66,0.0,0.3,33.96,2.5
1.0,"2019-08-27 16:39:17.000000","2019-08-27 17:10:09.000000",1.0,4.7,1.0,N,234.0,151.0,1.0,21.5,3.5,0.5,5.15,0.0,0.3,30.95,2.5
2.0,"2019-08-27 18:45:05.000000","2019-08-27 19:06:54.000000",5.0,5.48,1.0,N,234.0,151.0,2.0,20.5,1.0,0.5,0.0,0.0,0.3,24.8,2.5
2.0,"2019-08-27 19:16:41.000000","2019-08-27 19:40:01.000000",1.0,5.22,1.0,N,234.0,151.0,2.0,19.0,1.0,0.5,0.0,0.0,0.3,23.3,2.5
2.0,"2019-08-27 19:56:18.000000","2019-08-27 20:24:39.000000",1.0,6.84,1.0,N,234.0,151.0,1.0,25.0,1.0,0.5,5.86,0.0,0.3,35.16,2.5
1.0,"2019-08-27 20:55:19.000000","2019-08-27 21:12:58.000000",1.0,4.3,1.0,N,234.0,151.0,1.0,15.5,3.0,0.5,4.83,0.0,0.3,24.13,2.5
1.0,"2019-08-27 20:10:18.000000","2019-08-27 20:35:53.000000",1.0,4.2,1.0,N,234.0,151.0,1.0,18.5,3.0,0.5,1.0,0.0,0.3,23.3,2.5
1.0,"2019-08-27 21:58:54.000000","2019-08-27 22:18:52.000000",1.0,5.0,1.0,N,234.0,151.0,1.0,17.0,3.0,0.5,4.15,0.0,0.3,24.95,2.5
2.0,"2019-08-27 21:04:59.000000","2019-08-27 21:26:43.000000",1.0,5.83,1.0,N,234.0,151.0,1.0,21.0,0.5,0.5,4.96,0.0,0.3,29.76,2.5
1.0,"2019-08-27 22:13:51.000000","2019-08-27 22:33:24.000000",1.0,4.6,1.0,N,234.0,151.0,1.0,17.0,3.0,0.5,4.16,0.0,0.3,24.96,2.5
2.0,"2019-08-27 22:11:52.000000","2019-08-27 22:35:48.000000",2.0,5.71,1.0,N,234.0,151.0,1.0,20.5,0.5,0.5,4.86,0.0,0.3,29.16,2.5
2.0,"2019-08-27 22:12:15.000000","2019-08-27 22:40:48.000000",1.0,5.66,1.0,N,234.0,151.0,1.0,22.0,0.5,0.5,5.0,0.0,0.3,30.8,2.5
2.0,"2019-08-28 00:36:22.000000","2019-08-28 00:53:09.000000",1.0,5.4,1.0,N,234.0,151.0,1.0,17.0,0.5,0.5,4.16,0.0,0.3,24.96,2.5
2.0,"2019-08-28 13:38:24.000000","2019-08-28 14:10:31.000000",1.0,5.3,1.0,N,234.0,151.0,2.0,23.0,0.0,0.5,0.0,0.0,0.3,26.3,2.5
2.0,"2019-08-28 13:32:02.000000","2019-08-28 14:02:57.000000",1.0,4.89,1.0,N,234.0,151.0,2.0,22.0,0.0,0.5,0.0,0.0,0.3,25.3,2.5
2.0,"2019-08-28 14:05:18.000000","2019-08-28 14:35:11.000000",1.0,6.02,1.0,N,234.0,151.0,1.0,24.5,0.0,0.5,5.56,0.0,0.3,33.36,2.5
2.0,"2019-08-28 17:36:20.000000","2019-08-28 17:56:46.000000",2.0,5.48,1.0,N,234.0,151.0,2.0,19.0,1.0,0.5,0.0,0.0,0.3,23.3,2.5
1.0,"2019-08-28 17:34:54.000000","2019-08-28 17:56:07.000000",1.0,5.5,1.0,Y,234.0,151.0,2.0,19.5,3.5,0.5,0.0,0.0,0.3,23.8,2.5
2.0,"2019-08-28 18:42:42.000000","2019-08-28 19:00:04.000000",2.0,5.79,1.0,N,234.0,151.0,1.0,19.0,1.0,0.5,4.66,0.0,0.3,27.96,2.5
2.0,"2019-08-28 18:11:53.000000","2019-08-28 18:31:25.000000",5.0,5.32,1.0,N,234.0,151.0,1.0,19.0,1.0,0.5,4.66,0.0,0.3,27.96,2.5
1.0,"2019-08-28 19:47:13.000000","2019-08-28 20:12:01.000000",0.0,5.0,1.0,N,234.0,151.0,1.0,19.0,3.5,0.5,4.65,0.0,0.3,27.95,2.5
1.0,"2019-08-28 20:22:39.000000","2019-08-28 20:44:14.000000",1.0,4.5,1.0,N,234.0,151.0,2.0,17.5,3.0,0.5,0.0,0.0,0.3,21.3,2.5
1.0,"2019-08-28 21:37:58.000000","2019-08-28 22:03:42.000000",2.0,6.4,1.0,N,234.0,151.0,1.0,23.0,3.0,0.5,5.35,0.0,0.3,32.15,2.5
1.0,"2019-08-28 21:36:57.000000","2019-08-28 21:55:59.000000",1.0,5.2,1.0,N,234.0,151.0,1.0,19.0,3.0,0.5,4.55,0.0,0.3,27.35,2.5
2.0,"2019-08-28 21:49:05.000000","2019-08-28 22:08:11.000000",1.0,5.17,1.0,N,234.0,151.0,1.0,19.0,0.5,0.5,4.56,0.0,0.3,27.36,2.5
2.0,"2019-08-28 22:39:48.000000","2019-08-28 22:59:48.000000",1.0,5.56,1.0,N,234.0,151.0,1.0,19.0,0.5,0.5,1.0,0.0,0.3,23.8,2.5
2.0,"2019-08-28 22:20:02.000000","2019-08-28 22:45:44.000000",2.0,5.54,1.0,N,234.0,151.0,1.0,21.0,0.5,0.5,4.96,0.0,0.3,29.76,2.5
2.0,"2019-08-28 22:30:15.000000","2019-08-28 22:56:41.000000",1.0,6.12,1.0,N,234.0,151.0,1.0,22.5,0.5,0.5,6.58,0.0,0.3,32.88,2.5
1.0,"2019-08-28 22:29:31.000000","2019-08-28 22:56:03.000000",4.0,4.5,1.0,N,234.0,151.0,1.0,19.5,3.0,0.5,4.0,0.0,0.3,27.3,2.5
2.0,"2019-08-28 23:43:53.000000","2019-08-29 00:02:24.000000",2.0,5.42,1.0,N,234.0,151.0,1.0,18.0,0.5,0.5,3.0,0.0,0.3,24.8,2.5
2.0,"2019-08-28 22:59:25.000000","2019-08-28 23:17:46.000000",2.0,4.88,1.0,N,234.0,151.0,1.0,17.0,0.5,0.5,4.16,0.0,0.3,24.96,2.5
2.0,"2019-08-29 12:18:57.000000","2019-08-29 12:40:23.000000",1.0,5.37,1.0,N,234.0,151.0,2.0,20.0,0.0,0.5,0.0,0.0,0.3,23.3,2.5
2.0,"2019-08-29 17:32:35.000000","2019-08-29 18:01:30.000000",1.0,4.72,1.0,N,234.0,151.0,1.0,20.0,1.0,0.5,4.86,0.0,0.3,29.16,2.5
2.0,"2019-08-29 18:43:14.000000","2019-08-29 19:04:08.000000",2.0,4.59,1.0,N,234.0,151.0,1.0,17.0,1.0,0.5,2.13,0.0,0.3,23.43,2.5
2.0,"2019-08-29 19:07:24.000000","2019-08-29 19:29:40.000000",1.0,5.26,1.0,N,234.0,151.0,2.0,19.5,1.0,0.5,0.0,0.0,0.3,23.8,2.5
2.0,"2019-08-29 20:49:11.000000","2019-08-29 21:11:44.000000",1.0,5.55,1.0,N,234.0,151.0,1.0,20.0,0.5,0.5,4.76,0.0,0.3,28.56,2.5
2.0,"2019-08-29 21:24:29.000000","2019-08-29 21:47:27.000000",5.0,5.03,1.0,N,234.0,151.0,2.0,19.5,0.5,0.5,0.0,0.0,0.3,23.3,2.5
1.0,"2019-08-29 21:56:52.000000","2019-08-29 22:16:25.000000",1.0,5.1,1.0,N,234.0,151.0,1.0,17.5,3.0,0.5,2.0,0.0,0.3,23.3,2.5
2.0,"2019-08-29 21:43:24.000000","2019-08-29 22:08:53.000000",3.0,5.82,1.0,N,234.0,151.0,1.0,22.0,0.5,0.5,4.39,0.0,0.3,30.19,2.5
2.0,"2019-08-29 22:29:28.000000","2019-08-29 22:49:00.000000",2.0,5.79,1.0,N,234.0,151.0,1.0,20.0,0.5,0.5,4.76,0.0,0.3,28.56,2.5
1.0,"2019-08-29 22:12:39.000000","2019-08-29 22:35:31.000000",1.0,5.4,1.0,N,234.0,151.0,1.0,19.5,3.0,0.5,4.0,0.0,0.3,27.3,2.5
1.0,"2019-08-29 22:36:04.000000","2019-08-29 22:57:38.000000",2.0,4.6,1.0,N,234.0,151.0,1.0,18.0,3.0,0.5,3.2,0.0,0.3,25.0,2.5
1.0,"2019-08-29 22:48:44.000000","2019-08-29 23:07:18.000000",1.0,5.4,1.0,Y,234.0,151.0,1.0,19.0,3.0,0.5,4.0,0.0,0.3,26.8,2.5
1.0,"2019-08-29 22:32:19.000000","2019-08-29 22:55:14.000000",2.0,4.7,1.0,N,234.0,151.0,1.0,19.0,3.0,0.5,4.55,0.0,0.3,27.35,2.5
2.0,"2019-08-29 23:12:11.000000","2019-08-29 23:31:12.000000",6.0,5.3,1.0,N,234.0,151.0,1.0,19.0,0.5,0.5,4.56,0.0,0.3,27.36,2.5
2.0,"2019-08-30 02:39:28.000000","2019-08-30 02:54:58.000000",2.0,4.68,1.0,N,234.0,151.0,2.0,16.0,0.5,0.5,0.0,0.0,0.3,19.8,2.5
1.0,"2019-08-30 13:27:56.000000","2019-08-30 13:53:07.000000",1.0,5.3,1.0,N,234.0,151.0,1.0,21.0,2.5,0.5,4.85,0.0,0.3,29.15,2.5
1.0,"2019-08-30 15:46:31.000000","2019-08-30 16:15:26.000000",2.0,4.8,1.0,N,234.0,151.0,1.0,21.5,2.5,0.5,4.95,0.0,0.3,29.75,2.5
1.0,"2019-08-30 15:13:43.000000","2019-08-30 15:48:12.000000",1.0,4.9,1.0,N,234.0,151.0,1.0,23.5,2.5,0.5,6.7,0.0,0.3,33.5,2.5
2.0,"2019-08-30 17:38:47.000000","2019-08-30 17:58:00.000000",1.0,5.12,1.0,N,234.0,151.0,2.0,19.0,1.0,0.5,0.0,0.0,0.3,23.3,2.5
1.0,"2019-08-30 19:23:00.000000","2019-08-30 19:45:14.000000",1.0,4.6,1.0,N,234.0,151.0,1.0,17.5,3.5,0.5,4.35,0.0,0.3,26.15,2.5
1.0,"2019-08-30 22:13:34.000000","2019-08-30 22:34:22.000000",1.0,4.9,1.0,N,234.0,151.0,1.0,18.0,3.0,0.5,4.35,0.0,0.3,26.15,2.5
1.0,"2019-08-31 11:21:18.000000","2019-08-31 11:40:43.000000",2.0,5.5,1.0,N,234.0,151.0,1.0,20.0,2.5,0.5,5.8,0.0,0.3,29.1,2.5
1.0,"2019-08-31 12:02:16.000000","2019-08-31 12:23:19.000000",3.0,5.0,1.0,N,234.0,151.0,1.0,18.0,2.5,0.5,3.0,0.0,0.3,24.3,2.5
1.0,"2019-08-31 15:45:19.000000","2019-08-31 16:08:21.000000",1.0,4.4,1.0,N,234.0,151.0,1.0,18.5,2.5,0.5,2.0,0.0,0.3,23.8,2.5
2.0,"2019-08-31 16:26:03.000000","2019-08-31 16:50:31.000000",1.0,5.81,1.0,N,234.0,151.0,2.0,22.0,0.0,0.5,0.0,0.0,0.3,25.3,2.5
1.0,"2019-08-31 18:42:26.000000","2019-08-31 19:08:37.000000",1.0,6.3,1.0,N,234.0,151.0,1.0,23.0,3.5,0.5,1.0,0.0,0.3,28.3,2.5
2.0,"2019-08-31 19:01:27.000000","2019-08-31 19:21:08.000000",2.0,5.28,1.0,N,234.0,151.0,1.0,17.5,0.0,0.5,5.2,0.0,0.3,26.0,2.5
2.0,"2019-08-31 22:08:41.000000","2019-08-31 22:28:53.000000",2.0,5.26,1.0,N,234.0,151.0,1.0,18.5,0.5,0.5,4.46,0.0,0.3,26.76,2.5
2.0,"2019-08-31 22:24:55.000000","2019-09-01 21:39:58.000000",1.0,5.19,1.0,N,234.0,151.0,2.0,18.0,0.5,0.5,0.0,0.0,0.3,21.8,2.5
2.0,"2019-08-31 23:46:47.000000","2019-09-01 00:05:06.000000",2.0,5.13,1.0,N,234.0,151.0,2.0,17.0,0.5,0.5,0.0,0.0,0.3,20.8,2.5
,"2019-08-14 15:39:03.000000","2019-08-14 16:14:00.000000",,6.31,,,234.0,151.0,,21.33,5.5,0.0,0.0,0.0,0.3,27.13,0.0
,"2019-08-29 14:43:00.000000","2019-08-29 15:14:00.000000",,5.4,,,234.0,151.0,,20.83,5.5,0.5,0.0,0.0,0.3,27.13,0.0
