1.0,"2019-08-01 00:11:39.000000","2019-08-01 00:31:59.000000",1.0,6.1,1.0,N,234.0,166.0,1.0,20.0,3.0,0.5,4.75,0.0,0.3,28.55,2.5
2.0,"2019-08-01 08:09:16.000000","2019-08-01 08:52:33.000000",2.0,5.9,1.0,N,234.0,166.0,1.0,29.5,0.0,0.5,6.56,0.0,0.3,39.36,2.5
1.0,"2019-08-01 14:25:43.000000","2019-08-01 14:59:51.000000",1.0,5.9,1.0,N,234.0,166.0,1.0,25.5,2.5,0.5,5.75,0.0,0.3,34.55,2.5
1.0,"2019-08-01 16:19:08.000000","2019-08-01 16:53:27.000000",1.0,6.0,1.0,N,234.0,166.0,1.0,24.5,3.5,0.5,1.11,0.0,0.3,29.91,2.5
1.0,"2019-08-01 19:46:07.000000","2019-08-01 20:13:17.000000",1.0,6.0,1.0,N,234.0,166.0,1.0,23.0,3.5,0.5,5.45,0.0,0.3,32.75,2.5
2.0,"2019-08-01 20:38:53.000000","2019-08-01 21:05:17.000000",1.0,7.11,1.0,N,234.0,166.0,1.0,25.0,0.5,0.5,5.76,0.0,0.3,34.56,2.5
2.0,"2019-08-01 20:07:37.000000","2019-08-01 20:35:39.000000",1.0,7.79,1.0,N,234.0,166.0,1.0,26.5,0.5,0.5,7.58,0.0,0.3,37.88,2.5
2.0,"2019-08-02 08:31:41.000000","2019-08-02 09:06:01.000000",1.0,7.4,1.0,N,234.0,166.0,1.0,28.5,0.0,0.5,0.0,0.0,0.3,31.8,2.5
2.0,"2019-08-02 10:45:12.000000","2019-08-02 11:24:41.000000",6.0,6.11,1.0,N,234.0,166.0,1.0,28.0,0.0,0.5,6.26,0.0,0.3,37.56,2.5
2.0,"2019-08-02 13:14:16.000000","2019-08-02 13:43:18.000000",1.0,6.39,1.0,N,234.0,166.0,1.0,25.0,0.0,0.5,1.11,0.0,0.3,29.41,2.5
2.0,"2019-08-02 14:26:04.000000","2019-08-02 14:51:43.000000",1.0,4.85,1.0,N,234.0,166.0,1.0,19.5,0.0,0.5,4.56,0.0,0.3,27.36,2.5
2.0,"2019-08-02 20:47:03.000000","2019-08-02 21:12:12.000000",1.0,5.54,1.0,N,234.0,166.0,1.0,21.0,0.5,0.5,4.96,0.0,0.3,29.76,2.5
2.0,"2019-08-02 20:23:55.000000","2019-08-02 20:46:33.000000",1.0,5.31,1.0,N,234.0,166.0,1.0,19.0,0.5,0.5,1.0,0.0,0.3,23.8,2.5
1.0,"2019-08-02 21:34:38.000000","2019-08-02 22:00:15.000000",2.0,5.5,1.0,N,234.0,166.0,1.0,20.5,3.0,0.5,4.85,0.0,0.3,29.15,2.5
2.0,"2019-08-02 21:30:38.000000","2019-08-02 22:01:16.000000",1.0,7.16,1.0,N,234.0,166.0,1.0,25.0,0.5,0.5,5.76,0.0,0.3,34.56,2.5
1.0,"2019-08-02 23:29:14.000000","2019-08-02 23:56:51.000000",1.0,6.5,1.0,N,234.0,166.0,2.0,23.0,3.0,0.5,0.0,0.0,0.3,26.8,2.5
1.0,"2019-08-02 23:48:48.000000","2019-08-03 00:13:20.000000",1.0,6.3,1.0,N,234.0,166.0,2.0,22.0,3.0,0.5,0.0,0.0,0.3,25.8,2.5
2.0,"2019-08-03 01:04:27.000000","2019-08-03 01:27:33.000000",1.0,6.0,1.0,N,234.0,166.0,2.0,21.0,0.5,0.5,0.0,0.0,0.3,24.8,2.5
2.0,"2019-08-03 02:25:30.000000","2019-08-03 02:48:50.000000",1.0,5.57,1.0,N,234.0,166.0,1.0,19.5,0.5,0.5,6.99,0.0,0.3,30.29,2.5
1.0,"2019-08-03 08:40:36.000000","2019-08-03 09:01:33.000000",1.0,5.3,1.0,N,234.0,166.0,1.0,19.0,2.5,0.5,2.0,0.0,0.3,24.3,2.5
2.0,"2019-08-03 08:43:12.000000","2019-08-03 09:02:32.000000",1.0,6.2,1.0,N,234.0,166.0,1.0,20.5,0.0,0.5,3.0,0.0,0.3,26.8,2.5
1.0,"2019-08-03 10:18:02.000000","2019-08-03 10:43:31.000000",1.0,5.3,1.0,N,234.0,166.0,2.0,20.5,2.5,0.5,0.0,0.0,0.3,23.8,2.5
2.0,"2019-08-03 10:33:40.000000","2019-08-03 10:56:50.000000",1.0,5.2,1.0,N,234.0,166.0,1.0,19.5,0.0,0.5,4.56,0.0,0.3,27.36,2.5
1.0,"2019-08-03 12:50:16.000000","2019-08-03 13:20:15.000000",1.0,6.7,1.0,N,234.0,166.0,1.0,27.0,2.5,0.5,3.0,0.0,0.3,33.3,2.5
2.0,"2019-08-03 15:08:08.000000","2019-08-03 15:41:45.000000",1.0,6.17,1.0,N,234.0,166.0,1.0,26.5,0.0,0.5,5.96,0.0,0.3,35.76,2.5
2.0,"2019-08-03 20:02:38.000000","2019-08-03 20:30:14.000000",1.0,5.61,1.0,N,234.0,166.0,1.0,22.0,0.5,0.5,3.0,0.0,0.3,28.8,2.5
2.0,"2019-08-03 21:09:02.000000","2019-08-03 21:41:19.000000",1.0,5.73,1.0,N,234.0,166.0,1.0,24.0,0.5,0.5,8.34,0.0,0.3,36.14,2.5
2.0,"2019-08-04 00:32:47.000000","2019-08-04 00:55:23.000000",3.0,7.32,1.0,N,234.0,166.0,1.0,23.5,0.5,0.5,3.0,0.0,0.3,30.3,2.5
2.0,"2019-08-04 00:13:58.000000","2019-08-04 00:44:25.000000",1.0,7.83,1.0,N,234.0,166.0,1.0,27.0,0.5,0.5,6.16,0.0,0.3,36.96,2.5
2.0,"2019-08-04 02:04:59.000000","2019-08-04 02:26:12.000000",1.0,6.04,1.0,N,234.0,166.0,1.0,21.0,0.5,0.5,4.96,0.0,0.3,29.76,2.5
2.0,"2019-08-04 03:27:04.000000","2019-08-04 03:46:19.000000",2.0,6.38,1.0,N,234.0,166.0,1.0,20.5,0.5,0.5,4.86,0.0,0.3,29.16,2.5
1.0,"2019-08-04 10:14:19.000000","2019-08-04 10:40:30.000000",1.0,7.0,1.0,N,234.0,166.0,2.0,24.5,2.5,0.5,0.0,0.0,0.3,27.8,2.5
1.0,"2019-08-04 16:08:03.000000","2019-08-04 16:31:52.000000",2.0,6.9,1.0,N,234.0,166.0,1.0,24.0,2.5,0.5,6.8,0.0,0.3,34.1,2.5
1.0,"2019-08-04 16:56:38.000000","2019-08-04 17:20:56.000000",1.0,7.2,1.0,N,234.0,166.0,2.0,24.5,2.5,0.5,0.0,0.0,0.3,27.8,2.5
2.0,"2019-08-04 17:11:49.000000","2019-08-04 17:38:38.000000",1.0,6.26,1.0,N,234.0,166.0,1.0,24.0,0.0,0.5,3.0,0.0,0.3,30.3,2.5
1.0,"2019-08-04 19:20:40.000000","2019-08-04 19:40:28.000000",1.0,5.0,1.0,N,234.0,166.0,1.0,17.5,2.5,0.5,2.08,0.0,0.3,22.88,2.5
1.0,"2019-08-04 19:04:53.000000","2019-08-04 19:29:13.000000",2.0,6.1,1.0,N,234.0,166.0,2.0,23.0,2.5,0.5,0.0,0.0,0.3,26.3,2.5
2.0,"2019-08-04 20:37:52.000000","2019-08-04 20:58:47.000000",1.0,6.77,1.0,N,234.0,166.0,1.0,22.0,0.5,0.5,3.2,0.0,0.3,29.0,2.5
2.0,"2019-08-04 22:55:09.000000","2019-08-04 23:15:48.000000",1.0,6.75,1.0,N,234.0,166.0,1.0,22.0,0.5,0.5,5.16,0.0,0.3,30.96,2.5
2.0,"2019-08-04 22:52:26.000000","2019-08-04 23:13:37.000000",5.0,5.81,1.0,N,234.0,166.0,1.0,20.0,0.5,0.5,4.76,0.0,0.3,28.56,2.5
2.0,"2019-08-05 07:57:42.000000","2019-08-05 08:24:05.000000",1.0,6.27,1.0,N,234.0,166.0,1.0,24.0,0.0,0.5,8.19,0.0,0.3,35.49,2.5
1.0,"2019-08-05 14:11:35.000000","2019-08-05 14:54:58.000000",2.0,6.1,1.0,N,234.0,166.0,2.0,30.0,2.5,0.5,0.0,0.0,0.3,33.3,2.5
2.0,"2019-08-05 14:47:30.000000","2019-08-05 15:17:21.000000",2.0,7.31,1.0,N,234.0,166.0,1.0,26.5,0.0,0.5,4.0,0.0,0.3,33.8,2.5
1.0,"2019-08-05 17:58:05.000000","2019-08-05 18:23:04.000000",1.0,6.3,1.0,N,234.0,166.0,1.0,22.5,3.5,0.5,5.35,0.0,0.3,32.15,2.5
2.0,"2019-08-05 20:30:27.000000","2019-08-05 20:58:59.000000",1.0,6.97,1.0,N,234.0,166.0,1.0,26.0,0.5,0.5,6.0,0.0,0.3,35.8,2.5
2.0,"2019-08-05 21:50:54.000000","2019-08-05 22:10:46.000000",1.0,6.05,1.0,N,234.0,166.0,1.0,20.5,0.5,0.5,4.86,0.0,0.3,29.16,2.5
2.0,"2019-08-05 21:30:37.000000","2019-08-05 21:48:04.000000",1.0,5.74,1.0,N,234.0,166.0,1.0,19.0,0.5,0.5,6.84,0.0,0.3,29.64,2.5
2.0,"2019-08-05 22:15:01.000000","2019-08-05 22:34:42.000000",1.0,7.06,1.0,N,234.0,166.0,1.0,23.0,0.5,0.5,5.36,0.0,0.3,32.16,2.5
1.0,"2019-08-05 23:07:18.000000","2019-08-05 23:23:10.000000",1.0,6.9,1.0,N,234.0,166.0,1.0,21.0,3.0,0.5,2.2,0.0,0.3,27.0,2.5
2.0,"2019-08-06 06:38:03.000000","2019-08-06 07:01:08.000000",2.0,6.47,1.0,N,234.0,166.0,1.0,23.0,0.0,0.5,5.26,0.0,0.3,31.56,2.5
1.0,"2019-08-06 11:21:53.000000","2019-08-06 12:02:37.000000",1.0,5.8,1.0,N,234.0,166.0,1.0,27.5,2.5,0.5,6.15,0.0,0.3,36.95,2.5
2.0,"2019-08-06 12:01:16.000000","2019-08-06 12:30:25.000000",1.0,6.3,1.0,N,234.0,166.0,1.0,24.5,0.0,0.5,2.78,0.0,0.3,30.58,2.5
1.0,"2019-08-06 16:22:36.000000","2019-08-06 17:02:43.000000",2.0,6.9,1.0,N,234.0,166.0,2.0,29.0,3.5,0.5,0.0,0.0,0.3,33.3,2.5
1.0,"2019-08-06 20:41:12.000000","2019-08-06 21:04:19.000000",2.0,6.2,1.0,N,234.0,166.0,1.0,21.5,3.0,0.5,5.05,0.0,0.3,30.35,2.5
2.0,"2019-08-06 22:01:52.000000","2019-08-06 22:28:27.000000",5.0,5.87,1.0,N,234.0,166.0,1.0,22.0,0.5,0.5,5.16,0.0,0.3,30.96,2.5
1.0,"2019-08-06 23:00:48.000000","2019-08-06 23:24:04.000000",2.0,6.7,1.0,N,234.0,166.0,1.0,22.5,3.0,0.5,5.25,0.0,0.3,31.55,2.5
2.0,"2019-08-06 23:47:49.000000","2019-08-07 00:10:56.000000",1.0,6.25,1.0,N,234.0,166.0,2.0,22.0,0.5,0.5,0.0,0.0,0.3,25.8,2.5
2.0,"2019-08-07 04:48:49.000000","2019-08-07 05:04:53.000000",1.0,7.46,1.0,N,234.0,166.0,2.0,22.5,0.5,0.5,0.0,0.0,0.3,26.3,2.5
2.0,"2019-08-07 10:14:54.000000","2019-08-07 10:48:06.000000",1.0,5.66,1.0,N,234.0,166.0,2.0,24.5,0.0,0.5,0.0,0.0,0.3,27.8,2.5
2.0,"2019-08-07 14:50:17.000000","2019-08-07 15:46:39.000000",1.0,7.17,1.0,N,234.0,166.0,2.0,36.0,0.0,0.5,0.0,0.0,0.3,39.3,2.5
1.0,"2019-08-07 18:32:46.000000","2019-08-07 19:21:36.000000",2.0,6.0,1.0,N,234.0,166.0,1.0,31.0,3.5,0.5,7.05,0.0,0.3,42.35,2.5
1.0,"2019-08-07 20:05:51.000000","2019-08-07 20:38:30.000000",1.0,7.2,1.0,N,234.0,166.0,1.0,27.0,3.0,0.5,1.11,0.0,0.3,31.91,2.5
2.0,"2019-08-07 20:27:26.000000","2019-08-07 21:03:54.000000",2.0,5.8,1.0,N,234.0,166.0,1.0,26.0,0.5,0.5,5.96,0.0,0.3,35.76,2.5
2.0,"2019-08-07 21:56:38.000000","2019-08-07 22:21:51.000000",1.0,6.06,1.0,N,234.0,166.0,1.0,21.0,0.5,0.5,2.0,0.0,0.3,26.8,2.5
1.0,"2019-08-07 21:19:45.000000","2019-08-07 21:48:34.000000",1.0,6.5,1.0,N,234.0,166.0,1.0,24.5,3.0,0.5,5.66,0.0,0.3,33.96,2.5
1.0,"2019-08-07 22:22:12.000000","2019-08-07 22:52:05.000000",4.0,5.8,1.0,N,234.0,166.0,1.0,23.0,3.0,0.5,5.35,0.0,0.3,32.15,2.5
2.0,"2019-08-07 22:17:55.000000","2019-08-07 22:49:02.000000",1.0,5.84,1.0,N,234.0,166.0,1.0,24.0,0.5,0.5,8.34,0.0,0.3,36.14,2.5
2.0,"2019-08-07 22:16:33.000000","2019-08-07 22:38:54.000000",1.0,5.48,1.0,N,234.0,166.0,1.0,19.0,0.5,0.5,4.56,0.0,0.3,27.36,2.5
2.0,"2019-08-07 23:13:07.000000","2019-08-07 23:36:43.000000",1.0,5.52,1.0,N,234.0,166.0,1.0,20.5,0.5,0.5,4.86,0.0,0.3,29.16,2.5
1.0,"2019-08-07 23:50:57.000000","2019-08-08 00:16:30.000000",1.0,6.3,1.0,N,234.0,166.0,1.0,23.0,3.0,0.5,0.0,0.0,0.3,26.8,2.5
2.0,"2019-08-08 00:27:29.000000","2019-08-08 00:47:22.000000",1.0,6.8,1.0,N,234.0,166.0,1.0,22.0,0.5,0.5,4.0,0.0,0.3,29.8,2.5
2.0,"2019-08-08 08:55:26.000000","2019-08-08 09:33:20.000000",1.0,7.03,1.0,N,234.0,166.0,1.0,29.5,0.0,0.5,6.56,0.0,0.3,39.36,2.5
2.0,"2019-08-08 11:33:45.000000","2019-08-08 12:13:34.000000",1.0,5.58,1.0,N,234.0,166.0,2.0,26.5,0.0,0.5,0.0,0.0,0.3,29.8,2.5
2.0,"2019-08-08 12:09:20.000000","2019-08-08 12:37:22.000000",1.0,5.96,1.0,N,234.0,166.0,1.0,23.5,0.0,0.5,5.0,0.0,0.3,31.8,2.5
1.0,"2019-08-08 13:03:38.000000","2019-08-08 13:35:31.000000",1.0,5.9,1.0,N,234.0,166.0,1.0,23.5,2.5,0.5,4.2,0.0,0.3,31.0,2.5
1.0,"2019-08-08 18:37:33.000000","2019-08-08 19:12:03.000000",1.0,6.1,1.0,N,234.0,166.0,1.0,26.0,3.5,0.5,9.05,0.0,0.3,39.35,2.5
1.0,"2019-08-08 20:04:14.000000","2019-08-08 20:35:45.000000",1.0,5.8,1.0,N,234.0,166.0,1.0,24.0,3.0,0.5,5.55,0.0,0.3,33.35,2.5
2.0,"2019-08-08 20:24:22.000000","2019-08-08 20:51:52.000000",2.0,5.11,1.0,N,234.0,166.0,1.0,20.5,0.5,0.5,4.86,0.0,0.3,29.16,2.5
2.0,"2019-08-08 21:04:04.000000","2019-08-08 21:42:11.000000",2.0,6.3,1.0,N,234.0,166.0,1.0,27.0,0.5,0.5,4.0,0.0,0.3,34.8,2.5
2.0,"2019-08-08 21:48:16.000000","2019-08-08 22:11:57.000000",1.0,7.08,1.0,N,234.0,166.0,1.0,23.5,0.5,0.5,4.0,0.0,0.3,31.3,2.5
2.0,"2019-08-08 21:24:28.000000","2019-08-08 21:46:12.000000",1.0,5.94,1.0,N,234.0,166.0,1.0,20.5,0.5,0.5,4.86,0.0,0.3,29.16,2.5
2.0,"2019-08-08 23:55:27.000000","2019-08-09 00:14:53.000000",1.0,6.55,1.0,N,234.0,166.0,1.0,22.5,0.5,0.5,5.26,0.0,0.3,31.56,2.5
1.0,"2019-08-08 23:25:31.000000","2019-08-08 23:42:49.000000",1.0,5.6,1.0,N,234.0,166.0,1.0,17.5,3.0,0.5,4.0,0.0,0.3,25.3,2.5
1.0,"2019-08-09 11:08:11.000000","2019-08-09 11:49:59.000000",1.0,5.7,1.0,N,234.0,166.0,2.0,26.5,2.5,0.5,0.0,0.0,0.3,29.8,2.5
2.0,"2019-08-09 18:35:30.000000","2019-08-09 18:59:27.000000",1.0,6.11,1.0,N,234.0,166.0,1.0,20.5,1.0,0.5,4.96,0.0,0.3,29.76,2.5
1.0,"2019-08-09 19:58:12.000000","2019-08-09 20:24:56.000000",0.0,5.3,1.0,N,234.0,166.0,2.0,20.5,3.5,0.5,0.0,0.0,0.3,24.8,2.5
1.0,"2019-08-09 20:36:06.000000","2019-08-09 21:04:16.000000",1.0,4.9,1.0,N,234.0,166.0,1.0,21.0,3.0,0.5,4.95,0.0,0.3,29.75,2.5
2.0,"2019-08-09 23:13:42.000000","2019-08-09 23:40:13.000000",1.0,6.3,1.0,N,234.0,166.0,1.0,22.0,0.5,0.5,5.16,0.0,0.3,30.96,2.5
2.0,"2019-08-09 23:09:21.000000","2019-08-09 23:41:39.000000",1.0,6.58,1.0,N,234.0,166.0,2.0,26.0,0.5,0.5,0.0,0.0,0.3,29.8,2.5
2.0,"2019-08-09 23:11:14.000000","2019-08-09 23:35:30.000000",2.0,5.48,1.0,N,234.0,166.0,1.0,21.0,0.5,0.5,4.96,0.0,0.3,29.76,2.5
2.0,"2019-08-10 00:23:08.000000","2019-08-10 00:45:21.000000",1.0,6.37,1.0,N,234.0,166.0,1.0,22.5,0.5,0.5,5.26,0.0,0.3,31.56,2.5
2.0,"2019-08-10 00:01:37.000000","2019-08-10 00:24:50.000000",1.0,5.83,1.0,N,234.0,166.0,1.0,21.5,0.5,0.5,5.06,0.0,0.3,30.36,2.5
2.0,"2019-08-10 02:34:22.000000","2019-08-10 02:49:16.000000",1.0,4.96,1.0,N,234.0,166.0,1.0,16.5,0.5,0.5,4.06,0.0,0.3,24.36,2.5
2.0,"2019-08-10 03:23:20.000000","2019-08-10 03:38:44.000000",1.0,6.87,1.0,N,234.0,166.0,2.0,21.0,0.5,0.5,0.0,0.0,0.3,24.8,2.5
2.0,"2019-08-10 07:29:43.000000","2019-08-10 07:48:37.000000",1.0,5.23,1.0,N,234.0,166.0,1.0,18.5,0.0,0.5,4.0,0.0,0.3,25.8,2.5
1.0,"2019-08-10 10:20:32.000000","2019-08-10 10:44:29.000000",1.0,5.4,1.0,N,234.0,166.0,2.0,20.5,2.5,0.5,0.0,0.0,0.3,23.8,2.5
2.0,"2019-08-10 20:39:27.000000","2019-08-10 20:58:43.000000",3.0,6.58,1.0,N,234.0,166.0,1.0,21.5,0.5,0.5,5.06,0.0,0.3,30.36,2.5
2.0,"2019-08-10 21:48:41.000000","2019-08-10 22:12:37.000000",1.0,6.49,1.0,N,234.0,166.0,1.0,22.5,0.5,0.5,5.26,0.0,0.3,31.56,2.5
2.0,"2019-08-11 01:24:47.000000","2019-08-11 01:44:12.000000",1.0,6.18,1.0,N,234.0,166.0,2.0,0.0,0.0,0.0,0.0,0.0,0.0,0.0,0.0
2.0,"2019-08-11 12:15:36.000000","2019-08-11 12:43:02.000000",2.0,6.34,1.0,N,234.0,166.0,2.0,23.0,0.0,0.5,0.0,0.0,0.3,26.3,2.5
1.0,"2019-08-11 18:41:36.000000","2019-08-11 19:11:59.000000",3.0,6.3,1.0,N,234.0,166.0,1.0,23.0,2.5,0.5,5.25,0.0,0.3,31.55,2.5
1.0,"2019-08-12 09:54:21.000000","2019-08-12 10:35:50.000000",1.0,5.1,1.0,N,234.0,166.0,2.0,27.0,2.5,0.5,0.0,0.0,0.3,30.3,2.5
2.0,"2019-08-12 10:40:49.000000","2019-08-12 11:13:13.000000",2.0,6.49,1.0,N,234.0,166.0,2.0,26.5,0.0,0.5,0.0,0.0,0.3,29.8,2.5
1.0,"2019-08-12 11:06:14.000000","2019-08-12 11:30:52.000000",1.0,5.9,1.0,N,234.0,166.0,1.0,22.5,2.5,0.5,5.15,0.0,0.3,30.95,2.5
1.0,"2019-08-12 18:44:06.000000","2019-08-12 19:16:58.000000",1.0,4.8,1.0,N,234.0,166.0,1.0,22.5,3.5,0.5,5.35,0.0,0.3,32.15,2.5
2.0,"2019-08-12 20:51:29.000000","2019-08-12 21:12:33.000000",2.0,7.13,1.0,N,234.0,166.0,1.0,23.0,0.5,0.5,2.0,0.0,0.3,28.8,2.5
1.0,"2019-08-12 20:54:14.000000","2019-08-12 21:16:28.000000",1.0,7.2,1.0,Y,234.0,166.0,1.0,23.5,3.0,0.5,5.45,0.0,0.3,32.75,2.5
2.0,"2019-08-12 20:49:45.000000","2019-08-12 21:13:07.000000",1.0,5.79,1.0,N,234.0,166.0,1.0,20.5,0.5,0.5,3.0,0.0,0.3,27.3,2.5
2.0,"2019-08-12 23:38:59.000000","2019-08-12 23:54:48.000000",1.0,5.44,1.0,N,234.0,166.0,1.0,17.0,0.5,0.5,4.16,0.0,0.3,24.96,2.5
1.0,"2019-08-13 17:37:21.000000","2019-08-13 18:11:15.000000",1.0,4.9,1.0,N,234.0,166.0,1.0,24.0,3.5,0.5,3.0,0.0,0.3,31.3,2.5
2.0,"2019-08-13 19:07:28.000000","2019-08-13 19:31:57.000000",1.0,7.29,1.0,N,234.0,166.0,1.0,25.0,1.0,0.5,7.32,0.0,0.3,36.62,2.5
2.0,"2019-08-13 19:28:25.000000","2019-08-13 19:51:35.000000",1.0,7.08,1.0,N,234.0,166.0,2.0,24.0,1.0,0.5,0.0,0.0,0.3,28.3,2.5
2.0,"2019-08-13 21:44:30.000000","2019-08-13 22:11:48.000000",2.0,5.88,1.0,N,234.0,166.0,1.0,22.0,0.5,0.5,6.99,0.0,0.3,30.29,0.0
2.0,"2019-08-13 21:44:34.000000","2019-08-13 22:06:05.000000",4.0,5.23,1.0,N,234.0,166.0,1.0,18.5,0.5,0.5,4.46,0.0,0.3,26.76,2.5
1.0,"2019-08-14 00:13:26.000000","2019-08-14 00:31:38.000000",1.0,5.7,1.0,N,234.0,166.0,1.0,18.0,3.0,0.5,4.35,0.0,0.3,26.15,2.5
1.0,"2019-08-14 09:35:38.000000","2019-08-14 10:03:49.000000",0.0,7.2,1.0,N,234.0,166.0,1.0,26.0,2.5,0.5,8.75,0.0,0.3,38.05,2.5
2.0,"2019-08-14 15:21:30.000000","2019-08-14 15:50:50.000000",1.0,6.62,1.0,N,234.0,166.0,1.0,25.0,0.0,0.5,3.0,0.0,0.3,31.3,2.5
2.0,"2019-08-14 18:03:41.000000","2019-08-14 18:39:13.000000",1.0,6.42,1.0,N,234.0,166.0,1.0,26.5,1.0,0.5,6.16,0.0,0.3,36.96,2.5
2.0,"2019-08-14 20:19:44.000000","2019-08-14 20:47:54.000000",1.0,5.92,1.0,N,234.0,166.0,1.0,22.5,0.5,0.5,5.26,0.0,0.3,31.56,2.5
2.0,"2019-08-14 21:42:44.000000","2019-08-14 22:15:02.000000",1.0,5.52,1.0,N,234.0,166.0,1.0,23.5,0.5,0.5,4.1,0.0,0.3,31.4,2.5
2.0,"2019-08-14 21:46:01.000000","2019-08-14 22:04:57.000000",1.0,7.0,1.0,N,234.0,166.0,1.0,22.0,0.5,0.5,3.2,0.0,0.3,29.0,2.5
2.0,"2019-08-14 22:56:33.000000","2019-08-14 23:22:45.000000",5.0,6.37,1.0,N,234.0,166.0,1.0,22.0,0.5,0.5,5.16,0.0,0.3,30.96,2.5
2.0,"2019-08-14 23:42:39.000000","2019-08-15 00:00:58.000000",1.0,5.46,1.0,N,234.0,166.0,2.0,17.5,0.5,0.5,0.0,0.0,0.3,21.3,2.5
2.0,"2019-08-14 23:49:16.000000","2019-08-15 00:07:39.000000",6.0,5.34,1.0,N,234.0,166.0,1.0,17.5,0.5,0.5,4.26,0.0,0.3,25.56,2.5
2.0,"2019-08-15 13:56:25.000000","2019-08-15 14:37:42.000000",1.0,7.33,1.0,N,234.0,166.0,1.0,32.0,0.0,0.5,2.5,0.0,0.3,37.8,2.5
2.0,"2019-08-15 20:30:29.000000","2019-08-15 20:54:32.000000",1.0,7.41,1.0,N,234.0,166.0,2.0,25.0,0.5,0.5,0.0,0.0,0.3,28.8,2.5
2.0,"2019-08-15 19:47:54.000000","2019-08-15 20:14:29.000000",1.0,7.89,1.0,N,234.0,166.0,1.0,26.0,0.5,0.5,3.5,0.0,0.3,33.3,2.5
2.0,"2019-08-15 22:05:33.000000","2019-08-15 22:33:22.000000",2.0,7.19,1.0,N,234.0,166.0,1.0,24.5,0.5,0.5,5.66,0.0,0.3,33.96,2.5
1.0,"2019-08-15 23:15:41.000000","2019-08-15 23:38:16.000000",0.0,5.5,1.0,N,234.0,166.0,2.0,20.5,3.0,0.5,0.0,0.0,0.3,24.3,2.5
2.0,"2019-08-16 12:27:19.000000","2019-08-16 13:12:39.000000",1.0,5.42,1.0,N,234.0,166.0,2.0,28.5,0.0,0.5,0.0,0.0,0.3,31.8,2.5
2.0,"2019-08-16 13:56:59.000000","2019-08-16 14:24:56.000000",2.0,7.23,1.0,N,234.0,166.0,2.0,26.5,0.0,0.5,0.0,0.0,0.3,29.8,2.5
2.0,"2019-08-16 13:14:16.000000","2019-08-16 13:48:11.000000",3.0,7.19,1.0,N,234.0,166.0,1.0,28.0,0.0,0.5,5.5,0.0,0.3,36.8,2.5
2.0,"2019-08-16 15:34:04.000000","2019-08-16 16:08:02.000000",1.0,5.95,1.0,N,234.0,166.0,2.0,24.5,0.0,0.5,0.0,0.0,0.3,27.8,2.5
2.0,"2019-08-16 16:32:45.000000","2019-08-16 17:00:02.000000",5.0,6.27,1.0,N,234.0,166.0,1.0,23.0,1.0,0.5,5.46,0.0,0.3,32.76,2.5
2.0,"2019-08-16 18:22:05.000000","2019-08-16 18:46:36.000000",1.0,6.39,1.0,N,234.0,166.0,1.0,21.5,1.0,0.5,5.16,0.0,0.3,30.96,2.5
2.0,"2019-08-16 20:33:25.000000","2019-08-16 20:57:50.000000",2.0,5.51,1.0,N,234.0,166.0,2.0,20.0,0.5,0.5,0.0,0.0,0.3,23.8,2.5
2.0,"2019-08-16 21:34:00.000000","2019-08-16 21:54:17.000000",3.0,7.08,1.0,N,234.0,166.0,1.0,23.0,0.5,0.5,5.36,0.0,0.3,32.16,2.5
2.0,"2019-08-16 23:34:34.000000","2019-08-16 23:56:55.000000",1.0,5.99,1.0,N,234.0,166.0,2.0,20.5,0.5,0.5,0.0,0.0,0.3,24.3,2.5
1.0,"2019-08-16 23:18:13.000000","2019-08-16 23:37:02.000000",1.0,4.6,1.0,N,234.0,166.0,1.0,16.5,3.0,0.5,4.05,0.0,0.3,24.35,2.5
1.0,"2019-08-17 00:54:33.000000","2019-08-17 01:18:48.000000",1.0,6.2,1.0,N,234.0,166.0,1.0,22.5,3.0,0.5,13.15,0.0,0.3,39.45,2.5
1.0,"2019-08-17 00:30:27.000000","2019-08-17 00:47:58.000000",1.0,6.0,1.0,N,234.0,166.0,1.0,18.5,3.0,0.5,5.58,0.0,0.3,27.88,2.5
1.0,"2019-08-17 06:16:59.000000","2019-08-17 06:33:33.000000",1.0,5.6,1.0,N,234.0,166.0,1.0,18.5,2.5,0.5,0.0,0.0,0.3,21.8,2.5
1.0,"2019-08-17 06:35:18.000000","2019-08-17 06:57:26.000000",1.0,6.5,1.0,N,234.0,166.0,2.0,22.0,2.5,0.5,0.0,0.0,0.3,25.3,2.5
1.0,"2019-08-17 08:46:51.000000","2019-08-17 09:10:42.000000",1.0,5.6,1.0,N,234.0,166.0,2.0,20.5,2.5,0.5,0.0,0.0,0.3,23.8,2.5
1.0,"2019-08-17 08:13:05.000000","2019-08-17 08:34:40.000000",1.0,6.2,1.0,N,234.0,166.0,1.0,22.0,2.5,0.5,2.53,0.0,0.3,27.83,2.5
2.0,"2019-08-17 08:48:14.000000","2019-08-17 09:13:53.000000",1.0,7.26,1.0,N,234.0,166.0,1.0,25.0,0.0,0.5,5.66,0.0,0.3,33.96,2.5
1.0,"2019-08-17 09:10:19.000000","2019-08-17 09:35:48.000000",1.0,5.1,1.0,N,234.0,166.0,1.0,20.5,2.5,0.5,3.0,0.0,0.3,26.8,2.5
2.0,"2019-08-17 12:55:59.000000","2019-08-17 13:30:22.000000",1.0,6.21,1.0,N,234.0,166.0,2.0,26.5,0.0,0.5,0.0,0.0,0.3,29.8,2.5
2.0,"2019-08-17 14:39:26.000000","2019-08-17 15:10:43.000000",2.0,5.37,1.0,N,234.0,166.0,2.0,23.0,0.0,0.5,0.0,0.0,0.3,26.3,2.5
2.0,"2019-08-17 14:25:44.000000","2019-08-17 14:54:47.000000",1.0,6.28,1.0,N,234.0,166.0,1.0,24.0,0.0,0.5,6.82,0.0,0.3,34.12,2.5
1.0,"2019-08-17 15:38:44.000000","2019-08-17 16:14:00.000000",1.0,7.2,1.0,N,234.0,166.0,1.0,29.5,2.5,0.5,0.0,0.0,0.3,32.8,2.5
2.0,"2019-08-17 18:15:23.000000","2019-08-17 18:43:48.000000",2.0,6.76,1.0,N,234.0,166.0,2.0,25.5,0.0,0.5,0.0,0.0,0.3,28.8,2.5
2.0,"2019-08-17 19:54:49.000000","2019-08-17 20:17:34.000000",1.0,5.34,1.0,N,234.0,166.0,1.0,19.0,0.0,0.5,4.46,0.0,0.3,26.76,2.5
2.0,"2019-08-17 19:29:10.000000","2019-08-17 20:02:09.000000",2.0,7.09,1.0,N,234.0,166.0,1.0,28.5,0.0,0.5,0.0,0.0,0.3,31.8,2.5
2.0,"2019-08-17 23:49:30.000000","2019-08-18 00:14:55.000000",2.0,5.21,1.0,N,234.0,166.0,2.0,20.5,0.5,0.5,0.0,0.0,0.3,24.3,2.5
2.0,"2019-08-17 23:05:05.000000","2019-08-17 23:25:08.000000",1.0,5.36,1.0,N,234.0,166.0,1.0,18.0,0.5,0.5,0.0,0.0,0.3,21.8,2.5
2.0,"2019-08-17 23:54:45.000000","2019-08-18 00:18:42.000000",5.0,5.92,1.0,N,234.0,166.0,1.0,20.5,0.5,0.5,0.0,0.0,0.3,24.3,2.5
2.0,"2019-08-18 02:24:31.000000","2019-08-19 02:00:42.000000",1.0,5.43,1.0,N,234.0,166.0,1.0,18.5,0.5,0.5,3.34,0.0,0.3,25.64,2.5
1.0,"2019-08-18 03:04:36.000000","2019-08-18 03:20:52.000000",2.0,6.1,1.0,N,234.0,166.0,1.0,18.0,3.0,0.5,0.0,0.0,0.3,21.8,2.5
2.0,"2019-08-18 03:59:42.000000","2019-08-18 04:19:45.000000",2.0,5.85,1.0,N,234.0,166.0,1.0,20.5,0.5,0.5,4.86,0.0,0.3,29.16,2.5
2.0,"2019-08-18 04:03:25.000000","2019-08-18 04:24:13.000000",1.0,5.43,1.0,N,234.0,166.0,2.0,19.5,0.5,0.5,0.0,0.0,0.3,23.3,2.5
2.0,"2019-08-18 15:58:28.000000","2019-08-18 16:30:41.000000",1.0,5.23,1.0,N,234.0,166.0,1.0,23.5,0.0,0.5,5.36,0.0,0.3,32.16,2.5
1.0,"2019-08-18 17:48:05.000000","2019-08-18 18:29:59.000000",4.0,6.4,1.0,N,234.0,166.0,1.0,29.0,2.5,0.5,6.45,0.0,0.3,38.75,2.5
2.0,"2019-08-18 18:44:57.000000","2019-08-18 19:21:32.000000",1.0,5.36,1.0,N,234.0,166.0,1.0,25.0,0.0,0.5,2.0,0.0,0.3,30.3,2.5
1.0,"2019-08-18 18:57:57.000000","2019-08-18 19:41:54.000000",1.0,7.2,1.0,N,234.0,166.0,1.0,30.5,2.5,0.5,6.76,0.0,0.3,40.56,2.5
2.0,"2019-08-18 22:35:54.000000","2019-08-18 22:56:48.000000",2.0,6.32,1.0,N,234.0,166.0,1.0,20.0,0.5,0.5,7.14,0.0,0.3,30.94,2.5
2.0,"2019-08-19 09:56:44.000000","2019-08-19 10:28:22.000000",2.0,7.62,1.0,N,234.0,166.0,1.0,28.0,0.0,0.5,5.0,0.0,0.3,36.3,2.5
1.0,"2019-08-19 11:37:37.000000","2019-08-19 12:05:49.000000",1.0,5.6,1.0,N,234.0,166.0,1.0,23.5,2.5,0.5,1.2,0.0,0.3,28.0,2.5
2.0,"2019-08-19 15:21:30.000000","2019-08-19 15:47:03.000000",2.0,6.66,1.0,N,234.0,166.0,2.0,23.5,0.0,0.5,0.0,0.0,0.3,26.8,2.5
2.0,"2019-08-19 15:57:34.000000","2019-08-19 16:23:44.000000",1.0,5.9,1.0,N,234.0,166.0,1.0,21.5,0.0,0.5,3.0,0.0,0.3,27.8,2.5
2.0,"2019-08-19 16:32:44.000000","2019-08-19 16:57:14.000000",2.0,6.54,1.0,N,234.0,166.0,1.0,23.0,1.0,0.5,6.0,0.0,0.3,33.3,2.5
1.0,"2019-08-19 18:07:23.000000","2019-08-19 18:33:28.000000",1.0,6.9,1.0,N,234.0,166.0,1.0,25.0,3.5,0.5,5.85,0.0,0.3,35.15,2.5
2.0,"2019-08-19 19:46:39.000000","2019-08-19 20:07:07.000000",1.0,7.77,1.0,N,234.0,166.0,1.0,24.5,1.0,0.5,4.32,0.0,0.3,33.12,2.5
2.0,"2019-08-19 19:25:00.000000","2019-08-19 19:50:08.000000",1.0,6.21,1.0,N,234.0,166.0,1.0,20.5,1.0,0.5,4.96,0.0,0.3,29.76,2.5
1.0,"2019-08-19 21:06:18.000000","2019-08-19 21:30:14.000000",1.0,5.9,1.0,N,234.0,166.0,1.0,20.5,3.0,0.5,4.85,0.0,0.3,29.15,2.5
1.0,"2019-08-19 23:48:40.000000","2019-08-20 00:06:10.000000",0.0,5.9,1.0,N,234.0,166.0,1.0,18.5,3.0,0.5,4.46,0.0,0.3,26.76,2.5
1.0,"2019-08-20 10:58:25.000000","2019-08-20 11:25:39.000000",2.0,6.4,1.0,N,234.0,166.0,1.0,24.5,2.5,0.5,5.56,0.0,0.3,33.36,2.5
2.0,"2019-08-20 13:04:10.000000","2019-08-20 13:36:01.000000",1.0,5.82,1.0,N,234.0,166.0,1.0,25.5,0.0,0.5,5.76,0.0,0.3,34.56,2.5
1.0,"2019-08-20 14:49:54.000000","2019-08-20 15:30:17.000000",2.0,7.0,1.0,N,234.0,166.0,1.0,29.5,0.0,0.5,0.0,0.0,0.3,30.3,0.0
2.0,"2019-08-20 15:41:08.000000","2019-08-20 16:25:28.000000",1.0,6.42,1.0,N,234.0,166.0,1.0,31.0,0.0,0.5,2.0,0.0,0.3,36.3,2.5
1.0,"2019-08-20 16:52:40.000000","2019-08-20 17:21:25.000000",4.0,6.2,1.0,N,234.0,166.0,2.0,23.0,3.5,0.5,0.0,0.0,0.3,27.3,2.5
1.0,"2019-08-20 17:53:16.000000","2019-08-20 18:17:38.000000",2.0,6.3,1.0,N,234.0,166.0,1.0,23.0,3.5,0.5,1.0,0.0,0.3,28.3,2.5
1.0,"2019-08-20 18:38:26.000000","2019-08-20 19:02:19.000000",1.0,6.9,1.0,N,234.0,166.0,1.0,24.5,3.5,0.5,5.75,0.0,0.3,34.55,2.5
2.0,"2019-08-20 19:33:46.000000","2019-08-20 20:02:03.000000",2.0,7.28,1.0,N,234.0,166.0,1.0,25.5,1.0,0.5,1.11,0.0,0.3,30.91,2.5
2.0,"2019-08-20 21:10:04.000000","2019-08-20 21:37:05.000000",1.0,5.86,1.0,N,234.0,166.0,1.0,22.0,0.5,0.5,2.5,0.0,0.3,28.3,2.5
2.0,"2019-08-20 21:01:45.000000","2019-08-20 21:22:00.000000",1.0,6.18,1.0,N,234.0,166.0,1.0,20.5,0.5,0.5,4.86,0.0,0.3,29.16,2.5
2.0,"2019-08-20 22:52:35.000000","2019-08-20 23:11:17.000000",4.0,5.8,1.0,N,234.0,166.0,1.0,18.5,0.5,0.5,4.46,0.0,0.3,26.76,2.5
2.0,"2019-08-20 23:37:40.000000","2019-08-20 23:58:52.000000",1.0,6.38,1.0,N,234.0,166.0,1.0,21.5,0.5,0.5,4.0,0.0,0.3,29.3,2.5
1.0,"2019-08-21 08:21:01.000000","2019-08-21 08:57:01.000000",1.0,6.4,1.0,N,234.0,166.0,1.0,28.0,2.5,0.5,6.25,0.0,0.3,37.55,2.5
2.0,"2019-08-21 17:56:01.000000","2019-08-21 18:25:50.000000",1.0,7.02,1.0,N,234.0,166.0,2.0,25.5,1.0,0.5,0.0,0.0,0.3,29.8,2.5
2.0,"2019-08-21 18:11:49.000000","2019-08-21 18:41:08.000000",1.0,5.85,1.0,N,234.0,166.0,1.0,24.0,1.0,0.5,5.66,0.0,0.3,33.96,2.5
2.0,"2019-08-21 18:03:46.000000","2019-08-21 18:29:28.000000",1.0,6.42,1.0,N,234.0,166.0,1.0,23.5,1.0,0.5,5.56,0.0,0.3,33.36,2.5
1.0,"2019-08-21 18:08:36.000000","2019-08-21 18:34:29.000000",1.0,5.3,1.0,N,234.0,166.0,1.0,20.5,3.5,0.5,1.0,0.0,0.3,25.8,2.5
2.0,"2019-08-21 20:24:08.000000","2019-08-21 20:53:33.000000",1.0,6.09,1.0,N,234.0,166.0,1.0,23.5,0.5,0.5,8.19,0.0,0.3,35.49,2.5
2.0,"2019-08-21 21:23:06.000000","2019-08-21 21:43:56.000000",1.0,5.92,1.0,N,234.0,166.0,1.0,20.5,0.5,0.5,4.86,0.0,0.3,29.16,2.5
1.0,"2019-08-21 22:07:03.000000","2019-08-21 22:40:56.000000",2.0,7.0,1.0,N,234.0,166.0,1.0,27.0,3.0,0.5,3.0,0.0,0.3,33.8,2.5
2.0,"2019-08-21 22:18:18.000000","2019-08-21 22:40:28.000000",1.0,6.28,1.0,N,234.0,166.0,1.0,21.0,0.5,0.5,4.96,0.0,0.3,29.76,2.5
2.0,"2019-08-21 23:58:07.000000","2019-08-22 00:13:20.000000",4.0,5.5,1.0,N,234.0,166.0,1.0,16.5,0.5,0.5,1.0,0.0,0.3,21.3,2.5
1.0,"2019-08-21 23:12:11.000000","2019-08-21 23:30:50.000000",1.0,5.7,1.0,N,234.0,166.0,1.0,18.0,3.0,0.5,5.45,0.0,0.3,27.25,2.5
2.0,"2019-08-22 06:27:32.000000","2019-08-22 06:46:12.000000",1.0,5.67,1.0,N,234.0,166.0,1.0,18.5,0.0,0.5,6.54,0.0,0.3,28.34,2.5
1.0,"2019-08-22 18:43:41.000000","2019-08-22 19:07:04.000000",1.0,6.0,1.0,N,234.0,166.0,1.0,20.5,3.5,0.5,6.2,0.0,0.3,31.0,2.5
1.0,"2019-08-22 18:33:02.000000","2019-08-22 19:08:09.000000",1.0,6.8,1.0,Y,234.0,166.0,1.0,27.0,3.5,0.5,2.0,0.0,0.3,33.3,2.5
1.0,"2019-08-22 19:02:40.000000","2019-08-22 19:28:43.000000",1.0,7.1,1.0,N,234.0,166.0,1.0,25.0,3.5,0.5,5.85,0.0,0.3,35.15,2.5
2.0,"2019-08-22 20:23:38.000000","2019-08-22 20:57:48.000000",1.0,6.13,1.0,N,234.0,166.0,1.0,25.0,0.5,0.5,5.76,0.0,0.3,34.56,2.5
1.0,"2019-08-22 21:32:54.000000","2019-08-22 22:01:39.000000",2.0,6.1,1.0,N,234.0,166.0,1.0,23.5,3.0,0.5,5.45,0.0,0.3,32.75,2.5
2.0,"2019-08-22 22:10:59.000000","2019-08-22 22:32:46.000000",5.0,5.73,1.0,N,234.0,166.0,1.0,19.5,0.5,0.5,4.66,0.0,0.3,27.96,2.5
2.0,"2019-08-22 23:48:20.000000","2019-08-23 00:08:45.000000",1.0,5.18,1.0,N,234.0,166.0,1.0,18.5,0.5,0.5,4.46,0.0,0.3,26.76,2.5
1.0,"2019-08-22 23:40:57.000000","2019-08-23 00:04:36.000000",1.0,6.4,1.0,N,234.0,166.0,2.0,20.5,3.0,0.5,0.0,0.0,0.3,24.3,2.5
1.0,"2019-08-23 07:15:24.000000","2019-08-23 07:40:44.000000",1.0,5.8,1.0,N,234.0,166.0,1.0,22.5,2.5,0.5,5.15,0.0,0.3,30.95,2.5
2.0,"2019-08-23 08:25:53.000000","2019-08-23 08:52:05.000000",1.0,7.28,1.0,N,234.0,166.0,1.0,26.5,0.0,0.5,5.96,0.0,0.3,35.76,2.5
2.0,"2019-08-23 10:54:45.000000","2019-08-23 11:30:10.000000",1.0,5.27,1.0,N,234.0,166.0,1.0,24.0,0.0,0.5,2.0,0.0,0.3,29.3,2.5
2.0,"2019-08-23 12:41:18.000000","2019-08-23 13:15:09.000000",3.0,7.01,1.0,N,234.0,166.0,1.0,27.0,0.0,0.5,2.0,0.0,0.3,32.3,2.5
1.0,"2019-08-23 15:16:29.000000","2019-08-23 15:56:06.000000",1.0,5.5,1.0,Y,234.0,166.0,1.0,27.5,2.5,0.5,6.15,0.0,0.3,36.95,2.5
1.0,"2019-08-23 15:49:21.000000","2019-08-23 16:23:42.000000",1.0,5.5,1.0,N,234.0,166.0,1.0,24.5,2.5,0.5,6.95,0.0,0.3,34.75,2.5
1.0,"2019-08-23 23:30:00.000000","2019-08-23 23:50:51.000000",1.0,6.6,1.0,N,234.0,166.0,2.0,22.0,3.0,0.5,0.0,0.0,0.3,25.8,2.5
2.0,"2019-08-23 23:06:42.000000","2019-08-23 23:28:10.000000",1.0,6.02,1.0,N,234.0,166.0,2.0,21.0,0.5,0.5,0.0,0.0,0.3,24.8,2.5
2.0,"2019-08-23 23:40:05.000000","2019-08-24 00:01:24.000000",1.0,5.46,1.0,N,234.0,166.0,1.0,19.0,0.5,0.5,4.56,0.0,0.3,27.36,2.5
2.0,"2019-08-24 00:27:15.000000","2019-08-24 00:49:57.000000",2.0,5.63,1.0,N,234.0,166.0,1.0,20.0,0.5,0.5,4.76,0.0,0.3,28.56,2.5
2.0,"2019-08-24 00:50:49.000000","2019-08-24 01:07:41.000000",1.0,6.44,1.0,N,234.0,166.0,1.0,20.5,0.5,0.5,4.86,0.0,0.3,29.16,2.5
2.0,"2019-08-24 01:28:43.000000","2019-08-24 01:50:22.000000",1.0,7.58,1.0,N,234.0,166.0,1.0,24.5,0.5,0.5,5.66,0.0,0.3,33.96,2.5
2.0,"2019-08-24 01:43:35.000000","2019-08-24 02:05:31.000000",5.0,6.08,1.0,N,234.0,166.0,2.0,21.5,0.5,0.5,0.0,0.0,0.3,25.3,2.5
2.0,"2019-08-24 01:10:52.000000","2019-08-24 01:31:18.000000",1.0,6.18,1.0,N,234.0,166.0,2.0,20.5,0.5,0.5,0.0,0.0,0.3,24.3,2.5
1.0,"2019-08-24 01:07:49.000000","2019-08-24 01:26:43.000000",1.0,5.0,1.0,N,234.0,166.0,1.0,17.5,3.0,0.5,3.0,0.0,0.3,24.3,2.5
2.0,"2019-08-24 01:43:29.000000","2019-08-24 02:02:45.000000",3.0,5.13,1.0,N,234.0,166.0,1.0,18.0,0.5,0.5,2.0,0.0,0.3,23.8,2.5
2.0,"2019-08-24 04:32:18.000000","2019-08-24 05:02:15.000000",6.0,5.84,1.0,N,234.0,166.0,1.0,24.0,0.5,0.5,5.56,0.0,0.3,33.36,2.5
1.0,"2019-08-24 08:56:58.000000","2019-08-24 09:17:41.000000",2.0,6.1,1.0,N,234.0,166.0,2.0,21.5,2.5,0.5,0.0,0.0,0.3,24.8,2.5
1.0,"2019-08-24 15:05:09.000000","2019-08-24 15:28:48.000000",2.0,6.1,1.0,N,234.0,166.0,1.0,21.5,2.5,0.5,4.95,0.0,0.3,29.75,2.5
2.0,"2019-08-24 16:42:36.000000","2019-08-24 17:10:18.000000",3.0,6.06,1.0,N,234.0,166.0,1.0,23.5,0.0,0.5,4.0,0.0,0.3,30.8,2.5
2.0,"2019-08-24 16:59:32.000000","2019-08-24 17:21:33.000000",5.0,6.1,1.0,N,234.0,166.0,2.0,20.5,0.0,0.5,0.0,0.0,0.3,23.8,2.5
2.0,"2019-08-24 17:54:00.000000","2019-08-24 18:21:53.000000",1.0,5.79,1.0,N,234.0,166.0,1.0,22.0,0.0,0.5,5.06,0.0,0.3,30.36,2.5
2.0,"2019-08-24 19:10:00.000000","2019-08-24 19:42:37.000000",1.0,6.54,1.0,N,234.0,166.0,1.0,27.0,0.0,0.5,1.5,0.0,0.3,31.8,2.5
2.0,"2019-08-24 20:28:32.000000","2019-08-24 21:00:48.000000",2.0,6.37,1.0,N,234.0,166.0,1.0,26.0,0.5,0.5,5.96,0.0,0.3,35.76,2.5
2.0,"2019-08-24 22:57:18.000000","2019-08-24 23:21:01.000000",3.0,5.11,1.0,N,234.0,166.0,1.0,19.5,0.5,0.5,3.5,0.0,0.3,26.8,2.5
1.0,"2019-08-25 00:35:43.000000","2019-08-25 00:57:03.000000",2.0,5.6,1.0,N,234.0,166.0,2.0,19.0,3.0,0.5,0.0,0.0,0.3,22.8,2.5
2.0,"2019-08-25 00:29:18.000000","2019-08-25 00:53:33.000000",2.0,5.63,1.0,N,234.0,166.0,2.0,21.0,0.5,0.5,0.0,0.0,0.3,24.8,2.5
2.0,"2019-08-25 02:17:38.000000","2019-08-25 02:40:01.000000",5.0,7.62,1.0,N,234.0,166.0,2.0,25.0,0.5,0.5,0.0,0.0,0.3,28.8,2.5
2.0,"2019-08-25 03:38:27.000000","2019-08-25 03:58:36.000000",6.0,7.29,1.0,N,234.0,166.0,2.0,23.5,0.5,0.5,0.0,0.0,0.3,27.3,2.5
2.0,"2019-08-25 10:25:58.000000","2019-08-25 10:45:30.000000",1.0,6.07,1.0,N,234.0,166.0,1.0,20.5,0.0,0.5,4.76,0.0,0.3,28.56,2.5
2.0,"2019-08-25 12:35:18.000000","2019-08-25 13:01:47.000000",2.0,5.88,1.0,N,234.0,166.0,1.0,23.0,0.0,0.5,5.26,0.0,0.3,31.56,2.5
2.0,"2019-08-25 12:40:07.000000","2019-08-25 13:02:22.000000",6.0,7.13,1.0,N,234.0,166.0,1.0,23.5,0.0,0.5,5.36,0.0,0.3,32.16,2.5
2.0,"2019-08-25 12:31:35.000000","2019-08-25 12:50:58.000000",1.0,6.73,1.0,N,234.0,166.0,1.0,22.5,0.0,0.5,5.16,0.0,0.3,30.96,2.5
1.0,"2019-08-25 14:06:11.000000","2019-08-25 14:30:46.000000",2.0,5.9,1.0,N,234.0,166.0,1.0,21.0,2.5,0.5,4.85,0.0,0.3,29.15,2.5
2.0,"2019-08-25 16:08:33.000000","2019-08-25 16:35:34.000000",1.0,5.6,1.0,N,234.0,166.0,1.0,22.5,0.0,0.5,5.16,0.0,0.3,30.96,2.5
1.0,"2019-08-25 18:47:18.000000","2019-08-25 19:10:23.000000",1.0,5.3,1.0,N,234.0,166.0,1.0,19.0,2.5,0.5,4.45,0.0,0.3,26.75,2.5
2.0,"2019-08-25 18:21:25.000000","2019-08-25 18:44:29.000000",1.0,5.76,1.0,N,234.0,166.0,1.0,20.5,0.0,0.5,4.76,0.0,0.3,28.56,2.5
2.0,"2019-08-25 19:37:41.000000","2019-08-25 20:04:15.000000",2.0,7.12,1.0,N,234.0,166.0,1.0,25.5,0.0,0.5,4.32,0.0,0.3,33.12,2.5
1.0,"2019-08-25 21:01:41.000000","2019-08-25 21:21:43.000000",1.0,5.4,1.0,Y,234.0,166.0,1.0,18.5,3.0,0.5,5.55,0.0,0.3,27.85,2.5
2.0,"2019-08-26 03:36:36.000000","2019-08-26 03:52:36.000000",1.0,5.24,1.0,N,234.0,166.0,2.0,17.0,0.5,0.5,0.0,0.0,0.3,20.8,2.5
1.0,"2019-08-26 08:02:29.000000","2019-08-26 08:27:39.000000",1.0,5.8,1.0,N,234.0,166.0,1.0,21.5,2.5,0.5,4.95,0.0,0.3,29.75,2.5
1.0,"2019-08-26 14:38:53.000000","2019-08-26 15:13:19.000000",1.0,6.6,1.0,N,234.0,166.0,1.0,26.5,2.5,0.5,5.96,0.0,0.3,35.76,2.5
1.0,"2019-08-26 14:54:02.000000","2019-08-26 15:27:33.000000",1.0,5.5,1.0,N,234.0,166.0,1.0,24.5,2.5,0.5,2.5,0.0,0.3,30.3,2.5
2.0,"2019-08-26 15:18:10.000000","2019-08-26 15:41:21.000000",2.0,5.69,1.0,N,234.0,166.0,1.0,21.0,0.0,0.5,1.0,0.0,0.3,25.3,2.5
2.0,"2019-08-26 16:17:42.000000","2019-08-26 16:42:32.000000",5.0,6.7,1.0,N,234.0,166.0,1.0,23.5,1.0,0.5,5.56,0.0,0.3,33.36,2.5
2.0,"2019-08-26 17:54:51.000000","2019-08-26 18:17:33.000000",2.0,6.54,1.0,N,234.0,166.0,2.0,22.5,1.0,0.5,0.0,0.0,0.3,26.8,2.5
2.0,"2019-08-26 17:15:04.000000","2019-08-26 17:35:09.000000",1.0,6.03,1.0,N,234.0,166.0,2.0,21.0,1.0,0.5,0.0,0.0,0.3,25.3,2.5
2.0,"2019-08-26 19:30:12.000000","2019-08-26 19:57:36.000000",5.0,5.5,1.0,N,234.0,166.0,1.0,21.0,1.0,0.5,5.06,0.0,0.3,30.36,2.5
1.0,"2019-08-26 20:58:45.000000","2019-08-26 21:18:40.000000",1.0,7.0,1.0,N,234.0,166.0,1.0,23.0,3.0,0.5,5.35,0.0,0.3,32.15,2.5
2.0,"2019-08-26 21:12:17.000000","2019-08-26 21:40:04.000000",1.0,5.39,1.0,N,234.0,166.0,1.0,22.0,0.5,0.5,5.16,0.0,0.3,30.96,2.5
2.0,"2019-08-26 22:02:44.000000","2019-08-26 22:20:08.000000",1.0,6.74,1.0,N,234.0,166.0,1.0,20.5,0.5,0.5,4.86,0.0,0.3,29.16,2.5
1.0,"2019-08-26 22:25:01.000000","2019-08-26 22:49:18.000000",1.0,5.4,1.0,N,234.0,166.0,1.0,20.5,3.0,0.5,3.65,0.0,0.3,27.95,2.5
2.0,"2019-08-26 23:57:37.000000","2019-08-27 00:24:46.000000",2.0,7.64,1.0,N,234.0,166.0,1.0,26.5,0.5,0.5,6.06,0.0,0.3,36.36,2.5
2.0,"2019-08-27 00:27:38.000000","2019-08-27 00:50:11.000000",1.0,6.93,1.0,N,234.0,166.0,1.0,22.0,0.5,0.5,3.5,0.0,0.3,29.3,2.5
1.0,"2019-08-27 16:53:56.000000","2019-08-27 17:28:44.000000",1.0,5.4,1.0,N,234.0,166.0,1.0,25.0,3.5,0.5,4.0,0.0,0.3,33.3,2.5
1.0,"2019-08-27 20:13:21.000000","2019-08-27 20:36:30.000000",1.0,6.6,1.0,N,234.0,166.0,1.0,23.5,3.0,0.5,5.45,0.0,0.3,32.75,2.5
2.0,"2019-08-27 20:59:21.000000","2019-08-27 21:21:37.000000",5.0,6.02,1.0,N,234.0,166.0,1.0,21.5,0.5,0.5,2.0,0.0,0.3,27.3,2.5
1.0,"2019-08-27 22:08:23.000000","2019-08-27 22:39:08.000000",1.0,7.7,1.0,N,234.0,166.0,1.0,27.5,3.0,0.5,4.7,0.0,0.3,36.0,2.5
1.0,"2019-08-27 22:44:32.000000","2019-08-27 23:08:25.000000",1.0,5.9,1.0,N,234.0,166.0,1.0,20.5,3.0,0.5,3.65,0.0,0.3,27.95,2.5
2.0,"2019-08-28 00:54:55.000000","2019-08-28 01:12:55.000000",5.0,6.83,1.0,N,234.0,166.0,1.0,21.5,0.5,0.5,5.06,0.0,0.3,30.36,2.5
1.0,"2019-08-28 00:16:24.000000","2019-08-28 00:39:55.000000",2.0,7.6,1.0,N,234.0,166.0,1.0,24.5,3.0,0.5,0.02,0.0,0.3,28.32,2.5
1.0,"2019-08-28 01:13:43.000000","2019-08-28 01:32:29.000000",1.0,5.9,1.0,N,234.0,166.0,1.0,19.5,3.0,0.5,4.65,0.0,0.3,27.95,2.5
1.0,"2019-08-28 04:17:09.000000","2019-08-28 04:31:42.000000",1.0,5.0,1.0,N,234.0,166.0,2.0,16.5,3.0,0.5,0.0,0.0,0.3,20.3,2.5
1.0,"2019-08-28 09:58:03.000000","2019-08-28 10:37:27.000000",1.0,5.8,1.0,N,234.0,166.0,1.0,26.5,2.5,0.5,5.95,0.0,0.3,35.75,2.5
2.0,"2019-08-28 10:56:00.000000","2019-08-28 11:21:35.000000",1.0,7.81,1.0,N,234.0,166.0,1.0,26.0,0.0,0.5,5.86,0.0,0.3,35.16,2.5
1.0,"2019-08-28 16:12:59.000000","2019-08-28 16:49:42.000000",1.0,6.6,1.0,N,234.0,166.0,1.0,26.5,3.5,0.5,7.7,0.0,0.3,38.5,2.5
1.0,"2019-08-28 18:16:57.000000","2019-08-28 18:42:04.000000",3.0,5.8,1.0,N,234.0,166.0,1.0,21.0,3.5,0.5,7.55,0.0,0.3,32.85,2.5
2.0,"2019-08-28 18:05:41.000000","2019-08-28 18:29:31.000000",1.0,7.29,1.0,N,234.0,166.0,2.0,24.0,1.0,0.5,0.0,0.0,0.3,28.3,2.5
2.0,"2019-08-28 18:04:17.000000","2019-08-28 18:28:38.000000",1.0,6.58,1.0,N,234.0,166.0,1.0,23.0,1.0,0.5,5.46,0.0,0.3,32.76,2.5
1.0,"2019-08-28 19:32:53.000000","2019-08-28 19:53:09.000000",1.0,7.0,1.0,N,234.0,166.0,2.0,22.5,3.5,0.5,0.0,0.0,0.3,26.8,2.5
2.0,"2019-08-28 19:07:02.000000","2019-08-28 19:32:13.000000",1.0,6.85,1.0,N,234.0,166.0,1.0,23.5,1.0,0.5,5.56,0.0,0.3,33.36,2.5
2.0,"2019-08-28 19:59:47.000000","2019-08-28 20:28:40.000000",1.0,7.53,1.0,N,234.0,166.0,1.0,27.0,0.5,0.5,7.0,0.0,0.3,37.8,2.5
1.0,"2019-08-28 20:59:50.000000","2019-08-28 21:19:14.000000",2.0,6.7,1.0,N,234.0,166.0,1.0,22.0,3.0,0.5,5.15,0.0,0.3,30.95,2.5
1.0,"2019-08-28 21:27:17.000000","2019-08-28 21:53:19.000000",1.0,4.8,1.0,N,234.0,166.0,1.0,20.0,3.0,0.5,4.76,0.0,0.3,28.56,2.5
2.0,"2019-08-28 22:30:48.000000","2019-08-28 22:47:40.000000",3.0,6.99,1.0,N,234.0,166.0,1.0,21.5,0.5,0.5,5.06,0.0,0.3,30.36,2.5
2.0,"2019-08-28 22:19:35.000000","2019-08-28 22:42:07.000000",1.0,5.57,1.0,N,234.0,166.0,1.0,19.5,0.5,0.5,4.66,0.0,0.3,27.96,2.5
2.0,"2019-08-28 23:18:15.000000","2019-08-28 23:40:36.000000",1.0,7.07,1.0,N,234.0,166.0,1.0,23.0,0.5,0.5,5.36,0.0,0.3,32.16,2.5
2.0,"2019-08-29 09:46:30.000000","2019-08-29 10:18:36.000000",1.0,6.41,1.0,N,234.0,166.0,1.0,26.0,0.0,0.5,5.86,0.0,0.3,35.16,2.5
1.0,"2019-08-29 12:24:25.000000","2019-08-29 13:00:57.000000",2.0,6.4,1.0,N,234.0,166.0,1.0,28.0,2.5,0.5,7.8,0.0,0.3,39.1,2.5
1.0,"2019-08-29 13:55:43.000000","2019-08-29 14:21:40.000000",2.0,5.8,1.0,Y,234.0,166.0,2.0,23.0,2.5,0.5,0.0,0.0,0.3,26.3,2.5
1.0,"2019-08-29 19:01:24.000000","2019-08-29 19:27:45.000000",1.0,7.2,1.0,N,234.0,166.0,1.0,23.5,3.5,0.5,1.5,0.0,0.3,29.3,2.5
2.0,"2019-08-29 20:46:43.000000","2019-08-29 21:14:24.000000",1.0,5.78,1.0,N,234.0,166.0,1.0,22.0,0.5,0.5,4.0,0.0,0.3,29.8,2.5
2.0,"2019-08-29 21:33:39.000000","2019-08-29 22:02:18.000000",1.0,5.78,1.0,N,234.0,166.0,1.0,22.0,0.5,0.5,5.16,0.0,0.3,30.96,2.5
1.0,"2019-08-29 21:11:58.000000","2019-08-29 21:41:42.000000",3.0,7.4,1.0,N,234.0,166.0,1.0,27.5,3.0,0.5,6.25,0.0,0.3,37.55,2.5
1.0,"2019-08-29 22:42:56.000000","2019-08-29 23:08:09.000000",1.0,8.3,1.0,N,234.0,166.0,1.0,27.5,3.0,0.5,1.0,0.0,0.3,32.3,2.5
1.0,"2019-08-29 22:53:44.000000","2019-08-29 23:14:01.000000",1.0,6.8,1.0,N,234.0,166.0,1.0,22.5,3.0,0.5,5.25,0.0,0.3,31.55,2.5
2.0,"2019-08-29 22:35:16.000000","2019-08-29 23:03:58.000000",1.0,5.98,1.0,N,234.0,166.0,1.0,23.0,0.5,0.5,6.7,0.0,0.3,33.5,2.5
2.0,"2019-08-29 22:53:34.000000","2019-08-29 23:16:30.000000",1.0,5.97,1.0,N,234.0,166.0,1.0,20.5,0.5,0.5,2.0,0.0,0.3,26.3,2.5
1.0,"2019-08-30 03:52:00.000000","2019-08-30 04:10:58.000000",1.0,6.0,1.0,N,234.0,166.0,4.0,20.0,3.0,0.5,0.0,0.0,0.3,23.8,2.5
1.0,"2019-08-30 15:36:19.000000","2019-08-30 16:08:50.000000",1.0,5.5,1.0,N,234.0,166.0,2.0,24.0,2.5,0.5,0.0,0.0,0.3,27.3,2.5
2.0,"2019-08-30 15:32:29.000000","2019-08-30 16:01:05.000000",2.0,5.75,1.0,N,234.0,166.0,1.0,22.0,0.0,0.5,4.0,0.0,0.3,29.3,2.5
2.0,"2019-08-30 19:54:43.000000","2019-08-30 20:16:13.000000",2.0,5.56,1.0,N,234.0,166.0,2.0,19.0,1.0,0.5,0.0,0.0,0.3,23.3,2.5
2.0,"2019-08-30 20:36:34.000000","2019-08-30 21:16:02.000000",1.0,7.32,1.0,N,234.0,166.0,1.0,29.0,0.5,0.5,8.2,0.0,0.3,41.0,2.5
2.0,"2019-08-30 19:32:01.000000","2019-08-30 19:56:41.000000",1.0,5.68,1.0,N,234.0,166.0,1.0,20.5,0.5,0.5,2.0,0.0,0.3,26.3,2.5
2.0,"2019-08-31 11:04:13.000000","2019-08-31 11:24:05.000000",5.0,5.2,1.0,N,234.0,166.0,1.0,18.5,0.0,0.5,4.36,0.0,0.3,26.16,2.5
2.0,"2019-08-31 10:25:04.000000","2019-08-31 10:50:01.000000",1.0,5.89,1.0,N,234.0,166.0,1.0,21.5,0.0,0.5,2.5,0.0,0.3,27.3,2.5
2.0,"2019-08-31 12:13:47.000000","2019-08-31 12:37:22.000000",1.0,7.56,1.0,N,234.0,166.0,1.0,24.0,0.0,0.5,5.46,0.0,0.3,32.76,2.5
2.0,"2019-08-31 13:56:39.000000","2019-08-31 14:17:22.000000",2.0,5.8,1.0,N,234.0,166.0,2.0,20.0,0.0,0.5,0.0,0.0,0.3,23.3,2.5
1.0,"2019-08-31 13:39:53.000000","2019-08-31 14:09:35.000000",1.0,6.2,1.0,N,234.0,166.0,1.0,23.5,2.5,0.5,5.35,0.0,0.3,32.15,2.5
2.0,"2019-08-31 17:35:41.000000","2019-08-31 18:07:02.000000",1.0,7.84,1.0,Y,234.0,166.0,1.0,28.5,0.0,0.5,9.54,0.0,0.3,41.34,2.5
1.0,"2019-08-31 18:53:40.000000","2019-08-31 19:21:53.000000",2.0,7.2,1.0,N,234.0,166.0,1.0,25.5,2.5,0.5,5.75,0.0,0.3,34.55,2.5
2.0,"2019-08-31 23:57:25.000000","2019-09-01 00:21:09.000000",1.0,6.16,1.0,N,234.0,166.0,1.0,21.0,0.5,0.5,4.96,0.0,0.3,29.76,2.5
