1.0,"2019-08-01 00:23:13.000000","2019-08-01 00:49:41.000000",1.0,12.0,1.0,N,234.0,169.0,2.0,35.0,3.0,0.5,0.0,0.0,0.3,38.8,2.5
2.0,"2019-08-01 21:11:05.000000","2019-08-01 21:46:27.000000",1.0,10.9,1.0,N,234.0,169.0,1.0,35.5,0.5,0.5,7.86,0.0,0.3,47.16,2.5
2.0,"2019-08-01 21:31:33.000000","2019-08-01 22:08:27.000000",2.0,11.05,1.0,N,234.0,169.0,1.0,35.5,0.5,0.5,4.0,0.0,0.3,43.3,2.5
1.0,"2019-08-09 16:39:29.000000","2019-08-09 17:54:56.000000",1.0,12.2,1.0,N,234.0,169.0,1.0,49.5,3.5,0.5,10.75,0.0,0.3,64.55,2.5
2.0,"2019-08-10 22:12:02.000000","2019-08-10 23:22:43.000000",1.0,13.93,1.0,N,234.0,169.0,1.0,52.5,0.5,0.5,0.0,0.0,0.3,56.3,2.5
1.0,"2019-08-16 21:48:05.000000","2019-08-16 22:18:17.000000",1.0,10.6,1.0,N,234.0,169.0,2.0,32.5,3.0,0.5,0.0,0.0,0.3,36.3,2.5
2.0,"2019-08-16 21:32:10.000000","2019-08-16 22:09:02.000000",1.0,10.89,1.0,N,234.0,169.0,1.0,35.0,0.5,0.5,3.0,0.0,0.3,41.8,2.5
2.0,"2019-08-17 02:07:24.000000","2019-08-17 02:31:15.000000",4.0,12.05,1.0,N,234.0,169.0,1.0,34.0,0.5,0.5,5.0,0.0,0.3,42.8,2.5
1.0,"2019-08-23 21:07:08.000000","2019-08-23 21:37:57.000000",1.0,10.7,1.0,N,234.0,169.0,1.0,32.5,3.0,0.5,5.0,0.0,0.3,41.3,2.5
,"2019-08-30 15:32:00.000000","2019-08-30 16:34:00.000000",,9.69,,,234.0,169.0,,37.99,2.75,0.5,0.0,0.0,0.3,41.54,0.0
