1.0,"2019-08-01 02:04:09.000000","2019-08-01 02:32:03.000000",1.0,7.9,1.0,N,234.0,177.0,1.0,26.5,3.0,0.5,0.01,0.0,0.3,30.31,2.5
2.0,"2019-08-03 04:11:14.000000","2019-08-03 04:46:51.000000",1.0,8.99,1.0,N,234.0,177.0,1.0,31.0,0.5,0.5,3.0,0.0,0.3,37.8,2.5
2.0,"2019-08-06 23:39:16.000000","2019-08-07 00:19:03.000000",4.0,8.87,1.0,N,234.0,177.0,1.0,32.0,0.5,0.5,8.95,0.0,0.3,44.75,2.5
2.0,"2019-08-08 22:40:29.000000","2019-08-08 23:22:11.000000",4.0,8.57,1.0,N,234.0,177.0,1.0,32.5,0.5,0.5,7.26,0.0,0.3,43.56,2.5
2.0,"2019-08-09 14:31:22.000000","2019-08-09 15:16:36.000000",1.0,8.25,1.0,N,234.0,177.0,1.0,32.5,0.0,0.5,0.0,0.0,0.3,35.8,2.5
2.0,"2019-08-17 02:20:06.000000","2019-08-17 02:52:53.000000",1.0,8.27,1.0,N,234.0,177.0,1.0,28.5,0.5,0.5,2.0,0.0,0.3,34.3,2.5
2.0,"2019-08-17 03:13:57.000000","2019-08-17 03:45:38.000000",5.0,7.13,1.0,N,234.0,177.0,2.0,25.5,0.5,0.5,0.0,0.0,0.3,29.3,2.5
2.0,"2019-08-17 22:32:47.000000","2019-08-17 23:10:46.000000",1.0,6.67,1.0,N,234.0,177.0,1.0,28.0,0.5,0.5,6.36,0.0,0.3,38.16,2.5
2.0,"2019-08-18 01:30:46.000000","2019-08-18 02:00:46.000000",1.0,7.59,1.0,N,234.0,177.0,2.0,26.5,0.5,0.5,0.0,0.0,0.3,30.3,2.5
2.0,"2019-08-20 20:07:44.000000","2019-08-20 20:49:01.000000",1.0,8.01,1.0,N,234.0,177.0,1.0,31.5,0.5,0.5,8.82,0.0,0.3,44.12,2.5
1.0,"2019-08-21 18:51:09.000000","2019-08-21 19:34:35.000000",1.0,0.0,1.0,N,234.0,177.0,1.0,26.2,0.0,0.5,0.0,0.0,0.3,27.0,0.0
2.0,"2019-08-24 19:47:43.000000","2019-08-24 20:35:50.000000",1.0,7.42,1.0,N,234.0,177.0,1.0,32.5,0.0,0.5,7.16,0.0,0.3,42.96,2.5
1.0,"2019-08-27 20:14:27.000000","2019-08-27 21:00:19.000000",1.0,0.0,1.0,N,234.0,177.0,1.0,26.2,0.0,0.5,0.0,0.0,0.3,27.0,0.0
2.0,"2019-08-27 20:09:28.000000","2019-08-27 20:56:55.000000",1.0,8.2,1.0,N,234.0,177.0,1.0,34.0,0.5,0.5,7.56,0.0,0.3,45.36,2.5
2.0,"2019-08-31 01:59:58.000000","2019-08-31 02:35:11.000000",1.0,7.46,1.0,N,234.0,177.0,1.0,28.0,0.5,0.5,1.0,0.0,0.3,32.8,2.5
,"2019-08-13 18:48:00.000000","2019-08-13 19:36:00.000000",,9.04,,,234.0,177.0,,61.85,2.75,0.5,0.0,0.0,0.3,65.4,0.0
,"2019-08-21 19:13:42.000000","2019-08-21 19:50:09.000000",,7.71,,,234.0,177.0,,28.26,2.75,0.0,0.0,0.0,0.3,31.31,0.0
,"2019-08-27 19:08:00.000000","2019-08-27 19:49:00.000000",,8.4,,,234.0,177.0,,64.55,2.75,0.5,0.0,0.0,0.3,68.1,0.0
