2.0,"2019-08-01 03:49:31.000000","2019-08-01 04:05:29.000000",4.0,5.8,1.0,N,234.0,179.0,1.0,19.0,0.5,0.5,2.5,0.0,0.3,25.3,2.5
1.0,"2019-08-01 22:12:44.000000","2019-08-01 22:32:22.000000",1.0,5.0,1.0,N,234.0,179.0,1.0,18.0,3.0,0.5,3.5,0.0,0.3,25.3,2.5
2.0,"2019-08-01 22:07:31.000000","2019-08-01 22:33:30.000000",1.0,5.24,1.0,N,234.0,179.0,1.0,21.0,0.5,0.5,2.0,0.0,0.3,26.8,2.5
2.0,"2019-08-01 22:59:16.000000","2019-08-01 23:27:11.000000",1.0,5.65,1.0,N,234.0,179.0,1.0,21.5,0.5,0.5,5.06,0.0,0.3,30.36,2.5
2.0,"2019-08-01 23:19:00.000000","2019-08-01 23:51:33.000000",1.0,5.95,1.0,N,234.0,179.0,2.0,24.5,0.5,0.5,0.0,0.0,0.3,28.3,2.5
2.0,"2019-08-02 00:24:10.000000","2019-08-02 00:50:12.000000",1.0,6.63,1.0,N,234.0,179.0,1.0,22.5,0.5,0.5,5.26,0.0,0.3,31.56,2.5
2.0,"2019-08-02 18:59:40.000000","2019-08-02 19:24:09.000000",1.0,5.29,1.0,N,234.0,179.0,1.0,20.0,1.0,0.5,4.86,0.0,0.3,29.16,2.5
2.0,"2019-08-03 02:13:31.000000","2019-08-03 02:34:01.000000",1.0,5.6,1.0,N,234.0,179.0,1.0,19.5,0.5,0.5,4.66,0.0,0.3,27.96,2.5
2.0,"2019-08-03 02:55:03.000000","2019-08-03 03:09:56.000000",1.0,5.17,1.0,N,234.0,179.0,1.0,17.0,0.5,0.5,4.16,0.0,0.3,24.96,2.5
2.0,"2019-08-03 12:52:09.000000","2019-08-03 13:20:19.000000",3.0,5.5,1.0,N,234.0,179.0,1.0,22.5,0.0,0.5,6.45,0.0,0.3,32.25,2.5
2.0,"2019-08-03 15:41:54.000000","2019-08-03 16:14:57.000000",1.0,6.83,1.0,N,234.0,179.0,1.0,26.5,0.0,0.5,5.96,0.0,0.3,35.76,2.5
2.0,"2019-08-03 23:43:10.000000","2019-08-04 00:08:04.000000",5.0,5.7,1.0,N,234.0,179.0,2.0,21.0,0.5,0.5,0.0,0.0,0.3,24.8,2.5
2.0,"2019-08-04 00:29:27.000000","2019-08-04 00:55:46.000000",1.0,6.33,1.0,N,234.0,179.0,2.0,22.5,0.5,0.5,0.0,0.0,0.3,26.3,2.5
2.0,"2019-08-04 01:40:11.000000","2019-08-04 01:59:26.000000",1.0,5.66,1.0,N,234.0,179.0,2.0,19.0,0.5,0.5,0.0,0.0,0.3,22.8,2.5
2.0,"2019-08-04 01:45:19.000000","2019-08-04 02:11:25.000000",1.0,6.67,1.0,N,234.0,179.0,2.0,23.5,0.5,0.5,0.0,0.0,0.3,27.3,2.5
2.0,"2019-08-04 21:36:25.000000","2019-08-04 22:09:03.000000",1.0,6.28,1.0,N,234.0,179.0,2.0,25.0,0.5,0.5,0.0,0.0,0.3,28.8,2.5
2.0,"2019-08-04 23:09:26.000000","2019-08-04 23:34:38.000000",1.0,5.86,1.0,N,234.0,179.0,1.0,22.5,0.5,0.5,5.26,0.0,0.3,31.56,2.5
1.0,"2019-08-05 17:24:51.000000","2019-08-05 17:54:44.000000",1.0,5.7,1.0,N,234.0,179.0,1.0,22.5,3.5,0.5,2.0,0.0,0.3,28.8,2.5
1.0,"2019-08-05 19:13:38.000000","2019-08-05 19:37:11.000000",2.0,5.4,1.0,N,234.0,179.0,1.0,20.0,3.5,0.5,6.05,0.0,0.3,30.35,2.5
1.0,"2019-08-05 23:44:00.000000","2019-08-06 00:05:42.000000",1.0,5.6,1.0,N,234.0,179.0,1.0,19.5,3.0,0.5,4.65,0.0,0.3,27.95,2.5
2.0,"2019-08-06 01:51:46.000000","2019-08-06 02:06:48.000000",1.0,5.46,1.0,N,234.0,179.0,1.0,17.5,0.5,0.5,4.26,0.0,0.3,25.56,2.5
1.0,"2019-08-06 19:53:08.000000","2019-08-06 20:14:04.000000",3.0,5.2,1.0,N,234.0,179.0,1.0,19.0,3.5,0.5,4.65,0.0,0.3,27.95,2.5
1.0,"2019-08-06 20:11:48.000000","2019-08-06 20:38:22.000000",1.0,5.6,1.0,N,234.0,179.0,1.0,21.5,3.0,0.5,2.85,0.0,0.3,28.15,2.5
2.0,"2019-08-06 21:15:06.000000","2019-08-06 21:42:03.000000",1.0,5.69,1.0,N,234.0,179.0,1.0,21.5,0.5,0.5,2.0,0.0,0.3,27.3,2.5
1.0,"2019-08-06 22:24:20.000000","2019-08-06 22:46:47.000000",2.0,5.3,1.0,N,234.0,179.0,1.0,19.0,3.0,0.5,4.55,0.0,0.3,27.35,2.5
1.0,"2019-08-07 00:14:17.000000","2019-08-07 00:36:45.000000",1.0,5.7,1.0,N,234.0,179.0,1.0,20.5,3.0,0.5,1.2,0.0,0.3,25.5,2.5
1.0,"2019-08-07 11:02:46.000000","2019-08-07 11:29:19.000000",2.0,5.4,1.0,N,234.0,179.0,2.0,21.0,2.5,0.5,0.0,0.0,0.3,24.3,2.5
2.0,"2019-08-07 22:30:30.000000","2019-08-07 22:55:59.000000",5.0,5.58,1.0,N,234.0,179.0,2.0,21.0,0.5,0.5,0.0,0.0,0.3,24.8,2.5
1.0,"2019-08-08 00:22:20.000000","2019-08-08 00:40:33.000000",1.0,5.0,1.0,N,234.0,179.0,1.0,18.0,3.0,0.5,5.0,0.0,0.3,26.8,2.5
1.0,"2019-08-08 19:45:13.000000","2019-08-08 20:10:13.000000",1.0,5.6,1.0,N,234.0,179.0,1.0,20.5,3.5,0.5,4.4,0.0,0.3,29.2,2.5
2.0,"2019-08-08 19:15:40.000000","2019-08-08 19:49:01.000000",1.0,5.83,1.0,N,234.0,179.0,1.0,25.0,1.0,0.5,7.32,0.0,0.3,36.62,2.5
2.0,"2019-08-08 20:29:18.000000","2019-08-08 20:56:50.000000",1.0,5.61,1.0,N,234.0,179.0,1.0,21.5,0.5,0.5,5.06,0.0,0.3,30.36,2.5
2.0,"2019-08-08 23:20:29.000000","2019-08-08 23:52:36.000000",1.0,7.87,1.0,N,234.0,179.0,2.0,27.5,0.5,0.5,0.0,0.0,0.3,31.3,2.5
2.0,"2019-08-09 01:10:42.000000","2019-08-09 01:43:09.000000",1.0,5.77,1.0,N,234.0,179.0,2.0,24.5,0.5,0.5,0.0,0.0,0.3,28.3,2.5
2.0,"2019-08-09 02:02:03.000000","2019-08-09 02:19:39.000000",1.0,5.42,1.0,N,234.0,179.0,1.0,18.0,0.5,0.5,4.36,0.0,0.3,26.16,2.5
1.0,"2019-08-09 14:25:01.000000","2019-08-09 14:54:07.000000",1.0,6.2,1.0,N,234.0,179.0,1.0,23.5,0.0,0.5,0.0,0.0,0.3,24.3,0.0
2.0,"2019-08-09 18:22:59.000000","2019-08-09 18:50:31.000000",1.0,5.31,1.0,N,234.0,179.0,1.0,21.5,1.0,0.5,6.45,0.0,0.3,32.25,2.5
2.0,"2019-08-09 19:56:18.000000","2019-08-09 20:23:40.000000",5.0,5.57,1.0,N,234.0,179.0,1.0,22.0,1.0,0.5,7.89,0.0,0.3,34.19,2.5
2.0,"2019-08-10 00:10:39.000000","2019-08-10 00:34:50.000000",4.0,5.68,1.0,N,234.0,179.0,1.0,20.5,0.5,0.5,7.29,0.0,0.3,31.59,2.5
2.0,"2019-08-10 03:50:41.000000","2019-08-10 04:10:05.000000",2.0,5.48,1.0,N,234.0,179.0,1.0,19.0,0.5,0.5,4.56,0.0,0.3,27.36,2.5
2.0,"2019-08-10 11:29:19.000000","2019-08-10 11:56:44.000000",1.0,6.27,1.0,N,234.0,179.0,1.0,23.0,0.0,0.5,5.26,0.0,0.3,31.56,2.5
1.0,"2019-08-10 15:53:55.000000","2019-08-10 16:21:48.000000",1.0,6.2,1.0,N,234.0,179.0,1.0,23.5,2.5,0.5,6.7,0.0,0.3,33.5,2.5
2.0,"2019-08-10 17:59:18.000000","2019-08-10 18:22:30.000000",4.0,5.44,1.0,N,234.0,179.0,1.0,20.0,0.0,0.5,4.66,0.0,0.3,27.96,2.5
2.0,"2019-08-10 22:10:09.000000","2019-08-10 22:36:11.000000",1.0,6.23,1.0,N,234.0,179.0,2.0,23.0,0.5,0.5,0.0,0.0,0.3,26.8,2.5
2.0,"2019-08-11 03:24:23.000000","2019-08-11 03:42:33.000000",1.0,5.57,1.0,N,234.0,179.0,2.0,18.0,0.5,0.5,0.0,0.0,0.3,21.8,2.5
1.0,"2019-08-11 03:10:36.000000","2019-08-11 03:27:42.000000",1.0,5.9,1.0,N,234.0,179.0,2.0,18.5,3.0,0.5,0.0,0.0,0.3,22.3,2.5
2.0,"2019-08-13 19:23:59.000000","2019-08-13 19:49:13.000000",1.0,5.94,1.0,N,234.0,179.0,1.0,22.0,1.0,0.5,5.26,0.0,0.3,31.56,2.5
1.0,"2019-08-13 22:10:27.000000","2019-08-13 22:34:18.000000",1.0,5.8,1.0,N,234.0,179.0,1.0,21.0,3.0,0.5,2.0,0.0,0.3,26.8,2.5
1.0,"2019-08-13 22:02:04.000000","2019-08-13 22:26:26.000000",1.0,5.6,1.0,N,234.0,179.0,1.0,20.5,3.0,0.5,2.75,0.0,0.3,27.05,2.5
2.0,"2019-08-13 23:51:00.000000","2019-08-14 00:13:49.000000",2.0,6.13,1.0,N,234.0,179.0,1.0,20.5,0.5,0.5,4.86,0.0,0.3,29.16,2.5
2.0,"2019-08-14 21:44:52.000000","2019-08-14 22:07:38.000000",6.0,5.55,1.0,N,234.0,179.0,1.0,20.5,0.5,0.5,4.86,0.0,0.3,29.16,2.5
1.0,"2019-08-14 22:37:24.000000","2019-08-14 23:01:54.000000",1.0,5.6,1.0,N,234.0,179.0,1.0,21.0,3.0,0.5,3.0,0.0,0.3,27.8,2.5
1.0,"2019-08-14 22:59:52.000000","2019-08-14 23:24:23.000000",1.0,5.7,1.0,N,234.0,179.0,2.0,21.5,3.0,0.5,0.0,0.0,0.3,25.3,2.5
2.0,"2019-08-14 22:33:12.000000","2019-08-14 23:02:35.000000",3.0,6.43,1.0,N,234.0,179.0,1.0,24.0,0.5,0.5,8.34,0.0,0.3,36.14,2.5
1.0,"2019-08-15 18:12:16.000000","2019-08-15 18:43:04.000000",1.0,5.9,1.0,Y,234.0,179.0,1.0,23.0,3.5,0.5,5.45,0.0,0.3,32.75,2.5
1.0,"2019-08-15 19:20:56.000000","2019-08-15 19:49:07.000000",2.0,5.8,1.0,N,234.0,179.0,2.0,22.0,3.5,0.5,0.0,0.0,0.3,26.3,2.5
1.0,"2019-08-15 20:39:17.000000","2019-08-15 21:07:16.000000",0.0,6.2,1.0,N,234.0,179.0,1.0,23.5,3.0,0.5,5.45,0.0,0.3,32.75,2.5
2.0,"2019-08-15 20:09:58.000000","2019-08-15 20:42:06.000000",1.0,5.74,1.0,N,234.0,179.0,1.0,24.0,0.5,0.5,2.75,0.0,0.3,30.55,2.5
2.0,"2019-08-15 22:43:12.000000","2019-08-15 23:06:38.000000",2.0,5.28,1.0,N,234.0,179.0,1.0,20.5,0.5,0.5,2.43,0.0,0.3,26.73,2.5
2.0,"2019-08-15 23:48:56.000000","2019-08-16 00:12:09.000000",1.0,9.33,1.0,N,234.0,179.0,1.0,28.0,0.5,0.5,7.58,6.12,0.3,45.5,2.5
2.0,"2019-08-16 03:01:52.000000","2019-08-16 03:18:17.000000",2.0,5.58,1.0,N,234.0,179.0,1.0,18.0,0.5,0.5,4.36,0.0,0.3,26.16,2.5
2.0,"2019-08-16 20:27:11.000000","2019-08-16 20:54:13.000000",1.0,5.9,1.0,N,234.0,179.0,1.0,22.0,0.5,0.5,5.16,0.0,0.3,30.96,2.5
2.0,"2019-08-16 21:47:28.000000","2019-08-16 22:12:36.000000",2.0,5.53,1.0,N,234.0,179.0,1.0,21.0,0.5,0.5,6.2,0.0,0.3,31.0,2.5
1.0,"2019-08-16 21:39:21.000000","2019-08-16 22:00:40.000000",1.0,5.4,1.0,N,234.0,179.0,1.0,19.0,3.0,0.5,0.0,0.0,0.3,22.8,2.5
2.0,"2019-08-17 00:53:56.000000","2019-08-17 01:14:27.000000",2.0,5.87,1.0,N,234.0,179.0,1.0,19.5,0.5,0.5,3.5,0.0,0.3,26.8,2.5
1.0,"2019-08-17 03:09:59.000000","2019-08-17 03:26:19.000000",1.0,5.2,1.0,N,234.0,179.0,1.0,17.5,3.0,0.5,4.25,0.0,0.3,25.55,2.5
1.0,"2019-08-17 04:01:06.000000","2019-08-17 04:26:14.000000",1.0,6.3,1.0,N,234.0,179.0,1.0,22.5,3.0,0.5,7.85,0.0,0.3,34.15,2.5
1.0,"2019-08-17 21:57:22.000000","2019-08-17 22:17:14.000000",3.0,5.7,1.0,N,234.0,179.0,2.0,18.5,3.0,0.5,0.0,0.0,0.3,22.3,2.5
2.0,"2019-08-18 01:28:31.000000","2019-08-18 01:46:39.000000",3.0,5.49,1.0,N,234.0,179.0,1.0,18.5,0.5,0.5,4.46,0.0,0.3,26.76,2.5
2.0,"2019-08-18 02:19:30.000000","2019-08-18 02:36:47.000000",1.0,5.27,1.0,N,234.0,179.0,2.0,17.5,0.5,0.5,0.0,0.0,0.3,21.3,2.5
2.0,"2019-08-18 22:40:18.000000","2019-08-18 23:05:02.000000",1.0,5.93,1.0,N,234.0,179.0,1.0,22.0,0.5,0.5,5.16,0.0,0.3,30.96,2.5
2.0,"2019-08-19 03:53:00.000000","2019-08-19 04:19:17.000000",1.0,7.46,1.0,N,234.0,179.0,2.0,25.0,0.5,0.5,0.0,0.0,0.3,28.8,2.5
2.0,"2019-08-19 03:21:32.000000","2019-08-19 03:40:25.000000",3.0,6.22,1.0,N,234.0,179.0,1.0,20.0,0.5,0.5,4.76,0.0,0.3,28.56,2.5
1.0,"2019-08-19 18:12:38.000000","2019-08-19 18:42:19.000000",1.0,5.8,1.0,N,234.0,179.0,1.0,23.5,3.5,0.5,5.55,0.0,0.3,33.35,2.5
2.0,"2019-08-20 20:57:03.000000","2019-08-20 21:18:00.000000",1.0,5.67,1.0,N,234.0,179.0,1.0,19.5,0.5,0.5,4.66,0.0,0.3,27.96,2.5
1.0,"2019-08-21 04:28:23.000000","2019-08-21 04:50:31.000000",2.0,6.9,1.0,N,234.0,179.0,2.0,22.5,3.0,0.5,0.0,0.0,0.3,26.3,2.5
2.0,"2019-08-21 18:36:27.000000","2019-08-21 18:59:03.000000",1.0,9.12,1.0,N,234.0,179.0,1.0,27.5,1.0,0.5,11.38,6.12,0.3,49.3,2.5
1.0,"2019-08-22 01:29:54.000000","2019-08-22 01:48:16.000000",1.0,5.4,1.0,N,234.0,179.0,2.0,18.5,3.0,0.5,0.0,0.0,0.3,22.3,2.5
2.0,"2019-08-22 01:41:13.000000","2019-08-22 01:58:27.000000",2.0,5.55,1.0,N,234.0,179.0,1.0,18.5,0.5,0.5,3.0,0.0,0.3,25.3,2.5
1.0,"2019-08-22 04:30:21.000000","2019-08-22 04:46:12.000000",1.0,5.9,1.0,N,234.0,179.0,1.0,18.5,3.0,0.5,4.45,0.0,0.3,26.75,2.5
2.0,"2019-08-22 21:05:06.000000","2019-08-22 21:34:15.000000",3.0,5.76,1.0,N,234.0,179.0,1.0,22.5,0.5,0.5,2.85,0.0,0.3,29.15,2.5
2.0,"2019-08-22 21:01:01.000000","2019-08-22 21:25:13.000000",4.0,5.58,1.0,N,234.0,179.0,2.0,20.5,0.5,0.5,0.0,0.0,0.3,24.3,2.5
2.0,"2019-08-22 21:14:07.000000","2019-08-22 21:43:57.000000",1.0,6.27,1.0,N,234.0,179.0,1.0,23.5,0.5,0.5,5.46,0.0,0.3,32.76,2.5
2.0,"2019-08-22 22:53:19.000000","2019-08-22 23:30:15.000000",4.0,6.73,1.0,N,234.0,179.0,1.0,28.5,0.5,0.5,6.46,0.0,0.3,38.76,2.5
2.0,"2019-08-22 22:40:51.000000","2019-08-22 23:21:36.000000",2.0,5.35,1.0,N,234.0,179.0,1.0,28.5,0.5,0.5,3.23,0.0,0.3,35.53,2.5
2.0,"2019-08-22 22:44:50.000000","2019-08-22 23:30:59.000000",1.0,5.83,1.0,N,234.0,179.0,1.0,31.0,0.5,0.5,6.96,0.0,0.3,41.76,2.5
2.0,"2019-08-23 00:46:56.000000","2019-08-23 01:08:31.000000",1.0,5.76,1.0,N,234.0,179.0,2.0,20.0,0.5,0.5,0.0,0.0,0.3,23.8,2.5
2.0,"2019-08-23 01:26:36.000000","2019-08-23 01:48:16.000000",2.0,6.25,1.0,N,234.0,179.0,2.0,21.0,0.5,0.5,0.0,0.0,0.3,24.8,2.5
2.0,"2019-08-23 02:16:18.000000","2019-08-23 02:43:16.000000",2.0,6.46,1.0,N,234.0,179.0,1.0,23.0,0.5,0.5,5.36,0.0,0.3,32.16,2.5
1.0,"2019-08-23 20:10:41.000000","2019-08-23 20:39:11.000000",3.0,6.8,1.0,N,234.0,179.0,2.0,24.5,3.0,0.5,0.0,0.0,0.3,28.3,2.5
1.0,"2019-08-23 23:39:25.000000","2019-08-24 00:08:17.000000",1.0,5.9,1.0,N,234.0,179.0,1.0,22.5,3.0,0.5,5.25,0.0,0.3,31.55,2.5
2.0,"2019-08-24 02:26:56.000000","2019-08-24 02:46:33.000000",2.0,6.2,1.0,N,234.0,179.0,1.0,20.0,0.5,0.5,2.8,0.0,0.3,26.6,2.5
1.0,"2019-08-26 20:49:23.000000","2019-08-26 21:10:25.000000",1.0,5.2,1.0,N,234.0,179.0,1.0,18.5,3.0,0.5,5.55,0.0,0.3,27.85,2.5
1.0,"2019-08-26 22:30:38.000000","2019-08-26 22:50:14.000000",1.0,5.2,1.0,N,234.0,179.0,1.0,18.5,3.0,0.5,2.23,0.0,0.3,24.53,2.5
2.0,"2019-08-27 18:05:47.000000","2019-08-27 18:36:06.000000",1.0,6.05,1.0,N,234.0,179.0,2.0,23.0,1.0,0.5,0.0,0.0,0.3,27.3,2.5
1.0,"2019-08-27 20:12:38.000000","2019-08-27 20:36:20.000000",1.0,5.3,1.0,N,234.0,179.0,1.0,20.5,3.0,0.5,4.85,0.0,0.3,29.15,2.5
2.0,"2019-08-27 20:09:55.000000","2019-08-27 20:30:16.000000",4.0,5.54,1.0,N,234.0,179.0,1.0,19.0,0.5,0.5,4.56,0.0,0.3,27.36,2.5
2.0,"2019-08-27 22:28:24.000000","2019-08-27 22:47:26.000000",2.0,5.74,1.0,N,234.0,179.0,1.0,18.5,0.5,0.5,6.69,0.0,0.3,28.99,2.5
1.0,"2019-08-27 22:37:24.000000","2019-08-27 23:06:37.000000",3.0,6.6,1.0,N,234.0,179.0,1.0,24.0,3.0,0.5,3.5,0.0,0.3,31.3,2.5
1.0,"2019-08-28 00:00:06.000000","2019-08-28 00:23:23.000000",1.0,6.2,1.0,N,234.0,179.0,1.0,22.0,3.0,0.5,5.15,0.0,0.3,30.95,2.5
1.0,"2019-08-28 00:32:15.000000","2019-08-28 00:53:11.000000",2.0,5.8,1.0,N,234.0,179.0,1.0,20.0,3.0,0.5,4.75,0.0,0.3,28.55,2.5
1.0,"2019-08-28 18:33:09.000000","2019-08-28 19:07:54.000000",0.0,5.5,1.0,N,234.0,179.0,1.0,24.5,1.0,0.5,0.0,0.0,0.3,26.3,0.0
2.0,"2019-08-29 00:31:23.000000","2019-08-29 00:50:31.000000",2.0,5.6,1.0,N,234.0,179.0,1.0,19.0,0.5,0.5,4.0,0.0,0.3,26.8,2.5
2.0,"2019-08-28 23:59:39.000000","2019-08-29 00:21:49.000000",1.0,6.19,1.0,N,234.0,179.0,1.0,21.0,0.5,0.5,4.96,0.0,0.3,29.76,2.5
1.0,"2019-08-29 18:18:32.000000","2019-08-29 18:51:52.000000",1.0,5.2,1.0,N,234.0,179.0,1.0,15.5,1.0,0.5,0.0,0.0,0.3,17.3,0.0
2.0,"2019-08-29 20:02:01.000000","2019-08-29 20:27:17.000000",1.0,5.69,1.0,N,234.0,179.0,1.0,21.0,1.0,0.5,5.06,0.0,0.3,30.36,2.5
2.0,"2019-08-29 20:48:03.000000","2019-08-29 21:11:11.000000",1.0,5.54,1.0,N,234.0,179.0,1.0,20.0,0.5,0.5,2.38,0.0,0.3,26.18,2.5
1.0,"2019-08-29 21:45:20.000000","2019-08-29 22:06:08.000000",1.0,5.1,1.0,N,234.0,179.0,1.0,19.0,3.0,0.5,5.0,0.0,0.3,27.8,2.5
1.0,"2019-08-30 01:25:20.000000","2019-08-30 01:45:41.000000",1.0,6.0,1.0,N,234.0,179.0,1.0,20.0,3.0,0.5,4.75,0.0,0.3,28.55,2.5
2.0,"2019-08-30 03:50:21.000000","2019-08-30 04:08:06.000000",1.0,5.55,1.0,N,234.0,179.0,1.0,19.0,0.5,0.5,2.5,0.0,0.3,25.3,2.5
2.0,"2019-08-30 09:31:46.000000","2019-08-30 10:02:24.000000",1.0,9.17,1.0,N,234.0,179.0,1.0,30.5,0.0,0.5,15.0,6.12,0.3,54.92,2.5
2.0,"2019-08-30 19:29:00.000000","2019-08-30 19:49:43.000000",1.0,4.98,1.0,N,234.0,179.0,1.0,18.0,1.0,0.5,4.46,0.0,0.3,26.76,2.5
1.0,"2019-08-30 23:18:07.000000","2019-08-30 23:52:59.000000",1.0,6.7,1.0,N,234.0,179.0,2.0,26.5,3.0,0.5,0.0,0.0,0.3,30.3,2.5
1.0,"2019-08-31 00:28:23.000000","2019-08-31 00:50:27.000000",1.0,5.5,1.0,N,234.0,179.0,3.0,19.5,3.0,0.5,0.0,0.0,0.3,23.3,2.5
1.0,"2019-08-31 04:46:39.000000","2019-08-31 05:06:56.000000",1.0,5.9,1.0,N,234.0,179.0,1.0,20.0,3.0,0.5,3.0,0.0,0.3,26.8,2.5
,"2019-08-26 18:17:00.000000","2019-08-26 18:43:00.000000",,5.59,,,234.0,179.0,,25.85,2.75,0.5,0.0,0.0,0.3,29.4,0.0
,"2019-08-27 14:52:09.000000","2019-08-27 15:24:52.000000",,6.25,,,234.0,179.0,,21.22,5.5,0.0,0.0,0.0,0.3,27.02,0.0
,"2019-08-27 18:10:00.000000","2019-08-27 18:36:00.000000",,5.68,,,234.0,179.0,,25.85,2.75,0.5,0.0,0.0,0.3,29.4,0.0
