2.0,"2019-08-01 00:39:07.000000","2019-08-01 01:06:48.000000",1.0,5.97,1.0,N,234.0,181.0,1.0,23.0,0.5,0.5,5.36,0.0,0.3,32.16,2.5
2.0,"2019-08-01 00:00:12.000000","2019-08-01 00:20:23.000000",1.0,4.65,1.0,N,234.0,181.0,1.0,17.5,0.5,0.5,4.26,0.0,0.3,25.56,2.5
2.0,"2019-08-01 01:15:20.000000","2019-08-01 01:39:28.000000",1.0,6.34,1.0,N,234.0,181.0,1.0,22.5,0.5,0.5,2.5,0.0,0.3,28.8,2.5
2.0,"2019-08-01 02:16:06.000000","2019-08-01 02:41:42.000000",1.0,5.77,1.0,N,234.0,181.0,1.0,21.5,0.5,0.5,7.59,0.0,0.3,32.89,2.5
1.0,"2019-08-01 02:34:51.000000","2019-08-01 02:56:03.000000",1.0,8.1,1.0,N,234.0,181.0,1.0,25.0,3.0,0.5,5.75,0.0,0.3,34.55,2.5
2.0,"2019-08-01 02:24:47.000000","2019-08-01 02:42:49.000000",2.0,6.3,1.0,N,234.0,181.0,1.0,20.0,0.5,0.5,2.0,0.0,0.3,25.8,2.5
2.0,"2019-08-01 11:27:15.000000","2019-08-01 12:11:36.000000",1.0,9.82,1.0,N,234.0,181.0,1.0,36.0,0.0,0.5,9.08,6.12,0.3,54.5,2.5
1.0,"2019-08-01 12:09:36.000000","2019-08-01 12:45:36.000000",1.0,8.6,1.0,N,234.0,181.0,1.0,31.0,2.5,0.5,10.25,0.0,0.3,44.55,2.5
2.0,"2019-08-01 12:31:17.000000","2019-08-01 13:05:15.000000",1.0,6.07,1.0,N,234.0,181.0,1.0,26.0,0.0,0.5,2.0,0.0,0.3,31.3,2.5
2.0,"2019-08-01 17:52:11.000000","2019-08-01 18:25:27.000000",1.0,4.98,1.0,N,234.0,181.0,1.0,22.5,1.0,0.5,0.0,0.0,0.3,24.3,0.0
1.0,"2019-08-01 18:41:14.000000","2019-08-01 19:15:27.000000",1.0,5.5,1.0,N,234.0,181.0,1.0,25.0,3.5,0.5,5.85,0.0,0.3,35.15,2.5
2.0,"2019-08-01 20:54:13.000000","2019-08-01 21:32:02.000000",2.0,6.2,1.0,N,234.0,181.0,1.0,26.5,0.5,0.5,6.06,0.0,0.3,36.36,2.5
1.0,"2019-08-01 20:36:06.000000","2019-08-01 21:19:52.000000",1.0,9.8,1.0,N,234.0,181.0,1.0,35.5,3.0,0.5,7.85,0.0,0.3,47.15,2.5
2.0,"2019-08-01 20:04:59.000000","2019-08-01 20:32:01.000000",5.0,10.73,1.0,N,234.0,181.0,1.0,32.0,0.5,0.5,10.48,6.12,0.3,52.4,2.5
2.0,"2019-08-01 21:53:48.000000","2019-08-01 22:18:15.000000",1.0,5.02,1.0,N,234.0,181.0,1.0,20.0,0.5,0.5,4.76,0.0,0.3,28.56,2.5
1.0,"2019-08-01 21:54:03.000000","2019-08-01 22:23:29.000000",1.0,6.0,1.0,N,234.0,181.0,1.0,22.5,3.0,0.5,5.25,0.0,0.3,31.55,2.5
2.0,"2019-08-01 21:06:14.000000","2019-08-01 21:36:57.000000",2.0,5.74,1.0,N,234.0,181.0,1.0,23.0,0.5,0.5,8.04,0.0,0.3,34.84,2.5
1.0,"2019-08-01 21:24:21.000000","2019-08-01 22:00:34.000000",1.0,6.2,1.0,N,234.0,181.0,1.0,26.5,3.0,0.5,6.05,0.0,0.3,36.35,2.5
2.0,"2019-08-01 22:58:58.000000","2019-08-01 23:28:09.000000",1.0,7.39,1.0,N,234.0,181.0,1.0,26.0,0.5,0.5,6.0,6.12,0.3,41.92,2.5
1.0,"2019-08-01 22:54:14.000000","2019-08-01 23:18:56.000000",2.0,5.4,1.0,N,234.0,181.0,1.0,20.5,3.0,0.5,4.85,0.0,0.3,29.15,2.5
2.0,"2019-08-01 22:49:20.000000","2019-08-01 23:24:03.000000",1.0,5.97,1.0,N,234.0,181.0,1.0,25.0,0.5,0.5,5.76,0.0,0.3,34.56,2.5
1.0,"2019-08-01 23:46:40.000000","2019-08-02 00:09:00.000000",1.0,5.5,1.0,N,234.0,181.0,2.0,19.5,3.0,0.5,0.0,0.0,0.3,23.3,2.5
2.0,"2019-08-01 23:05:46.000000","2019-08-01 23:34:09.000000",1.0,5.73,1.0,N,234.0,181.0,1.0,22.0,0.5,0.5,5.16,0.0,0.3,30.96,2.5
1.0,"2019-08-01 23:09:48.000000","2019-08-01 23:43:12.000000",1.0,6.1,1.0,N,234.0,181.0,1.0,25.5,3.0,0.5,5.85,0.0,0.3,35.15,2.5
2.0,"2019-08-02 00:58:44.000000","2019-08-02 01:13:39.000000",1.0,4.92,1.0,N,234.0,181.0,1.0,16.5,0.5,0.5,4.06,0.0,0.3,24.36,2.5
2.0,"2019-08-02 00:05:06.000000","2019-08-02 00:31:07.000000",1.0,8.96,1.0,N,234.0,181.0,1.0,28.0,0.5,0.5,7.58,6.12,0.3,45.5,2.5
2.0,"2019-08-02 01:59:18.000000","2019-08-02 02:21:06.000000",1.0,7.12,1.0,N,234.0,181.0,1.0,23.0,0.5,0.5,5.36,0.0,0.3,32.16,2.5
1.0,"2019-08-02 15:59:05.000000","2019-08-02 16:29:35.000000",1.0,5.1,1.0,N,234.0,181.0,1.0,22.5,2.5,0.5,5.15,0.0,0.3,30.95,2.5
2.0,"2019-08-02 17:36:22.000000","2019-08-02 18:23:51.000000",1.0,8.53,1.0,N,234.0,181.0,1.0,35.0,1.0,0.5,0.0,0.0,0.3,36.8,0.0
2.0,"2019-08-02 19:36:07.000000","2019-08-02 20:05:30.000000",1.0,4.73,1.0,N,234.0,181.0,1.0,21.5,1.0,0.5,4.2,0.0,0.3,30.0,2.5
2.0,"2019-08-02 19:09:05.000000","2019-08-02 19:41:02.000000",3.0,4.66,1.0,N,234.0,181.0,1.0,22.0,1.0,0.5,5.0,0.0,0.3,31.3,2.5
2.0,"2019-08-02 19:09:36.000000","2019-08-02 19:42:14.000000",1.0,5.29,1.0,N,234.0,181.0,1.0,23.0,1.0,0.5,4.1,0.0,0.3,31.4,2.5
1.0,"2019-08-02 20:41:08.000000","2019-08-02 21:11:19.000000",1.0,7.4,1.0,N,234.0,181.0,1.0,25.5,3.0,0.5,5.85,0.0,0.3,35.15,2.5
2.0,"2019-08-02 20:56:29.000000","2019-08-02 21:32:37.000000",1.0,6.09,1.0,N,234.0,181.0,1.0,26.0,0.5,0.5,8.94,0.0,0.3,38.74,2.5
2.0,"2019-08-02 20:15:27.000000","2019-08-02 20:38:52.000000",1.0,4.58,1.0,N,234.0,181.0,1.0,18.5,0.5,0.5,4.46,0.0,0.3,26.76,2.5
2.0,"2019-08-02 21:44:57.000000","2019-08-02 22:12:18.000000",1.0,5.3,1.0,N,234.0,181.0,1.0,21.0,0.5,0.5,4.96,0.0,0.3,29.76,2.5
2.0,"2019-08-02 21:23:12.000000","2019-08-02 21:53:11.000000",1.0,5.5,1.0,N,234.0,181.0,1.0,22.0,0.5,0.5,5.16,0.0,0.3,30.96,2.5
2.0,"2019-08-02 21:32:24.000000","2019-08-02 21:57:39.000000",1.0,8.83,1.0,N,234.0,181.0,1.0,27.0,0.5,0.5,7.38,6.12,0.3,44.3,2.5
1.0,"2019-08-02 23:26:46.000000","2019-08-02 23:50:36.000000",1.0,5.3,1.0,N,234.0,181.0,2.0,19.5,3.0,0.5,0.0,0.0,0.3,23.3,2.5
2.0,"2019-08-02 23:12:53.000000","2019-08-02 23:35:16.000000",1.0,4.98,1.0,N,234.0,181.0,1.0,18.0,0.5,0.5,4.36,0.0,0.3,26.16,2.5
1.0,"2019-08-02 23:21:54.000000","2019-08-02 23:54:26.000000",1.0,9.2,1.0,N,234.0,181.0,1.0,31.5,3.0,0.5,1.77,0.0,0.3,37.07,2.5
2.0,"2019-08-02 23:20:21.000000","2019-08-02 23:46:20.000000",1.0,10.2,1.0,N,234.0,181.0,1.0,30.5,0.5,0.5,6.86,0.0,0.3,41.16,2.5
2.0,"2019-08-02 23:10:04.000000","2019-08-02 23:45:39.000000",1.0,5.78,1.0,N,234.0,181.0,1.0,25.0,0.5,0.5,5.76,0.0,0.3,34.56,2.5
2.0,"2019-08-03 00:42:00.000000","2019-08-03 01:04:55.000000",1.0,5.49,1.0,N,234.0,181.0,1.0,20.0,0.5,0.5,1.0,0.0,0.3,24.8,2.5
2.0,"2019-08-02 23:54:05.000000","2019-08-03 00:21:23.000000",1.0,6.41,1.0,N,234.0,181.0,1.0,23.0,0.5,0.5,5.36,0.0,0.3,32.16,2.5
2.0,"2019-08-03 01:55:05.000000","2019-08-03 02:22:14.000000",1.0,6.9,1.0,N,234.0,181.0,2.0,25.5,0.5,0.5,0.0,0.0,0.3,29.3,2.5
1.0,"2019-08-03 21:49:47.000000","2019-08-03 22:24:18.000000",2.0,5.5,1.0,N,234.0,181.0,1.0,24.0,3.0,0.5,5.0,0.0,0.3,32.8,2.5
1.0,"2019-08-03 22:13:54.000000","2019-08-03 22:41:34.000000",2.0,6.0,1.0,Y,234.0,181.0,1.0,22.5,3.0,0.5,5.25,0.0,0.3,31.55,2.5
2.0,"2019-08-03 22:57:16.000000","2019-08-03 23:30:13.000000",5.0,8.04,1.0,N,234.0,181.0,1.0,28.5,0.5,0.5,6.46,0.0,0.3,38.76,2.5
2.0,"2019-08-04 16:23:46.000000","2019-08-04 16:57:34.000000",1.0,5.54,1.0,N,234.0,181.0,1.0,23.5,0.0,0.5,6.7,0.0,0.3,33.5,2.5
1.0,"2019-08-05 01:04:26.000000","2019-08-05 01:24:59.000000",1.0,6.3,1.0,N,234.0,181.0,1.0,20.5,3.0,0.5,2.43,0.0,0.3,26.73,2.5
2.0,"2019-08-05 15:13:25.000000","2019-08-05 15:41:04.000000",1.0,6.71,1.0,N,234.0,181.0,1.0,23.5,0.0,0.5,3.75,6.12,0.3,36.67,2.5
2.0,"2019-08-05 17:53:58.000000","2019-08-05 18:37:47.000000",1.0,5.0,1.0,N,234.0,181.0,1.0,28.0,1.0,0.5,0.0,0.0,0.3,29.8,0.0
2.0,"2019-08-05 18:34:02.000000","2019-08-05 19:01:06.000000",1.0,5.58,1.0,N,234.0,181.0,1.0,21.0,1.0,0.5,5.06,0.0,0.3,30.36,2.5
2.0,"2019-08-05 20:14:18.000000","2019-08-05 20:45:26.000000",1.0,6.25,1.0,N,234.0,181.0,1.0,24.0,0.5,0.5,5.56,0.0,0.3,33.36,2.5
2.0,"2019-08-05 20:28:58.000000","2019-08-05 20:53:48.000000",1.0,5.67,1.0,N,234.0,181.0,1.0,21.0,0.5,0.5,4.96,0.0,0.3,29.76,2.5
1.0,"2019-08-05 20:23:12.000000","2019-08-05 20:50:18.000000",1.0,6.7,1.0,N,234.0,181.0,1.0,24.0,3.0,0.5,5.55,0.0,0.3,33.35,2.5
2.0,"2019-08-05 21:03:52.000000","2019-08-05 21:36:11.000000",1.0,5.81,1.0,N,234.0,181.0,1.0,24.5,0.5,0.5,5.66,0.0,0.3,33.96,2.5
1.0,"2019-08-05 21:27:09.000000","2019-08-05 21:56:04.000000",1.0,5.6,1.0,N,234.0,181.0,1.0,23.0,3.0,0.5,5.35,0.0,0.3,32.15,2.5
1.0,"2019-08-05 22:18:16.000000","2019-08-05 22:44:45.000000",1.0,5.8,1.0,N,234.0,181.0,1.0,21.5,3.0,0.5,5.05,0.0,0.3,30.35,2.5
2.0,"2019-08-05 22:21:28.000000","2019-08-05 22:47:44.000000",1.0,7.88,1.0,N,234.0,181.0,1.0,25.5,0.5,0.5,7.08,6.12,0.3,42.5,2.5
2.0,"2019-08-05 22:05:49.000000","2019-08-05 22:29:17.000000",1.0,4.96,1.0,N,234.0,181.0,1.0,19.5,0.5,0.5,4.66,0.0,0.3,27.96,2.5
1.0,"2019-08-06 00:28:59.000000","2019-08-06 00:48:28.000000",1.0,4.8,1.0,N,234.0,181.0,1.0,17.5,3.0,0.5,4.25,0.0,0.3,25.55,2.5
1.0,"2019-08-06 00:59:12.000000","2019-08-06 01:27:07.000000",2.0,6.3,1.0,N,234.0,181.0,1.0,23.0,3.0,0.5,2.5,0.0,0.3,29.3,2.5
1.0,"2019-08-06 10:14:16.000000","2019-08-06 10:58:38.000000",1.0,8.2,1.0,N,234.0,181.0,1.0,32.0,2.5,0.5,5.0,0.0,0.3,40.3,2.5
2.0,"2019-08-06 13:59:02.000000","2019-08-06 14:26:26.000000",2.0,10.67,1.0,N,234.0,181.0,1.0,31.5,0.0,0.5,7.0,6.12,0.3,47.92,2.5
2.0,"2019-08-06 16:58:24.000000","2019-08-06 17:34:47.000000",6.0,6.12,1.0,N,234.0,181.0,1.0,26.0,1.0,0.5,7.58,0.0,0.3,37.88,2.5
2.0,"2019-08-06 17:48:08.000000","2019-08-06 18:31:44.000000",1.0,5.86,1.0,N,234.0,181.0,1.0,29.0,1.0,0.5,6.66,0.0,0.3,39.96,2.5
1.0,"2019-08-06 20:30:29.000000","2019-08-06 21:02:19.000000",1.0,5.8,1.0,N,234.0,181.0,1.0,23.5,3.0,0.5,5.45,0.0,0.3,32.75,2.5
1.0,"2019-08-06 20:24:19.000000","2019-08-06 20:55:42.000000",1.0,6.9,1.0,N,234.0,181.0,1.0,25.5,3.0,0.5,5.85,0.0,0.3,35.15,2.5
1.0,"2019-08-06 20:53:24.000000","2019-08-06 21:24:21.000000",1.0,6.3,1.0,N,234.0,181.0,1.0,23.5,3.0,0.5,6.8,0.0,0.3,34.1,2.5
1.0,"2019-08-06 21:01:38.000000","2019-08-06 21:30:39.000000",1.0,6.2,1.0,N,234.0,181.0,1.0,23.0,3.5,0.5,5.46,0.0,0.3,32.76,2.5
2.0,"2019-08-06 21:19:54.000000","2019-08-06 21:48:02.000000",1.0,6.16,1.0,N,234.0,181.0,1.0,22.5,0.5,0.5,7.89,0.0,0.3,34.19,2.5
1.0,"2019-08-06 21:44:24.000000","2019-08-06 22:10:34.000000",3.0,6.2,1.0,N,234.0,181.0,1.0,22.5,3.0,0.5,6.55,0.0,0.3,32.85,2.5
1.0,"2019-08-06 22:45:43.000000","2019-08-06 23:16:12.000000",2.0,8.4,1.0,N,234.0,181.0,1.0,29.0,3.0,0.5,6.55,0.0,0.3,39.35,2.5
2.0,"2019-08-06 22:40:54.000000","2019-08-06 23:09:26.000000",1.0,7.5,1.0,N,234.0,181.0,2.0,25.0,0.5,0.5,0.0,0.0,0.3,28.8,2.5
1.0,"2019-08-06 22:31:39.000000","2019-08-06 22:59:15.000000",2.0,6.3,1.0,N,234.0,181.0,1.0,22.5,3.0,0.5,7.85,0.0,0.3,34.15,2.5
2.0,"2019-08-06 23:02:26.000000","2019-08-06 23:28:55.000000",1.0,6.36,1.0,N,234.0,181.0,1.0,22.5,0.5,0.5,5.26,0.0,0.3,31.56,2.5
1.0,"2019-08-06 23:44:04.000000","2019-08-07 00:08:31.000000",1.0,6.8,1.0,Y,234.0,181.0,1.0,23.0,3.0,0.5,6.55,6.12,0.3,39.47,2.5
1.0,"2019-08-07 01:11:31.000000","2019-08-07 01:34:19.000000",1.0,6.0,1.0,N,234.0,181.0,1.0,21.5,3.0,0.5,2.5,0.0,0.3,27.8,2.5
1.0,"2019-08-07 11:27:37.000000","2019-08-07 11:57:03.000000",1.0,7.7,1.0,N,234.0,181.0,1.0,26.5,2.5,0.5,7.15,6.12,0.3,43.07,2.5
2.0,"2019-08-07 13:17:11.000000","2019-08-07 13:36:31.000000",1.0,4.27,1.0,N,234.0,181.0,1.0,17.5,0.0,0.5,4.16,0.0,0.3,24.96,2.5
2.0,"2019-08-07 13:53:42.000000","2019-08-07 15:00:09.000000",1.0,7.0,1.0,N,234.0,181.0,1.0,39.5,0.0,0.5,5.0,0.0,0.3,47.8,2.5
1.0,"2019-08-07 18:34:25.000000","2019-08-07 19:13:38.000000",1.0,9.1,1.0,N,234.0,181.0,1.0,33.0,3.5,0.5,8.65,6.12,0.3,52.07,2.5
1.0,"2019-08-07 19:04:50.000000","2019-08-07 19:42:17.000000",1.0,5.7,1.0,N,234.0,181.0,1.0,25.5,3.5,0.5,7.45,0.0,0.3,37.25,2.5
1.0,"2019-08-07 20:32:13.000000","2019-08-07 20:56:33.000000",1.0,4.6,1.0,N,234.0,181.0,1.0,18.5,3.0,0.5,5.55,0.0,0.3,27.85,2.5
2.0,"2019-08-07 20:54:14.000000","2019-08-07 21:20:59.000000",1.0,4.83,1.0,N,234.0,181.0,1.0,20.5,0.5,0.5,4.0,0.0,0.3,28.3,2.5
2.0,"2019-08-07 21:08:54.000000","2019-08-07 21:43:16.000000",1.0,7.81,1.0,N,234.0,181.0,1.0,28.5,0.5,0.5,6.46,0.0,0.3,38.76,2.5
2.0,"2019-08-07 21:58:10.000000","2019-08-07 22:25:08.000000",1.0,5.65,1.0,N,234.0,181.0,1.0,22.0,0.5,0.5,5.16,0.0,0.3,30.96,2.5
1.0,"2019-08-07 21:20:11.000000","2019-08-07 21:50:08.000000",1.0,5.6,1.0,N,234.0,181.0,1.0,23.0,3.0,0.5,4.02,0.0,0.3,30.82,2.5
2.0,"2019-08-07 21:26:14.000000","2019-08-07 21:56:41.000000",1.0,6.32,1.0,N,234.0,181.0,1.0,24.0,0.5,0.5,5.56,0.0,0.3,33.36,2.5
2.0,"2019-08-07 21:50:11.000000","2019-08-07 22:29:35.000000",1.0,9.44,1.0,N,234.0,181.0,1.0,33.0,0.5,0.5,6.0,0.0,0.3,42.8,2.5
2.0,"2019-08-07 22:57:25.000000","2019-08-07 23:30:13.000000",1.0,7.17,1.0,N,234.0,181.0,2.0,25.5,0.5,0.5,0.0,0.0,0.3,29.3,2.5
2.0,"2019-08-07 22:33:14.000000","2019-08-07 22:59:54.000000",1.0,6.1,1.0,N,234.0,181.0,1.0,22.5,0.5,0.5,5.0,0.0,0.3,31.3,2.5
2.0,"2019-08-07 22:56:12.000000","2019-08-07 23:25:18.000000",1.0,7.96,1.0,N,234.0,181.0,1.0,27.0,0.5,0.5,7.38,6.12,0.3,44.3,2.5
1.0,"2019-08-07 23:09:38.000000","2019-08-07 23:32:10.000000",1.0,4.9,1.0,N,234.0,181.0,1.0,19.0,3.0,0.5,4.0,0.0,0.3,26.8,2.5
2.0,"2019-08-07 23:19:35.000000","2019-08-07 23:45:14.000000",1.0,5.5,1.0,N,234.0,181.0,1.0,21.0,0.5,0.5,4.96,0.0,0.3,29.76,2.5
1.0,"2019-08-07 23:09:14.000000","2019-08-07 23:31:58.000000",1.0,7.0,1.0,N,234.0,181.0,1.0,23.5,3.0,0.5,6.8,0.0,0.3,34.1,2.5
2.0,"2019-08-08 01:19:58.000000","2019-08-08 01:40:22.000000",3.0,6.08,1.0,N,234.0,181.0,1.0,21.0,0.5,0.5,2.5,0.0,0.3,27.3,2.5
2.0,"2019-08-08 01:01:56.000000","2019-08-08 01:17:22.000000",2.0,4.74,1.0,N,234.0,181.0,1.0,16.0,0.5,0.5,3.96,0.0,0.3,23.76,2.5
1.0,"2019-08-08 02:18:31.000000","2019-08-08 02:43:38.000000",1.0,6.6,1.0,N,234.0,181.0,2.0,23.5,3.0,0.5,0.0,0.0,0.3,27.3,2.5
2.0,"2019-08-08 02:29:46.000000","2019-08-08 02:49:43.000000",1.0,7.01,1.0,N,234.0,181.0,1.0,22.0,0.5,0.5,5.16,0.0,0.3,30.96,2.5
2.0,"2019-08-08 06:49:12.000000","2019-08-08 07:06:49.000000",5.0,4.35,1.0,N,234.0,181.0,2.0,16.5,0.0,0.5,0.0,0.0,0.3,19.8,2.5
2.0,"2019-08-08 15:12:46.000000","2019-08-08 15:51:58.000000",5.0,5.42,1.0,N,234.0,181.0,1.0,25.5,0.0,0.5,2.0,0.0,0.3,30.8,2.5
2.0,"2019-08-08 17:59:21.000000","2019-08-08 18:44:07.000000",1.0,7.05,1.0,N,234.0,181.0,1.0,31.5,1.0,0.5,0.0,0.0,0.3,33.3,0.0
2.0,"2019-08-08 20:53:03.000000","2019-08-08 21:32:57.000000",1.0,6.8,1.0,N,234.0,181.0,1.0,27.0,0.5,0.5,6.16,0.0,0.3,36.96,2.5
2.0,"2019-08-08 21:24:01.000000","2019-08-08 21:57:32.000000",1.0,4.99,1.0,N,234.0,181.0,1.0,22.5,0.5,0.5,6.58,0.0,0.3,32.88,2.5
2.0,"2019-08-08 21:34:57.000000","2019-08-08 22:11:20.000000",2.0,6.72,1.0,N,234.0,181.0,1.0,26.0,0.5,0.5,5.96,0.0,0.3,35.76,2.5
1.0,"2019-08-08 21:26:54.000000","2019-08-08 21:58:51.000000",1.0,5.1,1.0,N,234.0,181.0,1.0,21.5,3.0,0.5,5.05,0.0,0.3,30.35,2.5
2.0,"2019-08-08 21:58:02.000000","2019-08-08 22:28:52.000000",2.0,6.48,1.0,N,234.0,181.0,1.0,23.5,0.5,0.5,5.46,0.0,0.3,32.76,2.5
2.0,"2019-08-08 22:37:20.000000","2019-08-08 23:07:09.000000",1.0,4.94,1.0,N,234.0,181.0,2.0,21.5,0.5,0.5,0.0,0.0,0.3,25.3,2.5
2.0,"2019-08-08 22:02:00.000000","2019-08-08 22:32:53.000000",4.0,5.5,1.0,N,234.0,181.0,1.0,23.5,0.5,0.5,4.1,0.0,0.3,31.4,2.5
1.0,"2019-08-08 22:49:29.000000","2019-08-08 23:13:39.000000",1.0,5.5,1.0,N,234.0,181.0,2.0,20.5,3.0,0.5,0.0,0.0,0.3,24.3,2.5
2.0,"2019-08-08 22:07:42.000000","2019-08-08 22:50:32.000000",1.0,5.74,1.0,N,234.0,181.0,1.0,28.0,0.5,0.5,6.36,0.0,0.3,38.16,2.5
2.0,"2019-08-08 22:16:57.000000","2019-08-08 22:49:40.000000",1.0,7.8,1.0,N,234.0,181.0,1.0,28.5,0.5,0.5,6.46,0.0,0.3,38.76,2.5
2.0,"2019-08-08 23:08:01.000000","2019-08-08 23:33:11.000000",2.0,5.39,1.0,N,234.0,181.0,2.0,20.5,0.5,0.5,0.0,0.0,0.3,24.3,2.5
1.0,"2019-08-08 23:11:58.000000","2019-08-08 23:34:45.000000",3.0,4.8,1.0,N,234.0,181.0,1.0,19.0,3.0,0.5,4.55,0.0,0.3,27.35,2.5
2.0,"2019-08-09 00:38:06.000000","2019-08-09 01:04:27.000000",1.0,6.76,1.0,N,234.0,181.0,1.0,24.5,0.5,0.5,0.0,0.0,0.3,28.3,2.5
1.0,"2019-08-09 00:27:59.000000","2019-08-09 01:00:07.000000",2.0,7.2,1.0,N,234.0,181.0,1.0,25.5,3.0,0.5,5.85,0.0,0.3,35.15,2.5
1.0,"2019-08-09 02:20:38.000000","2019-08-09 02:37:41.000000",1.0,4.6,1.0,N,234.0,181.0,1.0,17.0,3.0,0.5,4.15,0.0,0.3,24.95,2.5
2.0,"2019-08-09 02:05:13.000000","2019-08-09 02:25:43.000000",2.0,7.13,1.0,N,234.0,181.0,1.0,22.0,0.5,0.5,5.16,0.0,0.3,30.96,2.5
2.0,"2019-08-09 04:30:43.000000","2019-08-09 04:52:23.000000",1.0,6.37,1.0,N,234.0,181.0,2.0,22.0,0.5,0.5,0.0,0.0,0.3,25.8,2.5
1.0,"2019-08-09 07:55:41.000000","2019-08-09 08:26:26.000000",1.0,5.5,1.0,N,234.0,181.0,1.0,23.5,2.5,0.5,5.35,0.0,0.3,32.15,2.5
2.0,"2019-08-09 17:21:21.000000","2019-08-09 18:20:10.000000",1.0,8.52,1.0,N,234.0,181.0,1.0,41.0,1.0,0.5,0.0,0.0,0.3,42.8,0.0
2.0,"2019-08-09 19:33:51.000000","2019-08-09 20:00:49.000000",1.0,8.45,1.0,N,234.0,181.0,1.0,26.5,1.0,0.5,9.24,0.0,0.3,40.04,2.5
2.0,"2019-08-09 21:49:30.000000","2019-08-09 22:26:27.000000",2.0,6.54,1.0,N,234.0,181.0,1.0,27.0,0.5,0.5,6.16,0.0,0.3,36.96,2.5
2.0,"2019-08-09 21:04:22.000000","2019-08-09 21:39:07.000000",5.0,8.26,1.0,N,234.0,181.0,1.0,30.5,0.5,0.5,12.13,6.12,0.3,52.55,2.5
2.0,"2019-08-09 22:32:35.000000","2019-08-09 23:03:01.000000",1.0,9.26,1.0,N,234.0,181.0,1.0,31.5,0.5,0.5,10.36,6.12,0.3,51.78,2.5
2.0,"2019-08-09 23:50:52.000000","2019-08-10 00:17:01.000000",1.0,5.45,1.0,N,234.0,181.0,1.0,21.5,0.5,0.5,5.06,0.0,0.3,30.36,2.5
2.0,"2019-08-10 00:00:25.000000","2019-08-10 00:32:10.000000",3.0,7.21,1.0,N,234.0,181.0,1.0,26.0,0.5,0.5,5.96,0.0,0.3,35.76,2.5
2.0,"2019-08-10 01:03:35.000000","2019-08-10 01:24:21.000000",1.0,5.04,1.0,N,234.0,181.0,1.0,18.5,0.5,0.5,4.46,0.0,0.3,26.76,2.5
2.0,"2019-08-10 02:28:41.000000","2019-08-10 03:00:17.000000",2.0,5.95,1.0,N,234.0,181.0,1.0,24.5,0.5,0.5,0.0,0.0,0.3,28.3,2.5
2.0,"2019-08-10 10:26:00.000000","2019-08-10 11:03:29.000000",1.0,5.89,1.0,N,234.0,181.0,1.0,27.0,0.0,0.5,6.06,0.0,0.3,36.36,2.5
1.0,"2019-08-10 19:30:13.000000","2019-08-10 19:59:25.000000",2.0,5.1,1.0,N,234.0,181.0,1.0,21.5,2.5,0.5,5.0,0.0,0.3,29.8,2.5
2.0,"2019-08-10 20:34:39.000000","2019-08-10 21:03:52.000000",3.0,5.45,1.0,N,234.0,181.0,1.0,22.0,0.5,0.5,5.16,0.0,0.3,30.96,2.5
2.0,"2019-08-10 21:46:36.000000","2019-08-10 22:18:03.000000",1.0,6.02,1.0,N,234.0,181.0,1.0,24.0,0.5,0.5,6.95,0.0,0.3,34.75,2.5
2.0,"2019-08-10 22:46:33.000000","2019-08-10 23:17:31.000000",1.0,7.48,1.0,N,234.0,181.0,1.0,27.0,0.5,0.5,6.16,0.0,0.3,36.96,2.5
1.0,"2019-08-10 23:38:35.000000","2019-08-10 23:58:39.000000",1.0,4.5,1.0,N,234.0,181.0,1.0,16.5,3.0,0.5,4.05,0.0,0.3,24.35,2.5
2.0,"2019-08-11 05:20:22.000000","2019-08-11 05:39:17.000000",1.0,7.17,1.0,N,234.0,181.0,1.0,22.0,0.5,0.5,5.16,0.0,0.3,30.96,2.5
2.0,"2019-08-11 12:30:03.000000","2019-08-11 13:03:08.000000",1.0,5.7,1.0,N,234.0,181.0,2.0,24.0,0.0,0.5,0.0,0.0,0.3,27.3,2.5
2.0,"2019-08-11 15:02:56.000000","2019-08-11 15:31:45.000000",1.0,7.46,1.0,N,234.0,181.0,2.0,26.0,0.0,0.5,0.0,0.0,0.3,29.3,2.5
2.0,"2019-08-11 20:14:47.000000","2019-08-11 20:38:53.000000",1.0,6.04,1.0,N,234.0,181.0,1.0,21.0,0.5,0.5,7.44,0.0,0.3,32.24,2.5
1.0,"2019-08-11 21:21:02.000000","2019-08-11 21:49:18.000000",1.0,5.3,1.0,N,234.0,181.0,1.0,21.5,3.0,0.5,6.3,0.0,0.3,31.6,2.5
2.0,"2019-08-12 00:21:16.000000","2019-08-12 00:38:49.000000",2.0,5.45,1.0,N,234.0,181.0,1.0,19.0,0.5,0.5,4.56,0.0,0.3,27.36,2.5
1.0,"2019-08-12 01:22:22.000000","2019-08-12 01:44:10.000000",1.0,6.2,1.0,N,234.0,181.0,1.0,21.5,3.0,0.5,2.5,0.0,0.3,27.8,2.5
1.0,"2019-08-12 12:50:46.000000","2019-08-12 13:29:01.000000",2.0,8.1,1.0,N,234.0,181.0,2.0,30.5,2.5,0.5,0.0,0.0,0.3,33.8,2.5
1.0,"2019-08-12 17:15:32.000000","2019-08-12 17:42:24.000000",1.0,5.2,1.0,Y,234.0,181.0,1.0,20.5,3.5,0.5,4.95,0.0,0.3,29.75,2.5
1.0,"2019-08-12 18:59:21.000000","2019-08-12 19:26:58.000000",1.0,4.9,1.0,N,234.0,181.0,1.0,20.5,3.5,0.5,6.2,0.0,0.3,31.0,2.5
1.0,"2019-08-12 20:41:48.000000","2019-08-12 21:07:21.000000",1.0,7.4,1.0,N,234.0,181.0,1.0,25.0,3.0,0.5,8.6,0.0,0.3,37.4,2.5
2.0,"2019-08-12 20:10:24.000000","2019-08-12 20:31:58.000000",5.0,4.97,1.0,N,234.0,181.0,1.0,18.0,0.5,0.5,4.36,0.0,0.3,26.16,2.5
1.0,"2019-08-12 20:17:33.000000","2019-08-12 20:48:07.000000",1.0,8.3,1.0,N,234.0,181.0,1.0,28.0,3.0,0.5,1.5,0.0,0.3,33.3,2.5
1.0,"2019-08-12 21:10:20.000000","2019-08-12 21:37:12.000000",1.0,5.2,1.0,N,234.0,181.0,1.0,21.5,3.0,0.5,5.05,0.0,0.3,30.35,2.5
2.0,"2019-08-12 21:42:26.000000","2019-08-12 22:07:56.000000",1.0,5.43,1.0,N,234.0,181.0,1.0,21.0,0.5,0.5,4.96,0.0,0.3,29.76,2.5
1.0,"2019-08-12 21:51:50.000000","2019-08-12 22:11:43.000000",1.0,5.0,1.0,N,234.0,181.0,1.0,18.5,3.0,0.5,5.55,0.0,0.3,27.85,2.5
2.0,"2019-08-12 21:49:39.000000","2019-08-12 22:14:02.000000",1.0,7.43,1.0,N,234.0,181.0,1.0,24.5,0.5,0.5,5.66,0.0,0.3,33.96,2.5
2.0,"2019-08-12 23:05:52.000000","2019-08-12 23:31:44.000000",1.0,6.28,1.0,N,234.0,181.0,2.0,23.0,0.5,0.5,0.0,0.0,0.3,26.8,2.5
2.0,"2019-08-13 00:38:06.000000","2019-08-13 01:14:23.000000",1.0,7.03,1.0,N,234.0,181.0,1.0,28.0,0.5,0.5,4.77,0.0,0.3,36.57,2.5
2.0,"2019-08-13 01:07:12.000000","2019-08-13 01:29:34.000000",1.0,6.04,1.0,N,234.0,181.0,1.0,21.0,0.5,0.5,2.5,0.0,0.3,27.3,2.5
2.0,"2019-08-13 08:10:30.000000","2019-08-13 08:33:59.000000",1.0,5.16,1.0,N,234.0,181.0,2.0,20.5,0.0,0.5,0.0,0.0,0.3,23.8,2.5
2.0,"2019-08-13 10:35:58.000000","2019-08-13 11:11:48.000000",2.0,8.13,1.0,N,234.0,181.0,1.0,30.0,0.0,0.5,6.66,0.0,0.3,39.96,2.5
1.0,"2019-08-13 13:13:00.000000","2019-08-13 13:43:06.000000",1.0,5.2,1.0,N,234.0,181.0,1.0,22.5,2.5,0.5,0.0,0.0,0.3,25.8,2.5
2.0,"2019-08-13 18:40:22.000000","2019-08-13 19:07:41.000000",1.0,4.86,1.0,N,234.0,181.0,1.0,21.0,1.0,0.5,5.06,0.0,0.3,30.36,2.5
2.0,"2019-08-13 19:02:54.000000","2019-08-13 19:29:02.000000",1.0,6.11,1.0,N,234.0,181.0,1.0,22.0,1.0,0.5,3.0,0.0,0.3,29.3,2.5
2.0,"2019-08-13 18:12:20.000000","2019-08-13 18:38:28.000000",1.0,4.98,1.0,N,234.0,181.0,1.0,20.0,1.0,0.5,0.0,0.0,0.3,21.8,0.0
2.0,"2019-08-13 19:29:50.000000","2019-08-13 20:09:09.000000",1.0,10.55,1.0,N,234.0,181.0,1.0,36.5,1.0,0.5,14.08,6.12,0.3,61.0,2.5
1.0,"2019-08-13 20:51:29.000000","2019-08-13 21:16:32.000000",1.0,6.4,1.0,N,234.0,181.0,1.0,22.5,3.0,0.5,8.1,6.12,0.3,40.52,2.5
2.0,"2019-08-13 21:01:49.000000","2019-08-13 21:28:58.000000",3.0,5.92,1.0,N,234.0,181.0,1.0,22.5,0.5,0.5,5.26,0.0,0.3,31.56,2.5
2.0,"2019-08-13 21:51:58.000000","2019-08-13 22:19:05.000000",1.0,5.85,1.0,N,234.0,181.0,1.0,22.5,0.5,0.5,5.26,0.0,0.3,31.56,2.5
2.0,"2019-08-13 22:21:30.000000","2019-08-13 22:44:30.000000",1.0,5.52,1.0,N,234.0,181.0,1.0,20.5,0.5,0.5,4.86,0.0,0.3,29.16,2.5
2.0,"2019-08-13 22:29:03.000000","2019-08-13 22:54:17.000000",5.0,5.45,1.0,N,234.0,181.0,1.0,21.0,0.5,0.5,6.2,0.0,0.3,31.0,2.5
1.0,"2019-08-13 22:41:04.000000","2019-08-13 23:02:03.000000",1.0,5.4,1.0,N,234.0,181.0,2.0,19.0,3.0,0.5,0.0,0.0,0.3,22.8,2.5
1.0,"2019-08-13 22:03:32.000000","2019-08-13 22:26:19.000000",1.0,4.9,1.0,N,234.0,181.0,1.0,18.5,3.0,0.5,6.65,0.0,0.3,28.95,2.5
2.0,"2019-08-13 23:13:41.000000","2019-08-13 23:39:29.000000",1.0,5.88,1.0,N,234.0,181.0,1.0,22.0,0.5,0.5,5.16,0.0,0.3,30.96,2.5
2.0,"2019-08-13 23:10:38.000000","2019-08-13 23:38:48.000000",4.0,7.57,1.0,N,234.0,181.0,1.0,25.5,3.0,0.5,4.0,0.0,0.3,33.3,0.0
2.0,"2019-08-14 03:11:56.000000","2019-08-14 03:31:06.000000",1.0,5.12,1.0,N,234.0,181.0,1.0,19.5,0.5,0.5,2.33,0.0,0.3,27.58,2.5
1.0,"2019-08-14 11:19:44.000000","2019-08-14 11:48:27.000000",0.0,8.2,1.0,N,234.0,181.0,1.0,27.5,2.5,0.5,6.15,0.0,0.3,36.95,2.5
1.0,"2019-08-14 14:26:05.000000","2019-08-14 14:53:26.000000",1.0,6.8,1.0,N,234.0,181.0,1.0,23.5,2.5,0.5,6.55,6.12,0.3,39.47,2.5
2.0,"2019-08-14 14:17:18.000000","2019-08-14 14:48:31.000000",1.0,8.7,1.0,N,234.0,181.0,1.0,29.5,0.0,0.5,7.78,6.12,0.3,46.7,2.5
2.0,"2019-08-14 19:21:40.000000","2019-08-14 19:56:36.000000",3.0,5.43,1.0,N,234.0,181.0,1.0,23.0,1.0,0.5,5.46,0.0,0.3,32.76,2.5
2.0,"2019-08-14 19:13:30.000000","2019-08-14 19:49:54.000000",1.0,5.07,1.0,N,234.0,181.0,1.0,24.0,1.0,0.5,5.66,0.0,0.3,35.91,2.5
2.0,"2019-08-14 19:30:32.000000","2019-08-14 20:01:24.000000",1.0,5.24,1.0,N,234.0,181.0,1.0,22.0,1.0,0.5,5.26,0.0,0.3,31.56,2.5
2.0,"2019-08-14 21:34:34.000000","2019-08-14 21:59:32.000000",1.0,5.44,1.0,N,234.0,181.0,1.0,20.0,0.5,0.5,5.95,0.0,0.3,29.75,2.5
2.0,"2019-08-14 21:03:04.000000","2019-08-14 21:31:02.000000",2.0,5.69,1.0,N,234.0,181.0,1.0,21.5,0.5,0.5,5.06,0.0,0.3,30.36,2.5
1.0,"2019-08-14 21:34:49.000000","2019-08-14 21:59:50.000000",1.0,5.3,1.0,N,234.0,181.0,1.0,20.0,3.0,0.5,5.95,0.0,0.3,29.75,2.5
2.0,"2019-08-14 21:27:09.000000","2019-08-14 21:56:46.000000",1.0,6.04,1.0,N,234.0,181.0,1.0,23.5,0.5,0.5,4.0,0.0,0.3,31.3,2.5
2.0,"2019-08-14 21:24:30.000000","2019-08-14 21:52:57.000000",3.0,6.4,1.0,N,234.0,181.0,1.0,23.0,0.5,0.5,5.36,0.0,0.3,32.16,2.5
2.0,"2019-08-14 22:31:26.000000","2019-08-14 22:51:53.000000",1.0,4.87,1.0,N,234.0,181.0,1.0,18.0,0.5,0.5,4.36,0.0,0.3,26.16,2.5
2.0,"2019-08-14 22:10:03.000000","2019-08-14 22:37:38.000000",5.0,9.07,1.0,N,234.0,181.0,1.0,28.5,0.5,0.5,6.46,0.0,0.3,38.76,2.5
2.0,"2019-08-14 22:28:28.000000","2019-08-14 22:57:23.000000",4.0,9.83,1.0,N,234.0,181.0,1.0,31.0,0.5,0.5,10.23,6.12,0.3,51.15,2.5
2.0,"2019-08-14 22:12:00.000000","2019-08-14 22:40:46.000000",1.0,5.48,1.0,N,234.0,181.0,1.0,21.0,0.5,0.5,4.96,0.0,0.3,29.76,2.5
1.0,"2019-08-14 22:48:10.000000","2019-08-14 23:14:30.000000",2.0,5.0,1.0,N,234.0,181.0,1.0,21.0,3.0,0.5,4.95,0.0,0.3,29.75,2.5
1.0,"2019-08-14 22:05:52.000000","2019-08-14 22:33:52.000000",1.0,5.8,1.0,N,234.0,181.0,1.0,22.0,3.0,0.5,5.15,0.0,0.3,30.95,2.5
2.0,"2019-08-14 22:43:19.000000","2019-08-14 23:05:29.000000",1.0,4.95,1.0,N,234.0,181.0,1.0,19.0,0.5,0.5,3.42,0.0,0.3,26.22,2.5
2.0,"2019-08-14 23:37:25.000000","2019-08-14 23:59:28.000000",1.0,5.73,1.0,N,234.0,181.0,1.0,20.0,0.5,0.5,4.76,0.0,0.3,28.56,2.5
2.0,"2019-08-14 22:54:40.000000","2019-08-14 23:19:57.000000",1.0,5.71,1.0,N,234.0,181.0,1.0,21.5,0.5,0.5,7.59,0.0,0.3,32.89,2.5
2.0,"2019-08-15 02:19:36.000000","2019-08-15 02:39:22.000000",1.0,7.13,1.0,N,234.0,181.0,1.0,22.0,0.5,0.5,5.16,0.0,0.3,30.96,2.5
1.0,"2019-08-15 06:27:13.000000","2019-08-15 06:50:08.000000",1.0,5.9,1.0,N,234.0,181.0,1.0,21.0,2.5,0.5,4.85,0.0,0.3,29.15,2.5
2.0,"2019-08-15 11:35:11.000000","2019-08-15 12:14:11.000000",6.0,8.59,1.0,N,234.0,181.0,2.0,32.0,0.0,0.5,0.0,0.0,0.3,35.3,2.5
2.0,"2019-08-15 15:20:37.000000","2019-08-15 15:54:31.000000",1.0,4.69,1.0,N,234.0,181.0,2.0,23.0,0.0,0.5,0.0,0.0,0.3,26.3,2.5
2.0,"2019-08-15 16:23:47.000000","2019-08-15 17:11:19.000000",4.0,7.54,1.0,N,234.0,181.0,1.0,31.5,1.0,0.5,7.16,0.0,0.3,42.96,2.5
1.0,"2019-08-15 16:10:12.000000","2019-08-15 17:01:22.000000",2.0,5.3,1.0,N,234.0,181.0,1.0,31.0,3.5,0.5,7.05,0.0,0.3,42.35,2.5
1.0,"2019-08-15 17:42:49.000000","2019-08-15 18:29:21.000000",1.0,8.9,1.0,N,234.0,181.0,2.0,34.5,3.5,0.5,0.0,0.0,0.3,38.8,2.5
1.0,"2019-08-15 18:59:32.000000","2019-08-15 20:04:01.000000",1.0,10.1,1.0,N,234.0,181.0,2.0,43.0,3.5,0.5,0.0,0.0,0.3,47.3,2.5
1.0,"2019-08-15 19:51:41.000000","2019-08-15 20:23:06.000000",1.0,5.4,1.0,N,234.0,181.0,2.0,22.5,3.0,0.5,0.0,0.0,0.3,26.3,2.5
1.0,"2019-08-15 19:17:44.000000","2019-08-15 19:59:15.000000",1.0,5.6,1.0,N,234.0,181.0,1.0,28.0,3.0,0.5,5.0,0.0,0.3,36.8,2.5
2.0,"2019-08-15 20:27:28.000000","2019-08-15 20:58:28.000000",2.0,5.06,1.0,N,234.0,181.0,1.0,22.0,0.5,0.5,2.58,0.0,0.3,28.38,2.5
2.0,"2019-08-15 20:56:29.000000","2019-08-15 21:32:47.000000",1.0,9.2,1.0,N,234.0,181.0,1.0,31.5,0.5,0.5,7.06,0.0,0.3,42.36,2.5
2.0,"2019-08-15 21:53:57.000000","2019-08-15 22:17:14.000000",3.0,5.57,1.0,N,234.0,181.0,1.0,20.0,0.5,0.5,4.76,0.0,0.3,28.56,2.5
2.0,"2019-08-15 21:16:40.000000","2019-08-15 21:51:34.000000",4.0,4.96,1.0,N,234.0,181.0,1.0,24.0,0.5,0.5,5.56,0.0,0.3,33.36,2.5
2.0,"2019-08-15 22:08:05.000000","2019-08-15 22:39:16.000000",4.0,6.63,1.0,N,234.0,181.0,1.0,24.0,0.5,0.5,6.95,0.0,0.3,34.75,2.5
1.0,"2019-08-15 22:03:31.000000","2019-08-15 22:37:50.000000",2.0,4.9,1.0,N,234.0,181.0,1.0,23.5,3.0,0.5,5.45,0.0,0.3,32.75,2.5
1.0,"2019-08-15 23:06:29.000000","2019-08-15 23:41:00.000000",2.0,5.4,1.0,N,234.0,181.0,1.0,24.5,3.0,0.5,5.65,0.0,0.3,33.95,2.5
2.0,"2019-08-15 23:36:29.000000","2019-08-15 23:58:24.000000",1.0,4.6,1.0,N,234.0,181.0,1.0,18.0,0.5,0.5,4.36,0.0,0.3,26.16,2.5
1.0,"2019-08-15 23:35:48.000000","2019-08-16 00:04:44.000000",2.0,6.2,1.0,N,234.0,181.0,1.0,23.5,3.0,0.5,5.45,0.0,0.3,32.75,2.5
1.0,"2019-08-15 23:47:09.000000","2019-08-16 00:07:37.000000",1.0,5.1,1.0,N,234.0,181.0,1.0,19.0,3.0,0.5,4.55,0.0,0.3,27.35,2.5
2.0,"2019-08-15 23:18:38.000000","2019-08-15 23:45:12.000000",1.0,4.97,1.0,N,234.0,181.0,1.0,21.0,0.5,0.5,4.96,0.0,0.3,29.76,2.5
2.0,"2019-08-16 01:27:56.000000","2019-08-16 01:53:41.000000",1.0,7.78,1.0,N,234.0,181.0,1.0,26.0,0.5,0.5,7.45,0.0,0.3,37.25,2.5
1.0,"2019-08-16 16:29:13.000000","2019-08-16 17:01:25.000000",1.0,8.7,1.0,N,234.0,181.0,2.0,30.0,3.5,0.5,0.0,6.12,0.3,40.42,2.5
2.0,"2019-08-16 16:13:54.000000","2019-08-16 16:45:43.000000",2.0,6.38,1.0,N,234.0,181.0,1.0,25.5,1.0,0.5,4.0,6.12,0.3,39.92,2.5
2.0,"2019-08-16 17:50:32.000000","2019-08-16 18:25:04.000000",5.0,5.63,1.0,N,234.0,181.0,1.0,25.0,1.0,0.5,5.86,0.0,0.3,35.16,2.5
2.0,"2019-08-16 18:27:09.000000","2019-08-16 18:53:27.000000",6.0,5.05,1.0,N,234.0,181.0,1.0,20.5,1.0,0.5,0.0,0.0,0.3,22.3,0.0
1.0,"2019-08-16 21:29:18.000000","2019-08-16 21:54:32.000000",1.0,9.4,1.0,N,234.0,181.0,1.0,29.0,3.0,0.5,7.75,6.12,0.3,46.67,2.5
1.0,"2019-08-16 21:45:06.000000","2019-08-16 22:19:51.000000",1.0,8.0,1.0,N,234.0,181.0,1.0,29.5,3.0,0.5,9.86,6.12,0.3,49.28,2.5
2.0,"2019-08-16 22:00:52.000000","2019-08-16 22:30:54.000000",1.0,10.07,1.0,N,234.0,181.0,1.0,31.0,0.5,0.5,8.18,6.12,0.3,49.1,2.5
2.0,"2019-08-16 22:44:07.000000","2019-08-16 23:16:20.000000",1.0,8.77,1.0,N,234.0,181.0,1.0,29.5,0.5,0.5,6.66,0.0,0.3,39.96,2.5
2.0,"2019-08-17 00:39:58.000000","2019-08-17 01:07:58.000000",1.0,9.11,1.0,N,234.0,181.0,1.0,29.5,0.5,0.5,6.0,0.0,0.3,39.3,2.5
2.0,"2019-08-17 00:39:12.000000","2019-08-17 00:59:59.000000",1.0,7.05,1.0,N,234.0,181.0,2.0,23.0,0.5,0.5,0.0,0.0,0.3,26.8,2.5
2.0,"2019-08-17 00:51:26.000000","2019-08-17 01:10:48.000000",1.0,5.21,1.0,N,234.0,181.0,1.0,19.0,0.5,0.5,4.56,0.0,0.3,27.36,2.5
2.0,"2019-08-17 12:16:53.000000","2019-08-17 12:58:58.000000",6.0,6.47,1.0,N,234.0,181.0,1.0,29.5,0.0,0.5,5.0,0.0,0.3,37.8,2.5
2.0,"2019-08-17 22:27:29.000000","2019-08-17 22:54:31.000000",1.0,5.47,1.0,N,234.0,181.0,1.0,22.0,0.5,0.5,5.16,0.0,0.3,30.96,2.5
1.0,"2019-08-18 00:25:16.000000","2019-08-18 00:53:22.000000",1.0,7.4,1.0,N,234.0,181.0,1.0,25.5,3.0,0.5,5.85,0.0,0.3,35.15,2.5
2.0,"2019-08-18 00:19:52.000000","2019-08-18 00:44:43.000000",1.0,5.93,1.0,N,234.0,181.0,1.0,21.0,0.5,0.5,4.96,0.0,0.3,29.76,2.5
2.0,"2019-08-18 00:31:42.000000","2019-08-18 00:55:33.000000",1.0,5.27,1.0,N,234.0,181.0,1.0,20.5,0.5,0.5,4.86,0.0,0.3,29.16,2.5
2.0,"2019-08-18 00:21:29.000000","2019-08-18 00:39:29.000000",1.0,4.66,1.0,N,234.0,181.0,1.0,17.0,0.5,0.5,4.16,0.0,0.3,24.96,2.5
1.0,"2019-08-18 04:09:34.000000","2019-08-18 04:25:59.000000",1.0,4.0,1.0,N,234.0,181.0,3.0,16.0,3.0,0.5,0.0,0.0,0.3,19.8,2.5
2.0,"2019-08-18 18:27:01.000000","2019-08-18 18:53:32.000000",1.0,4.83,1.0,N,234.0,181.0,1.0,20.5,0.0,0.5,5.95,0.0,0.3,29.75,2.5
1.0,"2019-08-18 18:43:05.000000","2019-08-18 19:12:42.000000",1.0,6.1,1.0,N,234.0,181.0,1.0,23.5,2.5,0.5,5.35,0.0,0.3,32.15,2.5
2.0,"2019-08-18 18:20:15.000000","2019-08-18 18:54:17.000000",1.0,9.91,1.0,N,234.0,181.0,1.0,33.0,0.0,0.5,10.89,0.0,0.3,47.19,2.5
2.0,"2019-08-18 19:32:46.000000","2019-08-18 20:13:22.000000",2.0,8.89,1.0,N,234.0,181.0,2.0,31.5,0.0,0.5,0.0,0.0,0.3,34.8,2.5
2.0,"2019-08-18 21:40:24.000000","2019-08-18 22:10:03.000000",1.0,5.47,1.0,N,234.0,181.0,2.0,22.0,0.5,0.5,0.0,0.0,0.3,25.8,2.5
2.0,"2019-08-18 21:20:46.000000","2019-08-18 21:53:33.000000",1.0,5.72,1.0,N,234.0,181.0,1.0,23.5,0.5,0.5,4.25,0.0,0.3,31.55,2.5
2.0,"2019-08-18 22:06:10.000000","2019-08-18 22:31:37.000000",1.0,4.93,1.0,N,234.0,181.0,1.0,20.5,0.5,0.5,1.0,0.0,0.3,25.3,2.5
2.0,"2019-08-19 00:45:35.000000","2019-08-19 01:06:21.000000",1.0,6.03,1.0,N,234.0,181.0,1.0,20.5,0.5,0.5,2.5,0.0,0.3,26.8,2.5
2.0,"2019-08-19 01:22:56.000000","2019-08-19 01:43:40.000000",1.0,7.11,1.0,N,234.0,181.0,1.0,22.5,0.5,0.5,5.26,0.0,0.3,31.56,2.5
2.0,"2019-08-19 09:21:44.000000","2019-08-19 09:53:45.000000",1.0,7.43,1.0,N,234.0,181.0,1.0,28.0,0.0,0.5,9.39,0.0,0.3,40.69,2.5
2.0,"2019-08-19 16:20:18.000000","2019-08-19 16:58:55.000000",1.0,6.93,1.0,N,234.0,181.0,1.0,28.0,1.0,0.5,6.46,0.0,0.3,38.76,2.5
2.0,"2019-08-19 17:15:32.000000","2019-08-19 17:45:04.000000",1.0,8.43,1.0,N,234.0,181.0,1.0,28.0,1.0,0.5,9.6,6.12,0.3,48.02,2.5
1.0,"2019-08-19 18:42:20.000000","2019-08-19 19:24:12.000000",1.0,5.9,1.0,N,234.0,181.0,1.0,28.0,3.5,0.5,6.45,0.0,0.3,38.75,2.5
2.0,"2019-08-19 18:32:03.000000","2019-08-19 19:04:33.000000",2.0,5.12,1.0,N,234.0,181.0,1.0,23.5,1.0,0.5,0.0,0.0,0.3,25.3,0.0
2.0,"2019-08-19 20:26:45.000000","2019-08-19 20:56:55.000000",1.0,8.23,1.0,N,234.0,181.0,1.0,28.0,0.5,0.5,7.95,0.0,0.3,39.75,2.5
2.0,"2019-08-19 20:49:45.000000","2019-08-19 21:14:42.000000",3.0,5.75,1.0,N,234.0,181.0,1.0,21.5,0.5,0.5,5.06,0.0,0.3,30.36,2.5
1.0,"2019-08-19 22:12:04.000000","2019-08-19 22:47:25.000000",1.0,9.8,1.0,N,234.0,181.0,1.0,33.0,3.0,0.5,7.35,0.0,0.3,44.15,2.5
2.0,"2019-08-19 22:41:12.000000","2019-08-19 23:08:15.000000",1.0,6.49,1.0,N,234.0,181.0,1.0,23.0,0.5,0.5,6.7,0.0,0.3,33.5,2.5
2.0,"2019-08-20 00:41:12.000000","2019-08-20 01:07:51.000000",2.0,6.53,1.0,N,234.0,181.0,1.0,23.5,0.5,0.5,4.1,0.0,0.3,31.4,2.5
2.0,"2019-08-20 00:16:20.000000","2019-08-20 00:43:25.000000",1.0,7.09,1.0,N,234.0,181.0,1.0,24.0,0.5,0.5,6.95,0.0,0.3,34.75,2.5
1.0,"2019-08-20 10:17:46.000000","2019-08-20 10:58:03.000000",1.0,8.2,1.0,N,234.0,181.0,1.0,31.5,2.5,0.5,8.65,0.0,0.3,43.45,2.5
1.0,"2019-08-20 11:07:03.000000","2019-08-20 11:56:19.000000",1.0,4.6,1.0,N,234.0,181.0,1.0,29.5,2.5,0.5,6.55,0.0,0.3,39.35,2.5
1.0,"2019-08-20 17:56:48.000000","2019-08-20 18:24:43.000000",1.0,4.8,1.0,N,234.0,181.0,1.0,21.5,3.5,0.5,5.15,0.0,0.3,30.95,2.5
2.0,"2019-08-20 18:21:45.000000","2019-08-20 19:11:32.000000",1.0,6.02,1.0,N,234.0,181.0,1.0,31.5,1.0,0.5,0.0,0.0,0.3,33.3,0.0
2.0,"2019-08-20 19:24:58.000000","2019-08-20 19:59:48.000000",3.0,5.9,1.0,N,234.0,181.0,1.0,24.5,1.0,0.5,1.2,0.0,0.3,30.0,2.5
1.0,"2019-08-20 19:35:54.000000","2019-08-20 20:09:42.000000",1.0,5.7,1.0,N,234.0,181.0,2.0,24.0,3.0,0.5,0.0,0.0,0.3,27.8,2.5
1.0,"2019-08-20 20:58:03.000000","2019-08-20 21:26:07.000000",1.0,8.2,1.0,N,234.0,181.0,1.0,28.0,3.0,0.5,7.55,6.12,0.3,45.47,2.5
2.0,"2019-08-20 20:18:37.000000","2019-08-20 20:48:55.000000",1.0,8.6,1.0,N,234.0,181.0,1.0,29.0,0.5,0.5,5.0,0.0,0.3,37.8,2.5
1.0,"2019-08-20 21:31:18.000000","2019-08-20 21:55:21.000000",1.0,7.0,1.0,N,234.0,181.0,1.0,24.0,3.0,0.5,5.55,0.0,0.3,33.35,2.5
1.0,"2019-08-20 21:12:31.000000","2019-08-20 21:38:27.000000",1.0,7.3,1.0,N,234.0,181.0,1.0,25.0,3.0,0.5,0.0,0.0,0.3,28.8,2.5
2.0,"2019-08-20 21:36:03.000000","2019-08-20 22:05:31.000000",1.0,10.38,1.0,N,234.0,181.0,1.0,33.0,0.5,0.5,0.0,6.12,0.3,40.42,0.0
1.0,"2019-08-20 22:39:12.000000","2019-08-20 23:05:00.000000",1.0,5.4,1.0,N,234.0,181.0,1.0,21.5,3.0,0.5,7.55,0.0,0.3,32.85,2.5
2.0,"2019-08-20 22:07:52.000000","2019-08-20 22:29:00.000000",2.0,5.41,1.0,N,234.0,181.0,1.0,19.0,0.5,0.5,4.56,0.0,0.3,27.36,2.5
2.0,"2019-08-20 22:17:11.000000","2019-08-20 22:43:18.000000",1.0,5.79,1.0,N,234.0,181.0,1.0,22.0,0.5,0.5,4.0,0.0,0.3,29.8,2.5
1.0,"2019-08-20 22:13:55.000000","2019-08-20 22:39:11.000000",2.0,6.1,1.0,N,234.0,181.0,1.0,22.0,3.0,0.5,5.15,0.0,0.3,30.95,2.5
2.0,"2019-08-20 23:00:37.000000","2019-08-20 23:29:36.000000",2.0,5.41,1.0,N,234.0,181.0,1.0,22.5,0.5,0.5,6.58,0.0,0.3,32.88,2.5
2.0,"2019-08-20 22:25:37.000000","2019-08-20 22:47:03.000000",2.0,4.64,1.0,N,234.0,181.0,1.0,18.0,0.5,0.5,4.36,0.0,0.3,26.16,2.5
2.0,"2019-08-20 23:45:55.000000","2019-08-21 00:06:44.000000",2.0,5.64,1.0,N,234.0,181.0,1.0,19.0,0.5,0.5,4.56,0.0,0.3,27.36,2.5
2.0,"2019-08-21 00:01:44.000000","2019-08-21 00:26:26.000000",1.0,6.16,1.0,N,234.0,181.0,1.0,21.5,0.5,0.5,6.32,0.0,0.3,31.62,2.5
2.0,"2019-08-21 01:09:40.000000","2019-08-21 01:34:24.000000",1.0,5.62,1.0,N,234.0,181.0,1.0,21.5,0.5,0.5,5.06,0.0,0.3,30.36,2.5
2.0,"2019-08-21 00:59:31.000000","2019-08-21 01:25:10.000000",1.0,8.19,1.0,N,234.0,181.0,1.0,27.0,0.5,0.5,7.7,0.0,0.3,38.5,2.5
2.0,"2019-08-21 01:29:56.000000","2019-08-21 01:51:40.000000",1.0,5.18,1.0,N,234.0,181.0,1.0,19.0,0.5,0.5,2.0,0.0,0.3,24.8,2.5
2.0,"2019-08-21 03:38:30.000000","2019-08-21 03:58:33.000000",1.0,5.37,1.0,N,234.0,181.0,1.0,19.5,0.5,0.5,2.0,0.0,0.3,25.3,2.5
2.0,"2019-08-21 15:21:39.000000","2019-08-21 15:53:49.000000",1.0,5.45,1.0,N,234.0,181.0,2.0,23.0,0.0,0.5,0.0,0.0,0.3,26.3,2.5
1.0,"2019-08-21 16:41:17.000000","2019-08-21 17:18:29.000000",2.0,5.6,1.0,N,234.0,181.0,1.0,24.5,3.5,0.5,5.75,0.0,0.3,34.55,2.5
1.0,"2019-08-21 17:30:34.000000","2019-08-21 18:05:44.000000",2.0,6.9,1.0,N,234.0,181.0,1.0,27.5,3.5,0.5,7.55,6.12,0.3,45.47,2.5
2.0,"2019-08-21 17:43:27.000000","2019-08-21 18:27:28.000000",6.0,8.26,1.0,N,234.0,181.0,1.0,33.0,1.0,0.5,0.0,6.12,0.3,40.92,0.0
2.0,"2019-08-21 18:34:23.000000","2019-08-21 19:00:42.000000",1.0,4.5,1.0,N,234.0,181.0,1.0,19.5,1.0,0.5,4.76,0.0,0.3,28.56,2.5
2.0,"2019-08-21 19:53:34.000000","2019-08-21 20:20:36.000000",3.0,5.7,1.0,N,234.0,181.0,1.0,21.0,1.0,0.5,5.06,0.0,0.3,30.36,2.5
1.0,"2019-08-21 19:59:14.000000","2019-08-21 20:31:29.000000",1.0,6.0,1.0,N,234.0,181.0,1.0,24.0,3.0,0.5,5.0,0.0,0.3,32.8,2.5
1.0,"2019-08-21 19:24:44.000000","2019-08-21 19:52:06.000000",1.0,4.9,1.0,N,234.0,181.0,1.0,20.0,3.5,0.5,4.85,0.0,0.3,29.15,2.5
2.0,"2019-08-21 19:54:47.000000","2019-08-21 20:17:50.000000",1.0,4.64,1.0,N,234.0,181.0,1.0,18.5,0.5,0.5,6.69,0.0,0.3,28.99,2.5
1.0,"2019-08-21 21:45:34.000000","2019-08-21 22:11:15.000000",1.0,5.2,1.0,N,234.0,181.0,1.0,21.0,3.0,0.5,4.95,0.0,0.3,29.75,2.5
2.0,"2019-08-21 21:48:07.000000","2019-08-21 22:13:13.000000",2.0,6.23,1.0,N,234.0,181.0,1.0,22.5,0.5,0.5,5.26,0.0,0.3,31.56,2.5
2.0,"2019-08-21 21:36:33.000000","2019-08-21 22:04:48.000000",1.0,6.27,1.0,N,234.0,181.0,2.0,22.5,0.5,0.5,0.0,0.0,0.3,26.3,2.5
2.0,"2019-08-21 21:29:06.000000","2019-08-21 21:52:58.000000",5.0,4.97,1.0,N,234.0,181.0,1.0,20.0,0.5,0.5,4.0,0.0,0.3,27.8,2.5
2.0,"2019-08-21 21:11:15.000000","2019-08-21 21:47:04.000000",1.0,7.48,1.0,N,234.0,181.0,1.0,27.5,0.5,0.5,7.82,0.0,0.3,39.12,2.5
2.0,"2019-08-21 21:55:12.000000","2019-08-21 22:19:54.000000",1.0,5.16,1.0,N,234.0,181.0,1.0,20.0,0.5,0.5,4.76,0.0,0.3,28.56,2.5
2.0,"2019-08-21 22:19:43.000000","2019-08-21 22:42:05.000000",1.0,5.77,1.0,N,234.0,181.0,1.0,20.5,0.5,0.5,4.86,0.0,0.3,29.16,2.5
2.0,"2019-08-21 22:23:16.000000","2019-08-21 22:48:08.000000",1.0,5.86,1.0,N,234.0,181.0,1.0,22.0,0.5,0.5,5.16,0.0,0.3,30.96,2.5
2.0,"2019-08-21 22:03:58.000000","2019-08-21 22:38:57.000000",5.0,6.89,1.0,N,234.0,181.0,1.0,27.0,0.5,0.5,6.16,0.0,0.3,36.96,2.5
1.0,"2019-08-21 22:55:30.000000","2019-08-21 23:16:59.000000",1.0,5.3,1.0,N,234.0,181.0,1.0,20.0,3.0,0.5,4.76,0.0,0.3,28.56,2.5
1.0,"2019-08-21 22:22:22.000000","2019-08-21 22:44:51.000000",1.0,5.5,1.0,N,234.0,181.0,1.0,20.0,3.0,0.5,4.75,0.0,0.3,28.55,2.5
2.0,"2019-08-21 22:26:29.000000","2019-08-21 23:03:21.000000",5.0,5.69,1.0,N,234.0,181.0,1.0,24.5,0.5,0.5,3.0,0.0,0.3,31.3,2.5
2.0,"2019-08-21 22:18:07.000000","2019-08-21 22:40:35.000000",3.0,5.45,1.0,N,234.0,181.0,1.0,20.0,0.5,0.5,4.76,0.0,0.3,28.56,2.5
2.0,"2019-08-21 23:19:59.000000","2019-08-21 23:40:50.000000",1.0,5.42,1.0,N,234.0,181.0,2.0,18.0,0.5,0.5,0.0,0.0,0.3,21.8,2.5
2.0,"2019-08-21 23:44:54.000000","2019-08-22 00:06:05.000000",1.0,5.46,1.0,N,234.0,181.0,1.0,19.5,0.5,0.5,4.66,0.0,0.3,27.96,2.5
1.0,"2019-08-22 01:09:47.000000","2019-08-22 01:31:21.000000",1.0,6.1,1.0,N,234.0,181.0,1.0,21.0,3.0,0.5,3.5,0.0,0.3,28.3,2.5
2.0,"2019-08-22 02:14:02.000000","2019-08-22 02:33:03.000000",1.0,5.38,1.0,N,234.0,181.0,1.0,19.0,0.5,0.5,4.56,0.0,0.3,27.36,2.5
2.0,"2019-08-22 02:09:25.000000","2019-08-22 02:26:56.000000",2.0,7.0,1.0,N,234.0,181.0,1.0,22.0,0.5,0.5,5.16,0.0,0.3,30.96,2.5
1.0,"2019-08-22 15:50:33.000000","2019-08-22 16:34:15.000000",1.0,4.9,1.0,N,234.0,181.0,1.0,28.0,3.5,0.5,6.45,0.0,0.3,38.75,2.5
1.0,"2019-08-22 17:04:00.000000","2019-08-22 17:42:48.000000",1.0,6.0,1.0,N,234.0,181.0,1.0,27.0,3.5,0.5,1.0,0.0,0.3,32.3,2.5
1.0,"2019-08-22 20:27:41.000000","2019-08-22 20:59:09.000000",1.0,5.5,1.0,N,234.0,181.0,2.0,22.5,3.0,0.5,0.0,0.0,0.3,26.3,2.5
2.0,"2019-08-22 20:14:45.000000","2019-08-22 20:42:25.000000",1.0,8.96,1.0,N,234.0,181.0,1.0,28.0,0.5,0.5,5.69,6.12,0.3,43.61,2.5
2.0,"2019-08-22 21:29:18.000000","2019-08-22 22:01:14.000000",2.0,5.03,1.0,N,234.0,181.0,1.0,22.5,0.5,0.5,7.89,0.0,0.3,34.19,2.5
2.0,"2019-08-22 21:06:36.000000","2019-08-22 21:36:57.000000",1.0,5.59,1.0,N,234.0,181.0,1.0,22.5,0.5,0.5,5.26,0.0,0.3,31.56,2.5
2.0,"2019-08-22 21:47:39.000000","2019-08-22 22:27:44.000000",1.0,6.14,1.0,N,234.0,181.0,1.0,26.5,0.5,0.5,6.06,0.0,0.3,36.36,2.5
2.0,"2019-08-22 21:48:22.000000","2019-08-22 22:22:53.000000",1.0,5.05,1.0,N,234.0,181.0,1.0,23.5,0.5,0.5,5.46,0.0,0.3,32.76,2.5
1.0,"2019-08-22 21:35:20.000000","2019-08-22 22:14:56.000000",1.0,8.0,1.0,N,234.0,181.0,2.0,30.5,3.0,0.5,0.0,0.0,0.3,34.3,2.5
1.0,"2019-08-22 22:11:00.000000","2019-08-22 22:38:53.000000",1.0,5.3,1.0,N,234.0,181.0,1.0,21.5,3.0,0.5,5.05,0.0,0.3,30.35,2.5
2.0,"2019-08-22 22:22:03.000000","2019-08-22 22:58:46.000000",1.0,6.1,1.0,N,234.0,181.0,1.0,26.0,0.5,0.5,5.96,0.0,0.3,35.76,2.5
2.0,"2019-08-22 22:48:01.000000","2019-08-22 23:22:56.000000",1.0,6.77,1.0,N,234.0,181.0,1.0,26.0,0.5,0.5,5.96,0.0,0.3,35.76,2.5
1.0,"2019-08-22 22:13:01.000000","2019-08-22 22:56:02.000000",1.0,7.7,1.0,N,234.0,181.0,1.0,32.0,3.0,0.5,7.15,0.0,0.3,42.95,2.5
2.0,"2019-08-22 23:06:59.000000","2019-08-22 23:41:05.000000",1.0,7.4,1.0,N,234.0,181.0,1.0,26.0,0.5,0.5,5.96,0.0,0.3,35.76,2.5
2.0,"2019-08-22 23:46:40.000000","2019-08-23 00:10:32.000000",1.0,5.49,1.0,N,234.0,181.0,1.0,20.0,0.5,0.5,5.95,0.0,0.3,29.75,2.5
2.0,"2019-08-23 00:07:53.000000","2019-08-23 00:32:10.000000",1.0,5.3,1.0,N,234.0,181.0,1.0,20.5,0.5,0.5,4.86,0.0,0.3,29.16,2.5
1.0,"2019-08-23 00:50:34.000000","2019-08-23 01:09:45.000000",1.0,5.0,1.0,N,234.0,181.0,1.0,18.0,3.0,0.5,4.35,0.0,0.3,26.15,2.5
2.0,"2019-08-23 01:14:47.000000","2019-08-23 01:39:40.000000",1.0,7.49,1.0,N,234.0,181.0,1.0,24.0,0.5,0.5,5.56,0.0,0.3,33.36,2.5
2.0,"2019-08-23 04:17:31.000000","2019-08-23 04:38:37.000000",2.0,7.24,1.0,N,234.0,181.0,1.0,23.5,0.5,0.5,5.46,0.0,0.3,32.76,2.5
1.0,"2019-08-23 04:05:02.000000","2019-08-23 04:25:07.000000",1.0,7.2,1.0,N,234.0,181.0,1.0,22.5,3.0,0.5,5.25,0.0,0.3,31.55,2.5
2.0,"2019-08-23 13:45:49.000000","2019-08-23 14:13:26.000000",1.0,4.71,1.0,N,234.0,181.0,1.0,20.5,0.0,0.5,2.5,0.0,0.3,26.3,2.5
2.0,"2019-08-23 14:36:09.000000","2019-08-23 15:07:58.000000",5.0,5.32,1.0,N,234.0,181.0,2.0,23.0,0.0,0.5,0.0,0.0,0.3,26.3,2.5
2.0,"2019-08-23 17:19:24.000000","2019-08-23 18:04:48.000000",1.0,5.03,1.0,N,234.0,181.0,1.0,24.5,1.0,0.5,0.0,0.0,0.3,28.8,2.5
2.0,"2019-08-23 18:40:58.000000","2019-08-23 19:23:33.000000",1.0,9.57,1.0,N,234.0,181.0,1.0,35.5,1.0,0.5,9.18,6.12,0.3,55.1,2.5
2.0,"2019-08-23 19:20:25.000000","2019-08-23 19:56:24.000000",1.0,6.18,1.0,N,234.0,181.0,1.0,26.5,1.0,0.5,6.16,0.0,0.3,36.96,2.5
2.0,"2019-08-23 21:44:08.000000","2019-08-23 22:16:10.000000",2.0,8.19,1.0,N,234.0,181.0,1.0,29.0,0.5,0.5,6.56,0.0,0.3,39.36,2.5
1.0,"2019-08-23 21:18:16.000000","2019-08-23 21:56:05.000000",0.0,6.2,1.0,N,234.0,181.0,1.0,27.5,3.0,0.5,9.35,0.0,0.3,40.65,2.5
2.0,"2019-08-23 22:20:37.000000","2019-08-23 22:51:51.000000",1.0,5.49,1.0,N,234.0,181.0,1.0,23.5,0.5,0.5,5.46,0.0,0.3,32.76,2.5
2.0,"2019-08-23 22:25:58.000000","2019-08-23 22:59:28.000000",1.0,5.74,1.0,N,234.0,181.0,2.0,24.0,0.5,0.5,0.0,0.0,0.3,27.8,2.5
1.0,"2019-08-23 23:09:34.000000","2019-08-23 23:36:48.000000",1.0,5.6,1.0,N,234.0,181.0,2.0,22.0,3.0,0.5,0.0,0.0,0.3,25.8,2.5
1.0,"2019-08-23 23:08:20.000000","2019-08-23 23:39:15.000000",2.0,5.3,1.0,N,234.0,181.0,1.0,23.0,3.0,0.5,5.36,0.0,0.3,32.16,2.5
1.0,"2019-08-24 00:24:01.000000","2019-08-24 00:51:11.000000",1.0,5.9,1.0,N,234.0,181.0,2.0,22.5,3.0,0.5,0.0,0.0,0.3,26.3,2.5
2.0,"2019-08-24 00:01:31.000000","2019-08-24 00:23:07.000000",1.0,5.62,1.0,N,234.0,181.0,1.0,19.5,0.5,0.5,5.82,0.0,0.3,29.12,2.5
2.0,"2019-08-24 00:26:18.000000","2019-08-24 00:57:22.000000",1.0,7.42,1.0,N,234.0,181.0,1.0,26.0,0.5,0.5,5.96,0.0,0.3,35.76,2.5
2.0,"2019-08-24 01:43:15.000000","2019-08-24 02:06:38.000000",1.0,5.55,1.0,N,234.0,181.0,1.0,20.5,0.5,0.5,4.86,0.0,0.3,29.16,2.5
1.0,"2019-08-24 01:11:15.000000","2019-08-24 01:35:21.000000",1.0,8.0,1.0,N,234.0,181.0,1.0,26.0,3.0,0.5,2.0,0.0,0.3,31.8,2.5
1.0,"2019-08-24 01:08:04.000000","2019-08-24 01:28:38.000000",1.0,7.0,1.0,N,234.0,181.0,1.0,23.0,3.0,0.5,2.0,0.0,0.3,28.8,2.5
2.0,"2019-08-24 02:49:38.000000","2019-08-24 03:06:38.000000",1.0,5.18,1.0,N,234.0,181.0,1.0,17.5,0.5,0.5,0.0,0.0,0.3,21.3,2.5
2.0,"2019-08-24 11:36:30.000000","2019-08-24 12:01:52.000000",2.0,6.7,1.0,N,234.0,181.0,1.0,23.5,0.0,0.5,6.58,6.12,0.3,39.5,2.5
1.0,"2019-08-24 19:12:41.000000","2019-08-24 19:38:35.000000",1.0,4.3,1.0,N,234.0,181.0,1.0,19.5,2.5,0.5,4.55,0.0,0.3,27.35,2.5
2.0,"2019-08-24 20:23:17.000000","2019-08-24 20:52:39.000000",1.0,7.24,1.0,N,234.0,181.0,1.0,25.5,0.5,0.5,5.86,0.0,0.3,35.16,2.5
2.0,"2019-08-24 23:30:18.000000","2019-08-24 23:53:32.000000",2.0,5.74,1.0,N,234.0,181.0,1.0,21.0,0.5,0.5,4.96,0.0,0.3,29.76,2.5
2.0,"2019-08-25 02:18:00.000000","2019-08-25 02:34:52.000000",2.0,4.93,1.0,N,234.0,181.0,1.0,17.5,0.5,0.5,4.26,0.0,0.3,25.56,2.5
1.0,"2019-08-25 02:18:31.000000","2019-08-25 02:31:06.000000",1.0,4.1,1.0,N,234.0,181.0,1.0,14.0,3.0,0.5,3.55,0.0,0.3,21.35,2.5
2.0,"2019-08-25 20:34:14.000000","2019-08-25 21:02:28.000000",1.0,5.48,1.0,N,234.0,181.0,1.0,21.5,0.5,0.5,6.32,0.0,0.3,31.62,2.5
2.0,"2019-08-25 23:12:15.000000","2019-08-25 23:33:12.000000",3.0,4.98,1.0,N,234.0,181.0,1.0,18.5,0.5,0.5,4.46,0.0,0.3,26.76,2.5
1.0,"2019-08-26 00:40:52.000000","2019-08-26 01:02:46.000000",1.0,7.0,1.0,N,234.0,181.0,1.0,23.0,3.0,0.5,5.35,0.0,0.3,32.15,2.5
2.0,"2019-08-26 00:56:10.000000","2019-08-26 01:16:26.000000",3.0,6.26,1.0,N,234.0,181.0,1.0,20.5,0.5,0.5,2.5,0.0,0.3,26.8,2.5
2.0,"2019-08-26 16:33:10.000000","2019-08-26 17:09:30.000000",1.0,8.21,1.0,N,234.0,181.0,1.0,29.0,1.0,0.5,7.88,6.12,0.3,47.3,2.5
2.0,"2019-08-26 18:12:32.000000","2019-08-26 18:42:26.000000",1.0,5.15,1.0,N,234.0,181.0,1.0,22.0,1.0,0.5,0.0,0.0,0.3,23.8,0.0
2.0,"2019-08-26 19:43:05.000000","2019-08-26 20:14:50.000000",1.0,5.53,1.0,N,234.0,181.0,1.0,23.5,1.0,0.5,5.56,0.0,0.3,33.36,2.5
2.0,"2019-08-26 20:17:17.000000","2019-08-26 20:47:09.000000",1.0,6.33,1.0,N,234.0,181.0,1.0,24.0,0.5,0.5,5.56,0.0,0.3,33.36,2.5
2.0,"2019-08-26 21:37:48.000000","2019-08-26 22:12:01.000000",1.0,7.68,1.0,N,234.0,181.0,1.0,28.0,0.5,0.5,6.2,0.0,0.3,38.0,2.5
2.0,"2019-08-27 00:17:01.000000","2019-08-27 00:39:40.000000",1.0,7.05,1.0,N,234.0,181.0,1.0,23.0,0.5,0.5,5.36,0.0,0.3,32.16,2.5
1.0,"2019-08-27 01:08:07.000000","2019-08-27 01:30:38.000000",3.0,5.7,1.0,N,234.0,181.0,1.0,21.0,3.0,0.5,6.2,0.0,0.3,31.0,2.5
1.0,"2019-08-27 04:07:34.000000","2019-08-27 04:24:58.000000",2.0,6.6,1.0,N,234.0,181.0,1.0,21.5,3.0,0.5,2.0,0.0,0.3,27.3,2.5
2.0,"2019-08-27 15:03:28.000000","2019-08-27 15:41:45.000000",6.0,8.67,1.0,N,234.0,181.0,1.0,30.5,0.0,0.5,5.0,0.0,0.3,38.8,2.5
2.0,"2019-08-27 17:24:00.000000","2019-08-27 18:05:26.000000",3.0,5.44,1.0,N,234.0,181.0,1.0,26.5,1.0,0.5,6.16,0.0,0.3,36.96,2.5
2.0,"2019-08-27 17:56:58.000000","2019-08-27 18:36:05.000000",1.0,5.14,1.0,N,234.0,181.0,1.0,25.5,1.0,0.5,0.0,0.0,0.3,27.3,0.0
1.0,"2019-08-27 19:10:08.000000","2019-08-27 19:40:59.000000",1.0,6.9,1.0,N,234.0,181.0,1.0,25.5,3.5,0.5,5.95,0.0,0.3,35.75,2.5
1.0,"2019-08-27 20:40:48.000000","2019-08-27 21:14:37.000000",1.0,6.0,1.0,N,234.0,181.0,1.0,25.0,3.0,0.5,5.75,0.0,0.3,34.55,2.5
2.0,"2019-08-27 20:52:25.000000","2019-08-27 21:14:49.000000",2.0,5.67,1.0,N,234.0,181.0,2.0,20.0,0.5,0.5,0.0,0.0,0.3,23.8,2.5
2.0,"2019-08-27 20:51:55.000000","2019-08-27 21:19:04.000000",1.0,6.3,1.0,N,234.0,181.0,2.0,22.5,0.5,0.5,0.0,0.0,0.3,26.3,2.5
2.0,"2019-08-27 22:09:20.000000","2019-08-27 22:37:18.000000",1.0,6.84,1.0,N,234.0,181.0,1.0,24.0,0.5,0.5,5.56,0.0,0.3,33.36,2.5
2.0,"2019-08-27 22:19:54.000000","2019-08-27 22:46:51.000000",1.0,6.55,1.0,N,234.0,181.0,1.0,23.0,0.5,0.5,5.36,0.0,0.3,32.16,2.5
2.0,"2019-08-27 22:16:46.000000","2019-08-27 22:38:58.000000",1.0,5.19,1.0,N,234.0,181.0,1.0,20.0,0.5,0.5,5.95,0.0,0.3,29.75,2.5
1.0,"2019-08-27 22:42:02.000000","2019-08-27 23:06:10.000000",1.0,5.0,1.0,N,234.0,181.0,1.0,20.0,3.0,0.5,4.75,0.0,0.3,28.55,2.5
1.0,"2019-08-27 23:48:35.000000","2019-08-28 00:11:24.000000",3.0,5.6,1.0,N,234.0,181.0,1.0,20.0,3.0,0.5,5.95,0.0,0.3,29.75,2.5
2.0,"2019-08-28 00:09:11.000000","2019-08-28 00:32:04.000000",1.0,6.25,1.0,N,234.0,181.0,1.0,22.0,0.5,0.5,7.74,0.0,0.3,33.54,2.5
2.0,"2019-08-28 01:34:06.000000","2019-08-28 01:55:10.000000",5.0,6.22,1.0,N,234.0,181.0,1.0,21.5,0.5,0.5,2.5,0.0,0.3,27.8,2.5
2.0,"2019-08-28 09:31:01.000000","2019-08-28 10:10:00.000000",1.0,5.24,1.0,N,234.0,181.0,1.0,27.0,0.0,0.5,7.58,0.0,0.3,37.88,2.5
1.0,"2019-08-28 10:43:38.000000","2019-08-28 11:30:34.000000",1.0,8.7,1.0,N,234.0,181.0,1.0,36.0,2.5,0.5,7.85,0.0,0.3,47.15,2.5
1.0,"2019-08-28 12:50:08.000000","2019-08-28 13:21:50.000000",2.0,5.4,1.0,N,234.0,181.0,1.0,24.0,2.5,0.5,8.15,0.0,0.3,35.45,2.5
2.0,"2019-08-28 16:43:11.000000","2019-08-28 17:28:28.000000",1.0,7.88,1.0,N,234.0,181.0,1.0,31.0,1.0,0.5,10.59,0.0,0.3,45.89,2.5
2.0,"2019-08-28 17:59:22.000000","2019-08-28 18:41:04.000000",1.0,5.88,1.0,N,234.0,181.0,1.0,27.0,1.0,0.5,0.0,0.0,0.3,28.8,0.0
2.0,"2019-08-28 18:41:47.000000","2019-08-28 19:16:35.000000",1.0,5.24,1.0,N,234.0,181.0,2.0,24.5,1.0,0.5,0.0,0.0,0.3,28.8,2.5
2.0,"2019-08-28 18:38:57.000000","2019-08-28 19:13:49.000000",1.0,5.79,1.0,N,234.0,181.0,1.0,23.5,1.0,0.5,8.34,0.0,0.3,36.14,2.5
1.0,"2019-08-28 18:08:20.000000","2019-08-28 18:54:36.000000",1.0,7.8,1.0,N,234.0,181.0,1.0,32.5,3.5,0.5,5.0,0.0,0.3,41.8,2.5
1.0,"2019-08-28 18:26:18.000000","2019-08-28 18:55:06.000000",1.0,4.5,1.0,N,234.0,181.0,1.0,21.0,3.5,0.5,5.05,0.0,0.3,30.35,2.5
2.0,"2019-08-28 19:38:11.000000","2019-08-28 20:17:59.000000",1.0,4.87,1.0,N,234.0,181.0,2.0,0.0,0.0,0.0,0.0,0.0,0.0,0.0,0.0
2.0,"2019-08-28 20:11:30.000000","2019-08-28 20:40:23.000000",2.0,5.5,1.0,N,234.0,181.0,1.0,22.0,0.5,0.5,5.16,0.0,0.3,32.91,2.5
1.0,"2019-08-28 20:23:53.000000","2019-08-28 20:57:27.000000",1.0,6.2,1.0,N,234.0,181.0,1.0,25.5,3.0,0.5,5.85,0.0,0.3,35.15,2.5
1.0,"2019-08-28 20:06:12.000000","2019-08-28 20:37:40.000000",1.0,7.2,1.0,N,234.0,181.0,1.0,27.0,3.0,0.5,3.0,0.0,0.3,33.8,2.5
2.0,"2019-08-28 21:31:41.000000","2019-08-28 22:05:13.000000",3.0,6.77,1.0,N,234.0,181.0,1.0,26.0,0.5,0.5,7.45,0.0,0.3,37.25,2.5
2.0,"2019-08-28 22:22:03.000000","2019-08-28 22:46:45.000000",1.0,5.49,1.0,N,234.0,181.0,1.0,21.0,0.5,0.5,3.72,0.0,0.3,28.52,2.5
2.0,"2019-08-28 22:55:48.000000","2019-08-28 23:23:29.000000",1.0,4.91,1.0,N,234.0,181.0,1.0,22.0,0.5,0.5,5.16,0.0,0.3,30.96,2.5
2.0,"2019-08-28 22:06:10.000000","2019-08-28 22:35:16.000000",1.0,6.14,1.0,N,234.0,181.0,1.0,24.0,0.5,0.5,4.5,0.0,0.3,32.3,2.5
1.0,"2019-08-29 01:55:45.000000","2019-08-29 02:19:46.000000",1.0,6.1,1.0,N,234.0,181.0,1.0,22.5,3.0,0.5,5.25,0.0,0.3,31.55,2.5
1.0,"2019-08-29 02:11:29.000000","2019-08-29 02:30:39.000000",1.0,5.2,1.0,N,234.0,181.0,1.0,19.0,3.0,0.5,7.2,0.0,0.3,30.0,2.5
2.0,"2019-08-29 16:10:25.000000","2019-08-29 16:41:33.000000",1.0,5.17,1.0,N,234.0,181.0,1.0,21.5,1.0,0.5,4.0,0.0,0.3,29.8,2.5
2.0,"2019-08-29 17:53:56.000000","2019-08-29 18:21:49.000000",2.0,5.97,1.0,N,234.0,181.0,1.0,22.0,1.0,0.5,5.26,0.0,0.3,31.56,2.5
2.0,"2019-08-29 18:49:45.000000","2019-08-29 19:24:40.000000",1.0,5.32,1.0,N,234.0,181.0,1.0,24.5,1.0,0.5,8.64,0.0,0.3,37.44,2.5
2.0,"2019-08-29 18:21:59.000000","2019-08-29 18:57:44.000000",1.0,5.31,1.0,N,234.0,181.0,2.0,24.0,1.0,0.5,0.0,0.0,0.3,28.3,2.5
2.0,"2019-08-29 18:00:08.000000","2019-08-29 18:45:32.000000",1.0,7.13,1.0,N,234.0,181.0,1.0,29.5,1.0,0.5,0.0,0.0,0.3,31.3,0.0
2.0,"2019-08-29 19:02:55.000000","2019-08-29 19:31:31.000000",6.0,5.14,1.0,N,234.0,181.0,1.0,21.0,1.0,0.5,1.0,0.0,0.3,26.3,2.5
2.0,"2019-08-29 19:09:54.000000","2019-08-29 19:37:50.000000",1.0,9.21,1.0,N,234.0,181.0,1.0,29.5,1.0,0.5,2.0,6.12,0.3,41.92,2.5
2.0,"2019-08-29 19:43:55.000000","2019-08-29 20:08:54.000000",1.0,4.7,1.0,N,234.0,181.0,1.0,19.0,1.0,0.5,4.66,0.0,0.3,27.96,2.5
1.0,"2019-08-29 21:16:02.000000","2019-08-29 21:45:11.000000",1.0,5.5,1.0,N,234.0,181.0,1.0,22.5,3.0,0.5,5.25,0.0,0.3,31.55,2.5
2.0,"2019-08-29 21:18:14.000000","2019-08-29 21:43:06.000000",4.0,8.72,1.0,N,234.0,181.0,1.0,27.0,0.5,0.5,9.23,6.12,0.3,46.15,2.5
2.0,"2019-08-29 21:14:26.000000","2019-08-29 21:42:14.000000",1.0,10.32,1.0,N,234.0,181.0,1.0,31.5,0.5,0.5,8.58,6.12,0.3,50.0,2.5
2.0,"2019-08-29 21:50:06.000000","2019-08-29 22:13:42.000000",4.0,5.59,1.0,N,234.0,181.0,1.0,20.5,0.5,0.5,4.86,0.0,0.3,29.16,2.5
1.0,"2019-08-29 22:44:14.000000","2019-08-29 23:17:43.000000",4.0,7.8,1.0,N,234.0,181.0,1.0,27.5,3.0,0.5,6.25,0.0,0.3,37.55,2.5
2.0,"2019-08-29 23:00:39.000000","2019-08-29 23:26:34.000000",3.0,4.71,1.0,N,234.0,181.0,2.0,19.5,0.5,0.5,0.0,0.0,0.3,23.3,2.5
2.0,"2019-08-29 23:52:03.000000","2019-08-30 00:17:57.000000",1.0,7.53,1.0,N,234.0,181.0,1.0,25.5,0.5,0.5,8.79,0.0,0.3,38.09,2.5
1.0,"2019-08-29 23:06:03.000000","2019-08-29 23:29:47.000000",2.0,5.8,1.0,N,234.0,181.0,1.0,21.0,3.0,0.5,4.95,0.0,0.3,29.75,2.5
2.0,"2019-08-29 23:01:36.000000","2019-08-29 23:29:07.000000",1.0,6.0,1.0,N,234.0,181.0,1.0,22.0,0.5,0.5,6.45,0.0,0.3,32.25,2.5
1.0,"2019-08-29 23:47:23.000000","2019-08-30 00:13:42.000000",1.0,6.2,1.0,N,234.0,181.0,1.0,22.5,3.0,0.5,5.25,0.0,0.3,31.55,2.5
2.0,"2019-08-30 00:40:42.000000","2019-08-30 01:03:28.000000",1.0,5.1,1.0,N,234.0,181.0,1.0,19.5,0.5,0.5,4.66,0.0,0.3,27.96,2.5
1.0,"2019-08-30 00:30:46.000000","2019-08-30 00:54:38.000000",1.0,5.6,1.0,N,234.0,181.0,2.0,21.0,3.0,0.5,0.0,0.0,0.3,24.8,2.5
1.0,"2019-08-30 00:34:21.000000","2019-08-30 00:55:28.000000",1.0,5.3,1.0,N,234.0,181.0,1.0,19.0,3.0,0.5,6.8,0.0,0.3,29.6,2.5
2.0,"2019-08-30 13:37:26.000000","2019-08-30 14:14:14.000000",2.0,6.17,1.0,N,234.0,181.0,2.0,26.5,0.0,0.5,0.0,0.0,0.3,29.8,2.5
2.0,"2019-08-30 14:02:26.000000","2019-08-30 14:39:32.000000",2.0,8.74,1.0,N,234.0,181.0,2.0,31.5,0.0,0.5,0.0,6.12,0.3,40.92,2.5
2.0,"2019-08-30 16:19:38.000000","2019-08-30 16:59:39.000000",6.0,7.89,1.0,N,234.0,181.0,1.0,31.0,1.0,0.5,6.0,6.12,0.3,47.42,2.5
2.0,"2019-08-30 20:51:02.000000","2019-08-30 21:24:42.000000",1.0,5.73,1.0,N,234.0,181.0,1.0,25.0,0.5,0.5,5.76,0.0,0.3,34.56,2.5
2.0,"2019-08-30 22:23:26.000000","2019-08-30 22:57:36.000000",1.0,6.33,1.0,N,234.0,181.0,1.0,25.0,0.5,0.5,5.76,0.0,0.3,34.56,2.5
2.0,"2019-08-30 22:10:41.000000","2019-08-30 22:37:58.000000",1.0,8.05,1.0,N,234.0,181.0,1.0,27.0,0.5,0.5,6.16,0.0,0.3,36.96,2.5
2.0,"2019-08-30 23:29:54.000000","2019-08-31 00:04:53.000000",4.0,7.76,1.0,N,234.0,181.0,1.0,27.5,0.5,0.5,5.0,0.0,0.3,36.3,2.5
1.0,"2019-08-31 00:14:24.000000","2019-08-31 00:45:46.000000",1.0,7.4,1.0,N,234.0,181.0,1.0,27.0,3.0,0.5,2.0,0.0,0.3,32.8,2.5
2.0,"2019-08-31 00:51:17.000000","2019-08-31 01:21:02.000000",1.0,5.9,1.0,N,234.0,181.0,2.0,24.0,0.5,0.5,0.0,0.0,0.3,27.8,2.5
2.0,"2019-08-31 00:11:03.000000","2019-08-31 00:37:58.000000",1.0,5.36,1.0,N,234.0,181.0,1.0,21.5,0.5,0.5,7.59,0.0,0.3,32.89,2.5
2.0,"2019-08-31 01:21:08.000000","2019-08-31 01:46:24.000000",1.0,8.34,1.0,N,234.0,181.0,1.0,27.0,0.5,0.5,9.24,0.0,0.3,40.04,2.5
2.0,"2019-08-31 12:11:16.000000","2019-08-31 12:38:43.000000",1.0,5.91,1.0,N,234.0,181.0,1.0,22.0,0.0,0.5,5.06,0.0,0.3,30.36,2.5
2.0,"2019-08-31 14:10:43.000000","2019-08-31 14:38:12.000000",1.0,7.83,1.0,N,234.0,181.0,1.0,26.0,0.0,0.5,5.86,0.0,0.3,35.16,2.5
2.0,"2019-08-31 18:16:06.000000","2019-08-31 18:37:48.000000",2.0,5.07,1.0,N,234.0,181.0,1.0,19.0,0.0,0.5,4.46,0.0,0.3,26.76,2.5
2.0,"2019-08-31 21:59:11.000000","2019-08-31 22:25:27.000000",1.0,5.57,1.0,N,234.0,181.0,1.0,21.5,0.5,0.5,5.0,0.0,0.3,30.3,2.5
2.0,"2019-08-31 22:49:17.000000","2019-08-31 23:16:42.000000",1.0,5.58,1.0,N,234.0,181.0,1.0,22.0,0.5,0.5,5.16,0.0,0.3,30.96,2.5
2.0,"2019-08-31 23:10:19.000000","2019-08-31 23:40:41.000000",1.0,6.1,1.0,N,234.0,181.0,2.0,24.0,0.5,0.5,0.0,0.0,0.3,27.8,2.5
