2.0,"2019-08-01 00:52:26.000000","2019-08-01 01:05:27.000000",1.0,3.96,1.0,N,234.0,209.0,1.0,14.5,0.5,0.5,3.66,0.0,0.3,21.96,2.5
2.0,"2019-08-01 06:44:42.000000","2019-08-01 06:58:41.000000",1.0,2.55,1.0,N,234.0,209.0,1.0,12.0,0.0,0.5,3.82,0.0,0.3,19.12,2.5
2.0,"2019-08-01 11:54:44.000000","2019-08-01 12:18:42.000000",1.0,4.7,1.0,N,234.0,209.0,1.0,20.0,0.0,0.5,4.66,0.0,0.3,27.96,2.5
1.0,"2019-08-01 11:41:03.000000","2019-08-01 11:57:31.000000",1.0,4.0,1.0,N,234.0,209.0,2.0,16.0,2.5,0.5,0.0,0.0,0.3,19.3,2.5
1.0,"2019-08-01 12:08:38.000000","2019-08-01 12:32:14.000000",1.0,2.3,1.0,N,234.0,209.0,1.0,14.5,2.5,0.5,3.0,0.0,0.3,20.8,2.5
1.0,"2019-08-01 12:55:48.000000","2019-08-01 13:13:33.000000",1.0,4.2,1.0,N,234.0,209.0,2.0,17.0,2.5,0.5,0.0,0.0,0.3,20.3,2.5
1.0,"2019-08-01 13:09:19.000000","2019-08-01 13:32:52.000000",4.0,2.4,1.0,N,234.0,209.0,1.0,15.0,2.5,0.5,3.65,0.0,0.3,21.95,2.5
1.0,"2019-08-01 15:26:56.000000","2019-08-01 15:52:04.000000",2.0,3.4,1.0,N,234.0,209.0,1.0,17.5,2.5,0.5,3.12,0.0,0.3,23.92,2.5
2.0,"2019-08-01 16:33:45.000000","2019-08-01 16:58:18.000000",2.0,4.03,1.0,N,234.0,209.0,1.0,18.0,1.0,0.5,2.0,0.0,0.3,24.3,2.5
1.0,"2019-08-01 17:43:02.000000","2019-08-01 18:09:13.000000",1.0,3.5,1.0,N,234.0,209.0,1.0,17.5,3.5,0.5,5.45,0.0,0.3,27.25,2.5
1.0,"2019-08-01 18:05:43.000000","2019-08-01 18:30:24.000000",1.0,5.3,1.0,N,234.0,209.0,1.0,21.0,3.5,0.5,5.05,0.0,0.3,30.35,2.5
2.0,"2019-08-01 18:40:02.000000","2019-08-01 18:55:35.000000",1.0,4.14,1.0,N,234.0,209.0,1.0,15.5,1.0,0.5,2.0,0.0,0.3,21.8,2.5
2.0,"2019-08-01 19:39:50.000000","2019-08-01 19:57:39.000000",1.0,4.0,1.0,N,234.0,209.0,1.0,16.5,1.0,0.5,4.16,0.0,0.3,24.96,2.5
2.0,"2019-08-01 19:02:54.000000","2019-08-01 19:23:41.000000",1.0,4.58,1.0,N,234.0,209.0,1.0,18.5,1.0,0.5,4.56,0.0,0.3,27.36,2.5
1.0,"2019-08-01 19:07:03.000000","2019-08-01 19:22:15.000000",2.0,4.1,1.0,N,234.0,209.0,1.0,15.0,3.5,0.5,2.9,0.0,0.3,22.2,2.5
2.0,"2019-08-01 21:25:53.000000","2019-08-01 21:37:41.000000",1.0,2.24,1.0,N,234.0,209.0,1.0,10.0,0.5,0.5,1.0,0.0,0.3,14.8,2.5
1.0,"2019-08-01 21:23:04.000000","2019-08-01 21:36:07.000000",1.0,2.7,1.0,N,234.0,209.0,1.0,11.0,3.0,0.5,2.95,0.0,0.3,17.75,2.5
1.0,"2019-08-01 21:21:48.000000","2019-08-01 21:34:31.000000",1.0,2.2,1.0,N,234.0,209.0,1.0,10.0,3.0,0.5,2.75,0.0,0.3,16.55,2.5
1.0,"2019-08-01 22:30:45.000000","2019-08-01 22:46:14.000000",1.0,2.8,1.0,N,234.0,209.0,1.0,12.5,3.0,0.5,3.0,0.0,0.3,19.3,2.5
1.0,"2019-08-01 22:12:01.000000","2019-08-01 22:26:21.000000",1.0,2.6,1.0,N,234.0,209.0,1.0,11.5,3.0,0.5,3.05,0.0,0.3,18.35,2.5
2.0,"2019-08-01 22:04:20.000000","2019-08-01 22:17:19.000000",1.0,4.17,1.0,N,234.0,209.0,1.0,14.0,0.5,0.5,3.56,0.0,0.3,21.36,2.5
1.0,"2019-08-01 23:22:22.000000","2019-08-01 23:34:17.000000",1.0,2.7,1.0,N,234.0,209.0,1.0,11.0,3.0,0.5,2.96,0.0,0.3,17.76,2.5
1.0,"2019-08-02 01:32:53.000000","2019-08-02 01:42:33.000000",1.0,3.1,1.0,N,234.0,209.0,1.0,10.5,3.0,0.5,2.85,0.0,0.3,17.15,2.5
2.0,"2019-08-02 01:48:22.000000","2019-08-02 02:00:37.000000",1.0,2.92,1.0,N,234.0,209.0,1.0,11.0,0.5,0.5,2.96,0.0,0.3,17.76,2.5
2.0,"2019-08-02 07:52:41.000000","2019-08-02 08:07:33.000000",1.0,2.75,1.0,N,234.0,209.0,1.0,12.5,0.0,0.5,3.95,0.0,0.3,19.75,2.5
2.0,"2019-08-02 08:23:12.000000","2019-08-02 08:44:24.000000",1.0,4.6,1.0,N,234.0,209.0,1.0,18.5,0.0,0.5,4.36,0.0,0.3,26.16,2.5
2.0,"2019-08-02 09:39:47.000000","2019-08-02 10:02:53.000000",1.0,4.5,1.0,N,234.0,209.0,2.0,19.5,0.0,0.5,0.0,0.0,0.3,22.8,2.5
2.0,"2019-08-02 09:07:01.000000","2019-08-02 09:26:33.000000",1.0,2.85,1.0,N,234.0,209.0,1.0,14.0,0.0,0.5,1.73,0.0,0.3,20.98,2.5
2.0,"2019-08-02 09:38:22.000000","2019-08-02 10:06:32.000000",4.0,4.68,1.0,N,234.0,209.0,2.0,22.0,0.0,0.5,0.0,0.0,0.3,25.3,2.5
2.0,"2019-08-02 12:54:04.000000","2019-08-02 13:10:20.000000",1.0,4.15,1.0,N,234.0,209.0,1.0,15.5,0.0,0.5,3.76,0.0,0.3,22.56,2.5
1.0,"2019-08-02 12:03:02.000000","2019-08-02 12:22:23.000000",1.0,4.3,1.0,N,234.0,209.0,1.0,17.5,2.5,0.5,5.2,0.0,0.3,26.0,2.5
2.0,"2019-08-02 13:54:52.000000","2019-08-02 14:17:49.000000",1.0,2.56,1.0,N,234.0,209.0,1.0,15.0,0.0,0.5,3.66,0.0,0.3,21.96,2.5
1.0,"2019-08-02 13:18:19.000000","2019-08-02 13:35:42.000000",1.0,4.6,1.0,N,234.0,209.0,1.0,17.0,2.5,0.5,4.05,0.0,0.3,24.35,2.5
2.0,"2019-08-02 14:40:02.000000","2019-08-02 14:57:21.000000",2.0,4.24,1.0,N,234.0,209.0,2.0,16.0,0.0,0.5,0.0,0.0,0.3,19.3,2.5
2.0,"2019-08-02 15:19:13.000000","2019-08-02 15:37:11.000000",1.0,4.43,1.0,N,234.0,209.0,2.0,17.0,0.0,0.5,0.0,0.0,0.3,20.3,2.5
2.0,"2019-08-02 15:53:57.000000","2019-08-02 16:20:45.000000",2.0,3.01,1.0,N,234.0,209.0,2.0,17.5,0.0,0.5,0.0,0.0,0.3,20.8,2.5
2.0,"2019-08-02 16:16:54.000000","2019-08-02 16:37:52.000000",1.0,4.49,1.0,N,234.0,209.0,1.0,17.5,1.0,0.5,5.45,0.0,0.3,27.25,2.5
2.0,"2019-08-02 17:48:00.000000","2019-08-02 18:04:05.000000",1.0,4.15,1.0,N,234.0,209.0,2.0,15.5,1.0,0.5,0.0,0.0,0.3,19.8,2.5
1.0,"2019-08-02 18:25:48.000000","2019-08-02 18:46:15.000000",1.0,4.2,1.0,N,234.0,209.0,1.0,17.5,3.5,0.5,5.45,0.0,0.3,27.25,2.5
1.0,"2019-08-02 18:13:10.000000","2019-08-02 18:30:30.000000",1.0,4.5,1.0,N,234.0,209.0,1.0,16.5,3.5,0.5,4.15,0.0,0.3,24.95,2.5
2.0,"2019-08-02 18:58:53.000000","2019-08-02 19:17:52.000000",2.0,4.53,1.0,N,234.0,209.0,2.0,17.0,1.0,0.5,0.0,0.0,0.3,21.3,2.5
2.0,"2019-08-02 18:54:29.000000","2019-08-02 19:09:50.000000",1.0,4.2,1.0,N,234.0,209.0,1.0,15.0,1.0,0.5,2.0,0.0,0.3,21.3,2.5
1.0,"2019-08-02 19:59:41.000000","2019-08-02 20:18:24.000000",1.0,4.0,1.0,N,234.0,209.0,1.0,16.5,3.0,0.5,2.03,0.0,0.3,22.33,2.5
2.0,"2019-08-02 20:51:14.000000","2019-08-02 21:08:42.000000",1.0,4.01,1.0,N,234.0,209.0,1.0,15.5,0.5,0.5,3.86,0.0,0.3,23.16,2.5
1.0,"2019-08-02 20:35:07.000000","2019-08-02 20:54:25.000000",2.0,4.1,1.0,N,234.0,209.0,1.0,16.5,3.0,0.5,4.05,0.0,0.3,24.35,2.5
2.0,"2019-08-02 20:20:20.000000","2019-08-02 20:40:09.000000",2.0,4.26,1.0,N,234.0,209.0,1.0,16.5,0.5,0.5,2.0,0.0,0.3,22.3,2.5
2.0,"2019-08-02 20:48:13.000000","2019-08-02 21:13:55.000000",5.0,4.06,1.0,N,234.0,209.0,1.0,19.0,0.5,0.5,4.56,0.0,0.3,27.36,2.5
1.0,"2019-08-02 21:47:29.000000","2019-08-02 22:06:54.000000",1.0,3.1,1.0,N,234.0,209.0,1.0,14.0,3.0,0.5,4.45,0.0,0.3,22.25,2.5
2.0,"2019-08-02 21:42:01.000000","2019-08-02 21:59:31.000000",1.0,2.8,1.0,N,234.0,209.0,2.0,13.0,0.5,0.5,0.0,0.0,0.3,16.8,2.5
2.0,"2019-08-02 22:50:30.000000","2019-08-02 23:05:34.000000",1.0,4.16,1.0,N,234.0,209.0,2.0,15.5,0.5,0.5,0.0,0.0,0.3,19.3,2.5
1.0,"2019-08-02 22:50:25.000000","2019-08-02 23:05:35.000000",1.0,4.0,1.0,N,234.0,209.0,1.0,15.5,3.0,0.5,3.85,0.0,0.3,23.15,2.5
2.0,"2019-08-02 22:56:24.000000","2019-08-02 23:10:59.000000",2.0,3.73,1.0,N,234.0,209.0,2.0,14.5,0.5,0.5,0.0,0.0,0.3,18.3,2.5
2.0,"2019-08-02 22:47:15.000000","2019-08-02 22:59:30.000000",2.0,2.47,1.0,N,234.0,209.0,1.0,10.5,0.5,0.5,2.0,0.0,0.3,16.3,2.5
2.0,"2019-08-02 23:36:26.000000","2019-08-02 23:51:24.000000",2.0,2.91,1.0,N,234.0,209.0,1.0,12.0,0.5,0.5,3.16,0.0,0.3,18.96,2.5
2.0,"2019-08-02 23:01:59.000000","2019-08-02 23:16:18.000000",1.0,1.92,1.0,N,234.0,209.0,1.0,11.0,0.5,0.5,1.0,0.0,0.3,15.8,2.5
1.0,"2019-08-03 00:11:28.000000","2019-08-03 00:21:20.000000",1.0,2.3,1.0,N,234.0,209.0,1.0,9.5,3.0,0.5,2.65,0.0,0.3,15.95,2.5
2.0,"2019-08-03 00:29:43.000000","2019-08-03 00:43:18.000000",1.0,2.44,1.0,N,234.0,209.0,1.0,11.0,0.5,0.5,2.96,0.0,0.3,17.76,2.5
2.0,"2019-08-03 02:50:45.000000","2019-08-03 02:59:29.000000",1.0,2.59,1.0,N,234.0,209.0,1.0,9.5,0.5,0.5,2.66,0.0,0.3,15.96,2.5
2.0,"2019-08-03 02:16:25.000000","2019-08-03 02:26:25.000000",1.0,2.85,1.0,N,234.0,209.0,1.0,11.0,0.5,0.5,3.7,0.0,0.3,18.5,2.5
1.0,"2019-08-03 02:14:37.000000","2019-08-03 02:27:40.000000",0.0,3.1,1.0,N,234.0,209.0,1.0,12.0,3.0,0.5,3.15,0.0,0.3,18.95,2.5
1.0,"2019-08-03 09:16:04.000000","2019-08-03 09:32:08.000000",2.0,2.7,1.0,N,234.0,209.0,1.0,13.0,2.5,0.5,3.25,0.0,0.3,19.55,2.5
2.0,"2019-08-03 14:15:10.000000","2019-08-03 14:31:03.000000",2.0,2.21,1.0,N,234.0,209.0,1.0,11.5,0.0,0.5,2.96,0.0,0.3,17.76,2.5
2.0,"2019-08-03 15:27:14.000000","2019-08-03 15:43:54.000000",1.0,3.67,1.0,N,234.0,209.0,2.0,14.0,0.0,0.5,0.0,0.0,0.3,17.3,2.5
2.0,"2019-08-03 16:58:38.000000","2019-08-03 17:22:04.000000",1.0,3.37,1.0,N,234.0,209.0,2.0,16.5,0.0,0.5,0.0,0.0,0.3,19.8,2.5
2.0,"2019-08-03 17:53:48.000000","2019-08-03 18:09:36.000000",1.0,2.72,1.0,N,234.0,209.0,1.0,12.5,0.0,0.5,3.16,0.0,0.3,18.96,2.5
1.0,"2019-08-03 19:56:46.000000","2019-08-03 20:16:42.000000",2.0,4.0,1.0,N,234.0,209.0,1.0,13.0,2.5,0.5,3.25,0.0,0.3,19.55,2.5
2.0,"2019-08-03 19:57:35.000000","2019-08-03 20:14:13.000000",1.0,4.14,1.0,N,234.0,209.0,2.0,15.5,0.0,0.5,0.0,0.0,0.3,18.8,2.5
1.0,"2019-08-03 19:56:19.000000","2019-08-03 20:08:06.000000",1.0,2.0,1.0,N,234.0,209.0,2.0,9.5,3.0,0.5,0.0,0.0,0.3,13.3,2.5
2.0,"2019-08-03 21:02:26.000000","2019-08-03 21:18:39.000000",1.0,4.08,1.0,N,234.0,209.0,1.0,15.5,0.5,0.5,3.0,0.0,0.3,22.3,2.5
2.0,"2019-08-03 22:54:36.000000","2019-08-03 23:08:45.000000",4.0,2.66,1.0,N,234.0,209.0,1.0,11.5,0.5,0.5,1.0,0.0,0.3,16.3,2.5
2.0,"2019-08-04 04:38:45.000000","2019-08-04 04:46:53.000000",6.0,2.52,1.0,N,234.0,209.0,1.0,9.5,0.5,0.5,0.0,0.0,0.3,13.3,2.5
2.0,"2019-08-04 11:55:05.000000","2019-08-04 12:12:28.000000",1.0,3.9,1.0,N,234.0,209.0,1.0,16.0,0.0,0.5,1.93,0.0,0.3,21.23,2.5
2.0,"2019-08-04 12:37:48.000000","2019-08-04 13:05:52.000000",1.0,6.16,1.0,N,234.0,209.0,1.0,24.5,0.0,0.5,6.95,0.0,0.3,34.75,2.5
2.0,"2019-08-04 12:21:41.000000","2019-08-04 12:31:01.000000",1.0,1.04,1.0,N,234.0,209.0,2.0,7.5,0.0,0.5,0.0,0.0,0.3,10.8,2.5
1.0,"2019-08-04 13:27:07.000000","2019-08-04 13:40:05.000000",1.0,2.7,1.0,N,234.0,209.0,1.0,11.5,2.5,0.5,2.96,0.0,0.3,17.76,2.5
2.0,"2019-08-04 14:03:01.000000","2019-08-04 14:17:22.000000",1.0,2.59,1.0,N,234.0,209.0,1.0,11.5,0.0,0.5,1.0,0.0,0.3,15.8,2.5
2.0,"2019-08-04 14:24:29.000000","2019-08-04 14:37:44.000000",1.0,4.14,1.0,N,234.0,209.0,1.0,14.5,0.0,0.5,3.56,0.0,0.3,21.36,2.5
1.0,"2019-08-04 16:58:24.000000","2019-08-04 17:15:28.000000",3.0,4.3,1.0,N,234.0,209.0,1.0,16.5,2.5,0.5,3.95,0.0,0.3,23.75,2.5
1.0,"2019-08-04 17:45:59.000000","2019-08-04 17:58:33.000000",1.0,4.2,1.0,N,234.0,209.0,1.0,15.0,2.5,0.5,5.0,0.0,0.3,23.3,2.5
1.0,"2019-08-04 19:15:33.000000","2019-08-04 19:33:35.000000",1.0,4.4,1.0,N,234.0,209.0,3.0,17.0,2.5,0.5,0.0,0.0,0.3,20.3,2.5
1.0,"2019-08-05 09:50:33.000000","2019-08-05 10:10:52.000000",1.0,2.5,1.0,N,234.0,209.0,1.0,14.0,2.5,0.5,5.15,0.0,0.3,22.45,2.5
2.0,"2019-08-05 10:31:23.000000","2019-08-05 10:56:11.000000",3.0,2.9,1.0,N,234.0,209.0,1.0,16.5,0.0,0.5,4.95,0.0,0.3,24.75,2.5
1.0,"2019-08-05 11:09:30.000000","2019-08-05 11:32:48.000000",0.0,2.5,1.0,N,234.0,209.0,1.0,15.0,2.5,0.5,3.65,0.0,0.3,21.95,2.5
1.0,"2019-08-05 11:52:41.000000","2019-08-05 12:15:52.000000",1.0,4.1,1.0,N,234.0,209.0,1.0,18.5,2.5,0.5,4.35,0.0,0.3,26.15,2.5
2.0,"2019-08-05 13:19:01.000000","2019-08-05 13:39:34.000000",2.0,2.5,1.0,N,234.0,209.0,1.0,14.5,0.0,0.5,2.0,0.0,0.3,19.8,2.5
2.0,"2019-08-05 13:44:23.000000","2019-08-05 14:05:30.000000",5.0,4.36,1.0,N,234.0,209.0,1.0,19.0,0.0,0.5,1.0,0.0,0.3,23.3,2.5
1.0,"2019-08-05 13:38:00.000000","2019-08-05 13:55:20.000000",1.0,4.1,1.0,N,234.0,209.0,2.0,16.0,2.5,0.5,0.0,0.0,0.3,19.3,2.5
2.0,"2019-08-05 15:05:05.000000","2019-08-05 15:24:42.000000",2.0,3.9,1.0,N,234.0,209.0,1.0,17.0,0.0,0.5,4.06,0.0,0.3,24.36,2.5
1.0,"2019-08-05 17:30:46.000000","2019-08-05 17:57:23.000000",1.0,4.0,1.0,N,234.0,209.0,2.0,19.0,3.5,0.5,0.0,0.0,0.3,23.3,2.5
1.0,"2019-08-05 17:28:23.000000","2019-08-05 17:51:08.000000",1.0,2.6,1.0,N,234.0,209.0,1.0,15.0,3.5,0.5,4.83,0.0,0.3,24.13,2.5
2.0,"2019-08-05 18:03:25.000000","2019-08-05 18:24:12.000000",1.0,3.13,1.0,N,234.0,209.0,1.0,15.5,1.0,0.5,3.96,0.0,0.3,23.76,2.5
2.0,"2019-08-05 20:19:31.000000","2019-08-05 20:35:48.000000",1.0,4.58,1.0,N,234.0,209.0,2.0,15.5,0.5,0.5,0.0,0.0,0.3,19.3,2.5
2.0,"2019-08-05 22:15:45.000000","2019-08-05 22:28:47.000000",1.0,2.57,1.0,N,234.0,209.0,1.0,11.0,0.5,0.5,2.96,0.0,0.3,17.76,2.5
1.0,"2019-08-05 22:58:14.000000","2019-08-05 23:12:47.000000",1.0,2.8,1.0,N,234.0,209.0,1.0,12.0,3.0,0.5,3.15,0.0,0.3,18.95,2.5
2.0,"2019-08-05 22:54:15.000000","2019-08-05 23:08:08.000000",1.0,4.41,1.0,N,234.0,209.0,1.0,15.0,0.5,0.5,3.76,0.0,0.3,22.56,2.5
2.0,"2019-08-06 09:25:36.000000","2019-08-06 09:53:49.000000",2.0,2.68,1.0,N,234.0,209.0,1.0,17.5,0.0,0.5,4.16,0.0,0.3,24.96,2.5
2.0,"2019-08-06 11:47:48.000000","2019-08-06 12:13:09.000000",1.0,2.72,1.0,N,234.0,209.0,2.0,17.0,0.0,0.5,0.0,0.0,0.3,20.3,2.5
2.0,"2019-08-06 11:44:48.000000","2019-08-06 12:11:32.000000",1.0,3.13,1.0,N,234.0,209.0,1.0,17.5,0.0,0.5,4.16,0.0,0.3,24.96,2.5
1.0,"2019-08-06 12:30:45.000000","2019-08-06 12:50:58.000000",4.0,4.1,1.0,N,234.0,209.0,2.0,17.5,2.5,0.5,0.0,0.0,0.3,20.8,2.5
2.0,"2019-08-06 13:29:25.000000","2019-08-06 13:50:01.000000",1.0,3.73,1.0,N,234.0,209.0,1.0,16.0,0.0,0.5,0.0,0.0,0.3,19.3,2.5
1.0,"2019-08-06 14:48:33.000000","2019-08-06 15:07:35.000000",1.0,4.3,1.0,N,234.0,209.0,1.0,17.0,2.5,0.5,2.0,0.0,0.3,22.3,2.5
1.0,"2019-08-06 16:00:44.000000","2019-08-06 16:33:28.000000",3.0,3.9,1.0,N,234.0,209.0,2.0,21.5,3.5,0.5,0.0,0.0,0.3,25.8,2.5
2.0,"2019-08-06 17:27:50.000000","2019-08-06 17:52:57.000000",1.0,3.15,1.0,N,234.0,209.0,1.0,16.5,1.0,0.5,2.5,0.0,0.3,23.3,2.5
1.0,"2019-08-06 18:19:15.000000","2019-08-06 18:38:45.000000",1.0,2.6,1.0,N,234.0,209.0,1.0,13.5,3.5,0.5,1.0,0.0,0.3,18.8,2.5
1.0,"2019-08-06 18:55:08.000000","2019-08-06 19:12:01.000000",3.0,2.8,1.0,N,234.0,209.0,1.0,12.5,3.5,0.5,0.01,0.0,0.3,16.81,2.5
1.0,"2019-08-06 19:10:25.000000","2019-08-06 19:27:57.000000",1.0,2.8,1.0,N,234.0,209.0,1.0,12.5,3.5,0.5,2.0,0.0,0.3,18.8,2.5
1.0,"2019-08-06 19:59:41.000000","2019-08-06 20:12:15.000000",4.0,2.7,1.0,N,234.0,209.0,2.0,11.0,3.0,0.5,0.0,0.0,0.3,14.8,2.5
1.0,"2019-08-06 19:32:34.000000","2019-08-06 19:46:34.000000",1.0,4.0,1.0,N,234.0,209.0,1.0,15.0,3.0,0.5,3.75,0.0,0.3,22.55,2.5
2.0,"2019-08-06 20:54:17.000000","2019-08-06 21:05:43.000000",1.0,2.25,1.0,N,234.0,209.0,1.0,10.0,0.5,0.5,1.5,0.0,0.3,15.3,2.5
2.0,"2019-08-06 20:10:44.000000","2019-08-06 20:32:20.000000",1.0,4.42,1.0,N,234.0,209.0,1.0,18.5,0.5,0.5,5.58,0.0,0.3,27.88,2.5
2.0,"2019-08-06 21:09:12.000000","2019-08-06 21:26:58.000000",2.0,3.25,1.0,N,234.0,209.0,1.0,13.5,0.5,0.5,3.46,0.0,0.3,20.76,2.5
2.0,"2019-08-06 21:03:50.000000","2019-08-06 21:18:27.000000",2.0,4.3,1.0,N,234.0,209.0,1.0,15.0,0.5,0.5,3.76,0.0,0.3,22.56,2.5
2.0,"2019-08-06 21:53:13.000000","2019-08-06 22:08:46.000000",2.0,2.89,1.0,N,234.0,209.0,2.0,12.0,0.5,0.5,0.0,0.0,0.3,15.8,2.5
2.0,"2019-08-06 22:03:06.000000","2019-08-06 22:15:12.000000",1.0,2.44,1.0,N,234.0,209.0,1.0,10.0,0.5,0.5,2.76,0.0,0.3,16.56,2.5
2.0,"2019-08-06 22:10:56.000000","2019-08-06 22:23:15.000000",1.0,4.19,1.0,N,234.0,209.0,1.0,14.5,0.5,0.5,3.66,0.0,0.3,21.96,2.5
2.0,"2019-08-06 22:28:46.000000","2019-08-06 22:45:10.000000",1.0,4.38,1.0,N,234.0,209.0,1.0,16.0,0.5,0.5,3.96,0.0,0.3,23.76,2.5
2.0,"2019-08-06 23:56:52.000000","2019-08-07 00:08:01.000000",5.0,2.63,1.0,N,234.0,209.0,1.0,10.5,0.5,0.5,2.86,0.0,0.3,17.16,2.5
1.0,"2019-08-07 05:40:45.000000","2019-08-07 05:53:44.000000",1.0,4.1,1.0,N,234.0,209.0,1.0,15.0,3.0,0.5,3.76,0.0,0.3,22.56,2.5
2.0,"2019-08-07 11:33:01.000000","2019-08-07 11:51:03.000000",1.0,2.46,1.0,N,234.0,209.0,1.0,13.0,0.0,0.5,3.26,0.0,0.3,19.56,2.5
1.0,"2019-08-07 12:02:03.000000","2019-08-07 12:26:50.000000",3.0,2.2,1.0,N,234.0,209.0,1.0,15.5,2.5,0.5,3.75,0.0,0.3,22.55,2.5
1.0,"2019-08-07 12:06:30.000000","2019-08-07 12:28:22.000000",1.0,2.7,1.0,N,234.0,209.0,1.0,15.0,2.5,0.5,5.49,0.0,0.3,23.79,2.5
2.0,"2019-08-07 12:19:13.000000","2019-08-07 12:50:22.000000",5.0,2.53,1.0,N,234.0,209.0,1.0,18.5,0.0,0.5,4.36,0.0,0.3,26.16,2.5
1.0,"2019-08-07 14:30:15.000000","2019-08-07 14:50:51.000000",1.0,4.0,1.0,N,234.0,209.0,1.0,17.0,2.5,0.5,4.05,0.0,0.3,24.35,2.5
2.0,"2019-08-07 18:36:31.000000","2019-08-07 18:58:55.000000",1.0,2.63,1.0,N,234.0,209.0,1.0,15.0,1.0,0.5,1.8,0.0,0.3,21.1,2.5
1.0,"2019-08-07 19:46:22.000000","2019-08-07 20:08:31.000000",1.0,4.2,1.0,N,234.0,209.0,1.0,18.0,3.5,0.5,4.45,0.0,0.3,26.75,2.5
2.0,"2019-08-07 19:30:19.000000","2019-08-07 19:48:28.000000",1.0,2.53,1.0,N,234.0,209.0,1.0,12.5,1.0,0.5,3.36,0.0,0.3,20.16,2.5
1.0,"2019-08-07 20:40:28.000000","2019-08-07 20:57:30.000000",2.0,2.9,1.0,N,234.0,209.0,2.0,13.0,3.0,0.5,0.0,0.0,0.3,16.8,2.5
2.0,"2019-08-07 20:15:36.000000","2019-08-07 20:27:24.000000",1.0,2.22,1.0,N,234.0,209.0,1.0,9.5,0.5,0.5,2.66,0.0,0.3,15.96,2.5
1.0,"2019-08-07 21:44:02.000000","2019-08-07 21:56:04.000000",2.0,2.3,1.0,N,234.0,209.0,1.0,10.0,3.0,0.5,2.75,0.0,0.3,16.55,2.5
2.0,"2019-08-07 21:12:59.000000","2019-08-07 21:29:01.000000",1.0,3.03,1.0,N,234.0,209.0,1.0,12.5,0.5,0.5,3.26,0.0,0.3,19.56,2.5
2.0,"2019-08-07 23:24:58.000000","2019-08-07 23:32:52.000000",4.0,2.13,1.0,N,234.0,209.0,1.0,8.5,0.5,0.5,2.46,0.0,0.3,14.76,2.5
2.0,"2019-08-08 00:14:15.000000","2019-08-08 00:27:26.000000",1.0,3.13,1.0,N,234.0,209.0,1.0,12.0,0.5,0.5,3.16,0.0,0.3,18.96,2.5
2.0,"2019-08-08 05:41:34.000000","2019-08-08 05:56:21.000000",1.0,4.14,1.0,N,234.0,209.0,1.0,15.5,0.5,0.5,3.86,0.0,0.3,23.16,2.5
1.0,"2019-08-08 11:35:20.000000","2019-08-08 11:54:24.000000",1.0,4.3,1.0,N,234.0,209.0,1.0,18.0,2.5,0.5,1.7,0.0,0.3,23.0,2.5
2.0,"2019-08-08 14:28:36.000000","2019-08-08 14:43:13.000000",1.0,4.02,1.0,N,234.0,209.0,2.0,14.5,0.0,0.5,0.0,0.0,0.3,17.8,2.5
2.0,"2019-08-08 15:05:12.000000","2019-08-08 15:33:03.000000",2.0,4.93,1.0,N,234.0,209.0,1.0,21.5,0.0,0.5,6.2,0.0,0.3,31.0,2.5
2.0,"2019-08-08 16:50:13.000000","2019-08-08 17:17:40.000000",5.0,4.09,1.0,N,234.0,209.0,1.0,19.0,1.0,0.5,3.0,0.0,0.3,26.3,2.5
2.0,"2019-08-08 17:12:07.000000","2019-08-08 17:34:37.000000",1.0,4.21,1.0,N,234.0,209.0,2.0,17.5,1.0,0.5,0.0,0.0,0.3,21.8,2.5
2.0,"2019-08-08 18:59:06.000000","2019-08-08 19:16:54.000000",1.0,2.75,1.0,N,234.0,209.0,1.0,13.0,1.0,0.5,3.46,0.0,0.3,20.76,2.5
2.0,"2019-08-08 18:45:01.000000","2019-08-08 19:12:49.000000",2.0,4.43,1.0,N,234.0,209.0,2.0,20.5,1.0,0.5,0.0,0.0,0.3,24.8,2.5
2.0,"2019-08-08 18:32:25.000000","2019-08-08 18:52:42.000000",1.0,4.17,1.0,N,234.0,209.0,1.0,17.0,1.0,0.5,2.5,0.0,0.3,23.8,2.5
2.0,"2019-08-08 18:44:08.000000","2019-08-08 19:19:05.000000",1.0,4.31,1.0,N,234.0,209.0,2.0,24.0,1.0,0.5,0.0,0.0,0.3,28.3,2.5
2.0,"2019-08-08 19:34:04.000000","2019-08-08 19:45:19.000000",1.0,2.0,1.0,N,234.0,209.0,1.0,9.5,1.0,0.5,2.0,0.0,0.3,15.8,2.5
2.0,"2019-08-08 19:11:59.000000","2019-08-08 19:32:42.000000",1.0,3.91,1.0,N,234.0,209.0,1.0,17.0,1.0,0.5,5.32,0.0,0.3,26.62,2.5
1.0,"2019-08-08 20:58:44.000000","2019-08-08 21:15:19.000000",1.0,4.0,1.0,N,234.0,209.0,1.0,16.0,3.0,0.5,3.95,0.0,0.3,23.75,2.5
1.0,"2019-08-08 21:40:37.000000","2019-08-08 21:58:12.000000",1.0,2.8,1.0,N,234.0,209.0,1.0,13.0,3.0,0.5,3.35,0.0,0.3,20.15,2.5
2.0,"2019-08-08 21:27:04.000000","2019-08-08 21:41:37.000000",1.0,2.7,1.0,N,234.0,209.0,1.0,11.5,0.5,0.5,2.0,0.0,0.3,17.3,2.5
1.0,"2019-08-08 22:47:45.000000","2019-08-08 22:58:20.000000",2.0,2.5,1.0,N,234.0,209.0,1.0,10.0,3.0,0.5,2.75,0.0,0.3,16.55,2.5
2.0,"2019-08-08 23:02:48.000000","2019-08-08 23:12:22.000000",1.0,2.1,1.0,N,234.0,209.0,1.0,9.0,0.5,0.5,2.56,0.0,0.3,15.36,2.5
2.0,"2019-08-09 00:23:07.000000","2019-08-09 00:38:37.000000",2.0,3.06,1.0,N,234.0,209.0,1.0,12.5,0.5,0.5,3.26,0.0,0.3,19.56,2.5
1.0,"2019-08-09 00:44:06.000000","2019-08-09 01:03:23.000000",1.0,4.9,1.0,N,234.0,209.0,1.0,17.5,3.0,0.5,4.25,0.0,0.3,25.55,2.5
2.0,"2019-08-09 00:20:01.000000","2019-08-09 00:34:35.000000",1.0,3.41,1.0,N,234.0,209.0,1.0,13.0,0.5,0.5,3.36,0.0,0.3,20.16,2.5
2.0,"2019-08-09 02:17:46.000000","2019-08-09 02:30:59.000000",1.0,2.94,1.0,N,234.0,209.0,1.0,12.0,0.5,0.5,3.16,0.0,0.3,18.96,2.5
1.0,"2019-08-09 07:32:15.000000","2019-08-09 07:43:30.000000",1.0,2.1,1.0,N,234.0,209.0,1.0,10.0,2.5,0.5,2.65,0.0,0.3,15.95,2.5
2.0,"2019-08-09 12:15:13.000000","2019-08-09 12:41:27.000000",2.0,4.22,1.0,N,234.0,209.0,1.0,19.5,0.0,0.5,4.56,0.0,0.3,27.36,2.5
2.0,"2019-08-09 14:01:23.000000","2019-08-09 14:16:01.000000",1.0,3.86,1.0,N,234.0,209.0,1.0,14.5,0.0,0.5,3.56,0.0,0.3,21.36,2.5
1.0,"2019-08-09 15:12:48.000000","2019-08-09 15:32:07.000000",1.0,4.3,1.0,N,234.0,209.0,1.0,17.0,2.5,0.5,1.5,0.0,0.3,21.8,2.5
2.0,"2019-08-09 15:29:15.000000","2019-08-09 15:54:39.000000",1.0,4.37,1.0,N,234.0,209.0,1.0,20.0,0.0,0.5,2.0,0.0,0.3,25.3,2.5
1.0,"2019-08-09 16:05:06.000000","2019-08-09 16:29:48.000000",1.0,2.4,1.0,N,234.0,209.0,1.0,16.0,3.5,0.5,4.05,0.0,0.3,24.35,2.5
2.0,"2019-08-09 16:41:38.000000","2019-08-09 17:04:11.000000",1.0,2.43,1.0,N,234.0,209.0,1.0,15.5,1.0,0.5,2.0,0.0,0.3,21.8,2.5
2.0,"2019-08-09 17:57:41.000000","2019-08-09 18:22:35.000000",1.0,2.69,1.0,N,234.0,209.0,2.0,16.0,1.0,0.5,0.0,0.0,0.3,20.3,2.5
2.0,"2019-08-09 17:25:17.000000","2019-08-09 18:07:46.000000",3.0,4.95,1.0,N,234.0,209.0,1.0,28.0,1.0,0.5,0.7,0.0,0.3,33.0,2.5
1.0,"2019-08-09 18:16:37.000000","2019-08-09 18:43:45.000000",1.0,2.8,1.0,N,234.0,209.0,1.0,17.5,3.5,0.5,4.35,0.0,0.3,26.15,2.5
1.0,"2019-08-09 18:20:12.000000","2019-08-09 18:37:36.000000",2.0,4.0,1.0,N,234.0,209.0,1.0,16.0,3.5,0.5,3.05,0.0,0.3,23.35,2.5
2.0,"2019-08-09 18:43:27.000000","2019-08-09 18:59:42.000000",1.0,4.44,1.0,N,234.0,209.0,1.0,16.5,1.0,0.5,6.24,0.0,0.3,27.04,2.5
2.0,"2019-08-09 20:35:09.000000","2019-08-09 21:13:23.000000",1.0,7.93,1.0,N,234.0,209.0,1.0,31.0,0.5,0.5,8.7,0.0,0.3,43.5,2.5
2.0,"2019-08-09 20:54:38.000000","2019-08-09 21:16:31.000000",1.0,4.1,1.0,N,234.0,209.0,1.0,18.0,0.5,0.5,6.54,0.0,0.3,28.34,2.5
2.0,"2019-08-09 21:46:57.000000","2019-08-09 22:01:06.000000",1.0,2.68,1.0,N,234.0,209.0,2.0,11.5,0.5,0.5,0.0,0.0,0.3,15.3,2.5
2.0,"2019-08-09 21:34:41.000000","2019-08-09 21:47:41.000000",2.0,2.45,1.0,N,234.0,209.0,1.0,11.0,0.5,0.5,2.96,0.0,0.3,17.76,2.5
2.0,"2019-08-09 23:37:24.000000","2019-08-09 23:49:04.000000",1.0,2.36,1.0,N,234.0,209.0,2.0,10.0,0.5,0.5,0.0,0.0,0.3,13.8,2.5
1.0,"2019-08-10 00:43:03.000000","2019-08-10 00:52:31.000000",1.0,2.3,1.0,N,234.0,209.0,2.0,9.5,3.0,0.5,0.0,0.0,0.3,13.3,2.5
2.0,"2019-08-10 07:56:11.000000","2019-08-10 08:07:09.000000",1.0,2.7,1.0,N,234.0,209.0,1.0,10.5,0.0,0.5,2.76,0.0,0.3,16.56,2.5
2.0,"2019-08-10 08:14:27.000000","2019-08-10 08:28:25.000000",2.0,2.98,1.0,N,234.0,209.0,1.0,12.5,0.0,0.5,3.16,0.0,0.3,18.96,2.5
1.0,"2019-08-10 11:23:19.000000","2019-08-10 11:43:45.000000",4.0,4.7,1.0,N,234.0,209.0,1.0,19.0,2.5,0.5,4.45,0.0,0.3,26.75,2.5
2.0,"2019-08-10 10:59:37.000000","2019-08-10 11:26:40.000000",1.0,5.23,1.0,N,234.0,209.0,1.0,22.0,0.0,0.5,2.0,0.0,0.3,27.3,2.5
2.0,"2019-08-10 13:40:13.000000","2019-08-10 13:57:16.000000",3.0,4.09,1.0,N,234.0,209.0,1.0,16.0,0.0,0.5,3.86,0.0,0.3,23.16,2.5
1.0,"2019-08-10 17:01:56.000000","2019-08-10 17:25:10.000000",4.0,2.7,1.0,N,234.0,209.0,1.0,15.5,2.5,0.5,3.75,0.0,0.3,22.55,2.5
1.0,"2019-08-10 17:39:51.000000","2019-08-10 17:54:58.000000",2.0,2.6,1.0,N,234.0,209.0,1.0,12.5,2.5,0.5,1.0,0.0,0.3,16.8,2.5
2.0,"2019-08-10 18:07:00.000000","2019-08-10 18:24:16.000000",1.0,2.32,1.0,N,234.0,209.0,1.0,12.0,0.0,0.5,3.06,0.0,0.3,18.36,2.5
2.0,"2019-08-10 18:44:11.000000","2019-08-10 18:56:26.000000",1.0,2.29,1.0,N,234.0,209.0,1.0,10.5,0.0,0.5,2.76,0.0,0.3,16.56,2.5
2.0,"2019-08-10 21:12:29.000000","2019-08-10 21:28:27.000000",1.0,4.37,1.0,N,234.0,209.0,1.0,16.0,0.5,0.5,3.96,0.0,0.3,23.76,2.5
2.0,"2019-08-11 00:45:19.000000","2019-08-11 00:57:11.000000",1.0,2.84,1.0,N,234.0,209.0,1.0,11.0,0.5,0.5,1.0,0.0,0.3,15.8,2.5
2.0,"2019-08-11 00:34:23.000000","2019-08-11 00:48:20.000000",2.0,4.18,1.0,N,234.0,209.0,1.0,15.0,0.5,0.5,3.76,0.0,0.3,22.56,2.5
2.0,"2019-08-11 01:01:37.000000","2019-08-11 01:11:26.000000",2.0,2.36,1.0,N,234.0,209.0,1.0,9.5,0.5,0.5,2.66,0.0,0.3,15.96,2.5
2.0,"2019-08-11 01:06:35.000000","2019-08-11 01:14:38.000000",1.0,2.54,1.0,N,234.0,209.0,1.0,9.0,0.5,0.5,2.56,0.0,0.3,15.36,2.5
1.0,"2019-08-11 13:06:50.000000","2019-08-11 13:25:30.000000",1.0,2.8,1.0,N,234.0,209.0,2.0,13.5,2.5,0.5,0.0,0.0,0.3,16.8,2.5
2.0,"2019-08-11 14:28:54.000000","2019-08-11 14:42:27.000000",6.0,3.98,1.0,N,234.0,209.0,1.0,14.5,0.0,0.5,3.56,0.0,0.3,21.36,2.5
2.0,"2019-08-11 16:03:37.000000","2019-08-11 16:18:12.000000",1.0,4.06,1.0,N,234.0,209.0,2.0,14.5,0.0,0.5,0.0,0.0,0.3,17.8,2.5
2.0,"2019-08-11 17:47:56.000000","2019-08-11 18:01:17.000000",2.0,2.32,1.0,N,234.0,209.0,1.0,11.0,0.0,0.5,2.86,0.0,0.3,17.16,2.5
2.0,"2019-08-11 22:30:17.000000","2019-08-11 22:48:17.000000",1.0,4.41,1.0,N,234.0,209.0,1.0,16.5,0.5,0.5,4.06,0.0,0.3,24.36,2.5
2.0,"2019-08-11 22:17:51.000000","2019-08-11 22:28:56.000000",2.0,2.54,1.0,N,234.0,209.0,1.0,10.0,0.5,0.5,2.76,0.0,0.3,16.56,2.5
1.0,"2019-08-12 11:09:34.000000","2019-08-12 11:27:49.000000",1.0,2.3,1.0,N,234.0,209.0,1.0,13.0,2.5,0.5,3.25,0.0,0.3,19.55,2.5
1.0,"2019-08-12 13:48:57.000000","2019-08-12 14:05:10.000000",1.0,4.0,1.0,N,234.0,209.0,1.0,16.0,2.5,0.5,3.0,0.0,0.3,22.3,2.5
1.0,"2019-08-12 14:34:49.000000","2019-08-12 14:48:03.000000",2.0,2.4,1.0,N,234.0,209.0,1.0,10.5,2.5,0.5,3.0,0.0,0.3,16.8,2.5
2.0,"2019-08-12 14:34:08.000000","2019-08-12 15:00:32.000000",1.0,4.66,1.0,N,234.0,209.0,1.0,20.5,0.0,0.5,4.76,0.0,0.3,28.56,2.5
1.0,"2019-08-12 16:05:28.000000","2019-08-12 16:24:48.000000",3.0,2.3,1.0,N,234.0,209.0,1.0,13.5,3.5,0.5,2.5,0.0,0.3,20.3,2.5
2.0,"2019-08-12 16:58:03.000000","2019-08-12 17:16:25.000000",1.0,4.01,1.0,N,234.0,209.0,1.0,16.5,1.0,0.5,4.16,0.0,0.3,24.96,2.5
2.0,"2019-08-12 18:40:39.000000","2019-08-12 19:06:33.000000",1.0,2.99,1.0,N,234.0,209.0,1.0,17.0,1.0,0.5,4.26,0.0,0.3,25.56,2.5
2.0,"2019-08-12 18:22:40.000000","2019-08-12 18:38:13.000000",1.0,4.58,1.0,N,234.0,209.0,2.0,16.5,1.0,0.5,0.0,0.0,0.3,20.8,2.5
2.0,"2019-08-12 19:09:31.000000","2019-08-12 19:23:10.000000",6.0,2.62,1.0,N,234.0,209.0,1.0,11.5,1.0,0.5,3.16,0.0,0.3,18.96,2.5
2.0,"2019-08-12 20:28:04.000000","2019-08-12 20:47:58.000000",1.0,2.72,1.0,N,234.0,209.0,1.0,14.0,0.5,0.5,3.56,0.0,0.3,21.36,2.5
1.0,"2019-08-12 20:28:14.000000","2019-08-12 20:42:05.000000",1.0,2.8,1.0,N,234.0,209.0,1.0,11.5,3.0,0.5,3.05,0.0,0.3,18.35,2.5
2.0,"2019-08-12 20:04:57.000000","2019-08-12 20:20:44.000000",1.0,4.26,1.0,N,234.0,209.0,1.0,16.5,0.5,0.5,4.06,0.0,0.3,24.36,2.5
1.0,"2019-08-12 20:28:31.000000","2019-08-12 20:43:59.000000",1.0,2.9,1.0,Y,234.0,209.0,1.0,12.5,3.0,0.5,3.25,0.0,0.3,19.55,2.5
1.0,"2019-08-12 20:32:34.000000","2019-08-12 20:45:41.000000",2.0,3.8,1.0,N,234.0,209.0,1.0,14.0,3.0,0.5,1.0,0.0,0.3,18.8,2.5
2.0,"2019-08-12 20:57:33.000000","2019-08-12 21:11:50.000000",1.0,2.39,1.0,N,234.0,209.0,1.0,11.5,0.5,0.5,2.0,0.0,0.3,17.3,2.5
2.0,"2019-08-12 21:46:02.000000","2019-08-12 21:58:31.000000",1.0,2.65,1.0,N,234.0,209.0,1.0,11.0,0.5,0.5,2.96,0.0,0.3,17.76,2.5
2.0,"2019-08-12 22:44:00.000000","2019-08-12 22:55:51.000000",1.0,2.87,1.0,N,234.0,209.0,1.0,11.5,0.5,0.5,3.06,0.0,0.3,18.36,2.5
2.0,"2019-08-12 22:30:05.000000","2019-08-12 22:41:42.000000",2.0,4.23,1.0,N,234.0,209.0,1.0,15.0,0.5,0.5,3.76,0.0,0.3,22.56,2.5
2.0,"2019-08-13 00:19:56.000000","2019-08-13 00:32:43.000000",2.0,2.91,1.0,N,234.0,209.0,1.0,11.5,0.5,0.5,1.0,0.0,0.3,16.3,2.5
2.0,"2019-08-13 07:48:40.000000","2019-08-13 08:03:53.000000",1.0,2.6,1.0,N,234.0,209.0,1.0,12.5,0.0,0.5,3.95,0.0,0.3,19.75,2.5
2.0,"2019-08-13 08:20:16.000000","2019-08-13 08:36:01.000000",1.0,4.3,1.0,N,234.0,209.0,1.0,16.0,0.0,0.5,4.0,0.0,0.3,23.3,2.5
1.0,"2019-08-13 12:33:12.000000","2019-08-13 12:49:05.000000",1.0,3.7,1.0,N,234.0,209.0,1.0,15.0,2.5,0.5,3.0,0.0,0.3,21.3,2.5
2.0,"2019-08-13 12:20:04.000000","2019-08-13 12:37:17.000000",1.0,2.43,1.0,N,234.0,209.0,1.0,13.0,0.0,0.5,3.26,0.0,0.3,19.56,2.5
1.0,"2019-08-13 15:35:18.000000","2019-08-13 15:55:08.000000",1.0,2.6,1.0,N,234.0,209.0,1.0,13.5,2.5,0.5,2.52,0.0,0.3,19.32,2.5
2.0,"2019-08-13 15:29:19.000000","2019-08-13 15:48:11.000000",5.0,4.41,1.0,N,234.0,209.0,2.0,17.0,0.0,0.5,0.0,0.0,0.3,20.3,2.5
1.0,"2019-08-13 17:40:20.000000","2019-08-13 18:00:15.000000",1.0,2.5,1.0,N,234.0,209.0,1.0,13.5,3.5,0.5,2.0,0.0,0.3,19.8,2.5
1.0,"2019-08-13 17:29:40.000000","2019-08-13 17:47:55.000000",1.0,4.3,1.0,N,234.0,209.0,1.0,16.0,3.5,0.5,5.05,0.0,0.3,25.35,2.5
2.0,"2019-08-13 18:17:49.000000","2019-08-13 18:33:49.000000",1.0,3.99,1.0,N,234.0,209.0,1.0,15.5,1.0,0.5,3.96,0.0,0.3,23.76,2.5
2.0,"2019-08-13 18:00:21.000000","2019-08-13 18:17:58.000000",1.0,4.74,1.0,N,234.0,209.0,1.0,17.5,1.0,0.5,4.36,0.0,0.3,26.16,2.5
1.0,"2019-08-13 18:44:48.000000","2019-08-13 19:04:00.000000",1.0,2.9,1.0,N,234.0,209.0,1.0,14.0,3.5,0.5,4.55,0.0,0.3,22.85,2.5
1.0,"2019-08-13 21:14:46.000000","2019-08-13 21:28:56.000000",1.0,2.6,1.0,N,234.0,209.0,1.0,11.5,3.0,0.5,3.05,0.0,0.3,18.35,2.5
2.0,"2019-08-13 22:59:58.000000","2019-08-13 23:13:41.000000",1.0,2.51,1.0,N,234.0,209.0,1.0,11.0,0.5,0.5,2.96,0.0,0.3,17.76,2.5
2.0,"2019-08-13 23:32:34.000000","2019-08-13 23:42:01.000000",1.0,2.25,1.0,N,234.0,209.0,2.0,9.5,0.5,0.5,0.0,0.0,0.3,13.3,2.5
2.0,"2019-08-13 17:14:52.000000","2019-08-13 17:25:25.000000",1.0,2.33,1.0,N,234.0,209.0,1.0,10.0,0.5,0.5,2.76,0.0,0.3,16.56,2.5
1.0,"2019-08-14 05:45:07.000000","2019-08-14 06:05:01.000000",1.0,4.1,1.0,N,234.0,209.0,1.0,17.5,3.0,0.5,4.26,0.0,0.3,25.56,2.5
2.0,"2019-08-14 07:45:07.000000","2019-08-14 07:58:31.000000",1.0,2.72,1.0,N,234.0,209.0,1.0,11.5,0.0,0.5,3.7,0.0,0.3,18.5,2.5
2.0,"2019-08-14 09:50:42.000000","2019-08-14 10:13:43.000000",1.0,3.91,1.0,N,234.0,209.0,1.0,16.5,0.0,0.5,3.96,0.0,0.3,23.76,2.5
2.0,"2019-08-14 10:11:18.000000","2019-08-14 10:45:25.000000",1.0,4.27,1.0,N,234.0,209.0,1.0,23.0,0.0,0.5,5.26,0.0,0.3,31.56,2.5
2.0,"2019-08-14 10:49:07.000000","2019-08-14 11:08:53.000000",1.0,4.1,1.0,N,234.0,209.0,2.0,17.0,0.0,0.5,0.0,0.0,0.3,20.3,2.5
1.0,"2019-08-14 12:03:34.000000","2019-08-14 12:17:26.000000",1.0,3.7,1.0,N,234.0,209.0,1.0,14.0,2.5,0.5,3.45,0.0,0.3,20.75,2.5
2.0,"2019-08-14 13:37:55.000000","2019-08-14 14:04:06.000000",1.0,2.77,1.0,N,234.0,209.0,1.0,17.0,0.0,0.5,4.06,0.0,0.3,24.36,2.5
2.0,"2019-08-14 14:25:15.000000","2019-08-14 14:45:04.000000",2.0,2.95,1.0,N,234.0,209.0,1.0,14.0,0.0,0.5,1.7,0.0,0.3,19.0,2.5
2.0,"2019-08-14 15:01:14.000000","2019-08-14 15:26:12.000000",2.0,4.52,1.0,N,234.0,209.0,1.0,19.0,0.0,0.5,4.46,0.0,0.3,26.76,2.5
2.0,"2019-08-14 17:49:55.000000","2019-08-14 18:23:26.000000",5.0,2.39,1.0,N,234.0,209.0,1.0,19.5,1.0,0.5,4.76,0.0,0.3,28.56,2.5
2.0,"2019-08-14 17:16:48.000000","2019-08-14 17:47:25.000000",1.0,2.58,1.0,N,234.0,209.0,1.0,18.5,1.0,0.5,4.56,0.0,0.3,27.36,2.5
1.0,"2019-08-14 19:32:03.000000","2019-08-14 19:51:06.000000",1.0,4.6,1.0,N,234.0,209.0,1.0,17.5,3.5,0.5,4.35,0.0,0.3,26.15,2.5
2.0,"2019-08-14 19:56:32.000000","2019-08-14 20:14:39.000000",1.0,4.45,1.0,N,234.0,209.0,1.0,17.0,1.0,0.5,4.26,0.0,0.3,25.56,2.5
2.0,"2019-08-14 19:28:16.000000","2019-08-14 19:47:58.000000",1.0,4.56,1.0,N,234.0,209.0,1.0,18.0,1.0,0.5,2.23,0.0,0.3,24.53,2.5
2.0,"2019-08-14 20:25:49.000000","2019-08-14 20:40:22.000000",5.0,2.65,1.0,N,234.0,209.0,1.0,11.5,0.5,0.5,3.06,0.0,0.3,18.36,2.5
1.0,"2019-08-14 20:00:42.000000","2019-08-14 20:17:02.000000",1.0,2.2,1.0,N,234.0,209.0,1.0,12.0,3.0,0.5,3.15,0.0,0.3,18.95,2.5
2.0,"2019-08-14 20:19:52.000000","2019-08-14 20:36:09.000000",1.0,2.92,1.0,N,234.0,209.0,1.0,12.5,0.5,0.5,1.0,0.0,0.3,17.3,2.5
2.0,"2019-08-14 21:49:51.000000","2019-08-14 22:06:51.000000",1.0,4.14,1.0,N,234.0,209.0,1.0,16.0,0.5,0.5,3.96,0.0,0.3,23.76,2.5
2.0,"2019-08-14 21:01:31.000000","2019-08-14 21:16:57.000000",1.0,4.38,1.0,N,234.0,209.0,1.0,16.0,0.5,0.5,3.96,0.0,0.3,23.76,2.5
2.0,"2019-08-14 22:32:37.000000","2019-08-14 22:47:10.000000",1.0,3.9,1.0,N,234.0,209.0,1.0,14.5,0.5,0.5,3.66,0.0,0.3,21.96,2.5
1.0,"2019-08-14 22:00:28.000000","2019-08-14 22:11:45.000000",1.0,2.4,1.0,N,234.0,209.0,1.0,10.5,3.0,0.5,2.86,0.0,0.3,17.16,2.5
2.0,"2019-08-14 22:26:10.000000","2019-08-14 22:41:17.000000",1.0,4.22,1.0,N,234.0,209.0,2.0,16.0,0.5,0.5,0.0,0.0,0.3,19.8,2.5
2.0,"2019-08-14 23:03:40.000000","2019-08-14 23:14:53.000000",4.0,2.24,1.0,N,234.0,209.0,1.0,10.0,0.5,0.5,2.76,0.0,0.3,16.56,2.5
2.0,"2019-08-15 00:36:45.000000","2019-08-15 00:46:24.000000",1.0,2.5,1.0,N,234.0,209.0,1.0,10.0,0.5,0.5,2.76,0.0,0.3,16.56,2.5
2.0,"2019-08-15 01:15:30.000000","2019-08-15 01:23:46.000000",1.0,2.34,1.0,N,234.0,209.0,1.0,9.0,0.5,0.5,2.56,0.0,0.3,15.36,2.5
2.0,"2019-08-15 02:34:53.000000","2019-08-15 02:45:00.000000",1.0,3.05,1.0,N,234.0,209.0,1.0,11.0,0.5,0.5,0.0,0.0,0.3,14.8,2.5
1.0,"2019-08-15 07:53:23.000000","2019-08-15 08:09:34.000000",1.0,2.6,1.0,N,234.0,209.0,1.0,13.0,2.5,0.5,4.05,0.0,0.3,20.35,2.5
1.0,"2019-08-15 08:17:37.000000","2019-08-15 08:33:09.000000",1.0,4.3,1.0,N,234.0,209.0,1.0,16.0,2.5,0.5,1.93,0.0,0.3,21.23,2.5
2.0,"2019-08-15 10:14:20.000000","2019-08-15 10:31:31.000000",5.0,4.36,1.0,N,234.0,209.0,2.0,17.0,0.0,0.5,0.0,0.0,0.3,20.3,2.5
2.0,"2019-08-15 10:49:51.000000","2019-08-15 11:04:48.000000",1.0,4.47,1.0,N,234.0,209.0,2.0,16.0,0.0,0.5,0.0,0.0,0.3,19.3,2.5
2.0,"2019-08-15 10:52:12.000000","2019-08-16 10:46:26.000000",1.0,2.33,1.0,N,234.0,209.0,2.0,15.5,0.0,0.5,0.0,0.0,0.3,18.8,2.5
2.0,"2019-08-15 10:03:24.000000","2019-08-15 10:29:17.000000",1.0,4.49,1.0,N,234.0,209.0,1.0,21.0,0.0,0.5,3.0,0.0,0.3,27.3,2.5
2.0,"2019-08-15 13:04:30.000000","2019-08-15 13:27:30.000000",1.0,4.73,1.0,N,234.0,209.0,1.0,19.5,0.0,0.5,4.56,0.0,0.3,27.36,2.5
1.0,"2019-08-15 13:33:13.000000","2019-08-15 13:53:58.000000",1.0,2.0,1.0,Y,234.0,209.0,1.0,14.0,2.5,0.5,3.46,0.0,0.3,20.76,2.5
2.0,"2019-08-15 13:12:48.000000","2019-08-15 13:34:50.000000",1.0,4.53,1.0,N,234.0,209.0,1.0,19.0,0.0,0.5,2.0,0.0,0.3,24.3,2.5
1.0,"2019-08-15 14:04:59.000000","2019-08-15 14:20:31.000000",1.0,4.2,1.0,Y,234.0,209.0,1.0,15.5,2.5,0.5,5.6,0.0,0.3,24.4,2.5
1.0,"2019-08-15 15:56:13.000000","2019-08-15 16:15:28.000000",2.0,3.9,1.0,N,234.0,209.0,1.0,16.0,2.5,0.5,0.0,0.0,0.3,19.3,2.5
1.0,"2019-08-15 15:12:11.000000","2019-08-15 15:29:27.000000",1.0,4.0,1.0,Y,234.0,209.0,1.0,16.0,2.5,0.5,3.85,0.0,0.3,23.15,2.5
2.0,"2019-08-15 16:48:27.000000","2019-08-15 17:11:42.000000",6.0,3.04,1.0,N,234.0,209.0,1.0,16.0,1.0,0.5,4.06,0.0,0.3,24.36,2.5
1.0,"2019-08-15 16:32:36.000000","2019-08-15 16:53:05.000000",1.0,3.8,1.0,N,234.0,209.0,1.0,16.5,3.5,0.5,1.1,0.0,0.3,21.9,2.5
1.0,"2019-08-15 17:20:43.000000","2019-08-15 17:39:50.000000",3.0,4.2,1.0,N,234.0,209.0,1.0,16.5,3.5,0.5,3.0,0.0,0.3,23.8,2.5
2.0,"2019-08-15 18:30:56.000000","2019-08-15 18:53:27.000000",1.0,3.16,1.0,N,234.0,209.0,1.0,16.0,1.0,0.5,4.06,0.0,0.3,24.36,2.5
2.0,"2019-08-15 19:21:17.000000","2019-08-15 19:40:10.000000",2.0,2.98,1.0,N,234.0,209.0,1.0,13.5,1.0,0.5,3.56,0.0,0.3,21.36,2.5
1.0,"2019-08-15 20:16:55.000000","2019-08-15 20:31:52.000000",1.0,2.8,1.0,N,234.0,209.0,2.0,12.0,3.5,0.5,0.0,0.0,0.3,16.3,2.5
2.0,"2019-08-15 21:26:02.000000","2019-08-15 21:41:15.000000",1.0,2.9,1.0,N,234.0,209.0,1.0,12.0,0.5,0.5,3.16,0.0,0.3,18.96,2.5
2.0,"2019-08-15 21:15:47.000000","2019-08-15 21:35:25.000000",3.0,3.17,1.0,N,234.0,209.0,1.0,14.5,0.5,0.5,3.66,0.0,0.3,21.96,2.5
2.0,"2019-08-15 22:20:46.000000","2019-08-15 22:37:19.000000",1.0,3.17,1.0,N,234.0,209.0,1.0,13.0,0.5,0.5,2.0,0.0,0.3,18.8,2.5
2.0,"2019-08-15 22:04:38.000000","2019-08-15 22:14:46.000000",1.0,2.31,1.0,N,234.0,209.0,1.0,9.5,0.5,0.5,1.0,0.0,0.3,14.3,2.5
1.0,"2019-08-15 23:14:26.000000","2019-08-15 23:25:10.000000",2.0,2.5,1.0,N,234.0,209.0,1.0,9.5,3.0,0.5,2.0,0.0,0.3,15.3,2.5
2.0,"2019-08-15 23:00:37.000000","2019-08-15 23:11:36.000000",1.0,2.18,1.0,N,234.0,209.0,1.0,9.5,0.5,0.5,2.66,0.0,0.3,15.96,2.5
2.0,"2019-08-16 00:28:33.000000","2019-08-16 00:44:09.000000",2.0,2.74,1.0,N,234.0,209.0,1.0,12.0,0.5,0.5,1.0,0.0,0.3,16.8,2.5
1.0,"2019-08-16 00:26:33.000000","2019-08-16 00:37:18.000000",1.0,2.8,1.0,N,234.0,209.0,1.0,11.0,3.0,0.5,2.95,0.0,0.3,17.75,2.5
2.0,"2019-08-16 00:33:51.000000","2019-08-16 00:48:17.000000",1.0,2.88,1.0,N,234.0,209.0,2.0,12.0,0.5,0.5,0.0,0.0,0.3,15.8,2.5
2.0,"2019-08-16 08:39:16.000000","2019-08-16 09:03:19.000000",1.0,4.5,1.0,N,234.0,209.0,1.0,20.0,0.0,0.5,2.33,0.0,0.3,25.63,2.5
2.0,"2019-08-16 09:39:34.000000","2019-08-16 10:03:52.000000",1.0,4.23,1.0,N,234.0,209.0,2.0,19.5,0.0,0.5,0.0,0.0,0.3,22.8,2.5
1.0,"2019-08-16 09:54:57.000000","2019-08-16 10:17:59.000000",4.0,2.5,1.0,N,234.0,209.0,2.0,15.5,2.5,0.5,0.0,0.0,0.3,18.8,2.5
1.0,"2019-08-16 11:21:42.000000","2019-08-16 11:40:28.000000",1.0,4.0,1.0,N,234.0,209.0,2.0,17.0,2.5,0.5,0.0,0.0,0.3,20.3,2.5
1.0,"2019-08-16 13:50:42.000000","2019-08-16 14:12:18.000000",1.0,2.6,1.0,N,234.0,209.0,1.0,14.5,2.5,0.5,3.55,0.0,0.3,21.35,2.5
2.0,"2019-08-16 14:24:13.000000","2019-08-16 14:40:09.000000",1.0,2.08,1.0,N,234.0,209.0,1.0,11.5,0.0,0.5,1.48,0.0,0.3,16.28,2.5
1.0,"2019-08-16 15:52:26.000000","2019-08-16 16:16:05.000000",0.0,1.9,1.0,N,234.0,209.0,1.0,15.5,2.5,0.5,4.0,0.0,0.3,22.8,2.5
2.0,"2019-08-16 15:06:41.000000","2019-08-16 15:27:37.000000",1.0,4.33,1.0,N,234.0,209.0,1.0,17.0,2.5,0.5,4.06,0.0,0.3,24.36,0.0
2.0,"2019-08-16 17:16:47.000000","2019-08-16 17:35:05.000000",1.0,3.97,1.0,N,234.0,209.0,1.0,16.0,1.0,0.5,2.0,0.0,0.3,22.3,2.5
1.0,"2019-08-16 17:23:19.000000","2019-08-16 17:42:38.000000",1.0,4.0,1.0,N,234.0,209.0,1.0,16.0,3.5,0.5,4.05,0.0,0.3,24.35,2.5
1.0,"2019-08-16 18:36:44.000000","2019-08-16 18:57:45.000000",1.0,2.6,1.0,N,234.0,209.0,1.0,14.5,3.5,0.5,3.75,0.0,0.3,22.55,2.5
1.0,"2019-08-16 19:52:18.000000","2019-08-16 20:16:25.000000",4.0,4.3,1.0,N,234.0,209.0,2.0,19.0,3.0,0.5,0.0,0.0,0.3,22.8,2.5
1.0,"2019-08-16 23:05:16.000000","2019-08-16 23:23:14.000000",2.0,4.2,1.0,N,234.0,209.0,2.0,17.0,3.0,0.5,0.0,0.0,0.3,20.8,2.5
2.0,"2019-08-16 23:48:31.000000","2019-08-17 00:00:54.000000",1.0,2.49,1.0,N,234.0,209.0,1.0,10.5,0.5,0.5,2.86,0.0,0.3,17.16,2.5
2.0,"2019-08-17 00:33:53.000000","2019-08-17 00:46:50.000000",1.0,3.88,1.0,N,234.0,209.0,1.0,14.0,0.5,0.5,3.56,0.0,0.3,21.36,2.5
1.0,"2019-08-17 00:29:29.000000","2019-08-17 00:41:07.000000",1.0,2.5,1.0,N,234.0,209.0,1.0,10.5,3.0,0.5,1.0,0.0,0.3,15.3,2.5
2.0,"2019-08-17 00:07:13.000000","2019-08-17 00:24:41.000000",1.0,4.35,1.0,N,234.0,209.0,1.0,17.0,0.5,0.5,4.16,0.0,0.3,24.96,2.5
2.0,"2019-08-17 07:16:17.000000","2019-08-17 07:28:21.000000",1.0,2.87,1.0,N,234.0,209.0,1.0,11.0,0.0,0.5,2.86,0.0,0.3,17.16,2.5
2.0,"2019-08-17 08:57:28.000000","2019-08-17 09:13:49.000000",1.0,2.95,1.0,N,234.0,209.0,2.0,13.0,0.0,0.5,0.0,0.0,0.3,16.3,2.5
2.0,"2019-08-17 11:40:05.000000","2019-08-17 12:22:12.000000",1.0,2.41,1.0,N,234.0,209.0,1.0,24.0,0.0,0.5,5.46,0.0,0.3,32.76,2.5
2.0,"2019-08-17 12:53:23.000000","2019-08-17 13:22:33.000000",1.0,4.39,1.0,N,234.0,209.0,1.0,21.0,0.0,0.5,6.08,0.0,0.3,30.38,2.5
2.0,"2019-08-17 14:17:17.000000","2019-08-17 14:34:21.000000",1.0,2.47,1.0,N,234.0,209.0,2.0,12.5,0.0,0.5,0.0,0.0,0.3,15.8,2.5
2.0,"2019-08-17 14:16:49.000000","2019-08-17 14:30:26.000000",2.0,3.97,1.0,N,234.0,209.0,1.0,14.5,0.0,0.5,3.56,0.0,0.3,21.36,2.5
2.0,"2019-08-17 14:22:30.000000","2019-08-17 14:35:30.000000",1.0,4.03,1.0,N,234.0,209.0,1.0,14.0,0.0,0.5,2.0,0.0,0.3,19.3,2.5
1.0,"2019-08-17 16:40:14.000000","2019-08-17 16:58:23.000000",4.0,4.1,1.0,N,234.0,209.0,1.0,16.0,2.5,0.5,2.9,0.0,0.3,22.2,2.5
2.0,"2019-08-17 17:05:29.000000","2019-08-17 17:20:09.000000",4.0,2.08,1.0,N,234.0,209.0,1.0,10.5,0.0,0.5,2.76,0.0,0.3,16.56,2.5
2.0,"2019-08-17 17:11:12.000000","2019-08-17 17:25:55.000000",1.0,2.28,1.0,N,234.0,209.0,2.0,11.0,0.0,0.5,0.0,0.0,0.3,14.3,2.5
2.0,"2019-08-17 17:06:05.000000","2019-08-17 17:23:40.000000",1.0,4.39,1.0,N,234.0,209.0,1.0,16.5,0.0,0.5,3.96,0.0,0.3,23.76,2.5
2.0,"2019-08-17 19:09:44.000000","2019-08-17 19:24:03.000000",1.0,2.35,1.0,N,234.0,209.0,2.0,11.0,0.0,0.5,0.0,0.0,0.3,14.3,2.5
2.0,"2019-08-17 20:32:49.000000","2019-08-17 20:45:50.000000",2.0,2.61,1.0,N,234.0,209.0,1.0,11.0,0.5,0.5,1.48,0.0,0.3,16.28,2.5
2.0,"2019-08-17 21:28:53.000000","2019-08-17 21:43:23.000000",1.0,3.81,1.0,N,234.0,209.0,1.0,14.5,0.5,0.5,3.66,0.0,0.3,21.96,2.5
2.0,"2019-08-17 21:15:02.000000","2019-08-17 21:29:57.000000",1.0,2.87,1.0,N,234.0,209.0,1.0,12.0,0.5,0.5,2.0,0.0,0.3,17.8,2.5
1.0,"2019-08-17 22:56:18.000000","2019-08-17 23:09:08.000000",2.0,2.6,1.0,N,234.0,209.0,1.0,11.0,3.0,0.5,2.95,0.0,0.3,17.75,2.5
1.0,"2019-08-18 00:46:53.000000","2019-08-18 00:58:33.000000",1.0,2.6,1.0,N,234.0,209.0,1.0,11.0,3.0,0.5,2.95,0.0,0.3,17.75,2.5
2.0,"2019-08-18 09:47:30.000000","2019-08-18 10:02:53.000000",2.0,4.38,1.0,N,234.0,209.0,2.0,16.5,0.0,0.5,0.0,0.0,0.3,19.8,2.5
1.0,"2019-08-18 10:26:29.000000","2019-08-18 10:41:00.000000",1.0,4.0,1.0,N,234.0,209.0,1.0,15.0,2.5,0.5,5.45,0.0,0.3,23.75,2.5
2.0,"2019-08-18 10:07:39.000000","2019-08-18 10:19:13.000000",1.0,2.74,1.0,N,234.0,209.0,2.0,11.0,0.0,0.5,0.0,0.0,0.3,14.3,2.5
1.0,"2019-08-18 12:02:10.000000","2019-08-18 12:21:50.000000",1.0,4.1,1.0,N,234.0,209.0,1.0,16.5,2.5,0.5,2.0,0.0,0.3,21.8,2.5
2.0,"2019-08-18 16:35:27.000000","2019-08-18 16:59:13.000000",1.0,4.11,1.0,N,234.0,209.0,1.0,18.0,0.0,0.5,4.26,0.0,0.3,25.56,2.5
1.0,"2019-08-18 17:43:25.000000","2019-08-18 17:59:35.000000",2.0,2.9,1.0,N,234.0,209.0,2.0,12.0,2.5,0.5,0.0,0.0,0.3,15.3,2.5
2.0,"2019-08-18 17:18:08.000000","2019-08-18 17:35:34.000000",1.0,3.34,1.0,N,234.0,209.0,2.0,14.0,0.0,0.5,0.0,0.0,0.3,17.3,2.5
2.0,"2019-08-18 18:29:39.000000","2019-08-18 18:50:10.000000",1.0,3.08,1.0,N,234.0,209.0,1.0,15.5,0.0,0.5,2.0,0.0,0.3,20.8,2.5
1.0,"2019-08-18 19:06:04.000000","2019-08-18 19:20:51.000000",1.0,2.5,1.0,N,234.0,209.0,1.0,11.0,2.5,0.5,2.0,0.0,0.3,16.3,2.5
2.0,"2019-08-18 19:55:19.000000","2019-08-18 20:06:29.000000",3.0,2.51,1.0,N,234.0,209.0,2.0,10.0,0.0,0.5,0.0,0.0,0.3,13.3,2.5
2.0,"2019-08-18 20:29:27.000000","2019-08-18 20:45:29.000000",1.0,2.86,1.0,N,234.0,209.0,1.0,12.5,0.5,0.5,3.26,0.0,0.3,19.56,2.5
2.0,"2019-08-18 19:56:35.000000","2019-08-18 20:12:59.000000",6.0,4.13,1.0,N,234.0,209.0,2.0,15.5,0.5,0.5,0.0,0.0,0.3,19.3,2.5
1.0,"2019-08-18 21:12:01.000000","2019-08-18 21:21:20.000000",4.0,2.2,1.0,N,234.0,209.0,1.0,9.5,3.0,0.5,2.65,0.0,0.3,15.95,2.5
2.0,"2019-08-19 04:03:37.000000","2019-08-19 04:14:30.000000",1.0,2.54,1.0,N,234.0,209.0,1.0,10.5,0.5,0.5,1.7,0.0,0.3,16.0,2.5
1.0,"2019-08-19 10:21:25.000000","2019-08-19 10:41:48.000000",1.0,4.6,1.0,N,234.0,209.0,1.0,18.0,2.5,0.5,1.0,0.0,0.3,22.3,2.5
1.0,"2019-08-19 13:00:36.000000","2019-08-19 13:18:12.000000",0.0,4.3,1.0,N,234.0,209.0,1.0,17.0,2.5,0.5,3.5,0.0,0.3,23.8,2.5
2.0,"2019-08-19 15:57:57.000000","2019-08-19 16:24:40.000000",1.0,4.26,1.0,N,234.0,209.0,1.0,20.5,0.0,0.5,4.76,0.0,0.3,28.56,2.5
2.0,"2019-08-19 16:55:51.000000","2019-08-19 17:19:15.000000",2.0,4.2,1.0,N,234.0,209.0,1.0,18.5,1.0,0.5,2.0,0.0,0.3,24.8,2.5
2.0,"2019-08-19 17:42:01.000000","2019-08-19 17:59:18.000000",1.0,4.04,1.0,N,234.0,209.0,1.0,16.0,1.0,0.5,4.06,0.0,0.3,24.36,2.5
2.0,"2019-08-19 18:24:13.000000","2019-08-19 18:42:07.000000",1.0,2.81,1.0,N,234.0,209.0,1.0,13.0,1.0,0.5,2.0,0.0,0.3,19.3,2.5
2.0,"2019-08-19 18:24:03.000000","2019-08-19 18:41:14.000000",3.0,2.58,1.0,N,234.0,209.0,1.0,12.5,1.0,0.5,2.52,0.0,0.3,19.32,2.5
2.0,"2019-08-19 18:42:19.000000","2019-08-19 18:57:53.000000",2.0,2.58,1.0,N,234.0,209.0,1.0,12.0,1.0,0.5,3.26,0.0,0.3,19.56,2.5
2.0,"2019-08-19 18:43:44.000000","2019-08-19 19:05:48.000000",5.0,4.43,1.0,N,234.0,209.0,1.0,19.0,1.0,0.5,4.66,0.0,0.3,27.96,2.5
2.0,"2019-08-19 18:53:15.000000","2019-08-19 19:08:36.000000",1.0,2.64,1.0,N,234.0,209.0,1.0,12.0,1.0,0.5,2.0,0.0,0.3,18.3,2.5
1.0,"2019-08-19 19:50:39.000000","2019-08-19 20:04:42.000000",1.0,2.8,1.0,N,234.0,209.0,1.0,11.5,3.5,0.5,3.95,0.0,0.3,19.75,2.5
1.0,"2019-08-19 19:47:20.000000","2019-08-19 20:01:15.000000",1.0,4.7,1.0,N,234.0,209.0,1.0,16.0,3.5,0.5,4.06,0.0,0.3,24.36,2.5
2.0,"2019-08-19 21:36:29.000000","2019-08-19 21:54:04.000000",1.0,4.62,1.0,N,234.0,209.0,1.0,17.0,0.5,0.5,3.0,0.0,0.3,23.8,2.5
2.0,"2019-08-19 21:48:46.000000","2019-08-19 21:59:45.000000",2.0,2.31,1.0,N,234.0,209.0,1.0,10.0,0.5,0.5,3.45,0.0,0.3,17.25,2.5
2.0,"2019-08-19 20:58:26.000000","2019-08-19 21:12:10.000000",6.0,4.5,1.0,N,234.0,209.0,1.0,15.5,0.5,0.5,0.0,0.0,0.3,19.3,2.5
1.0,"2019-08-19 21:14:54.000000","2019-08-19 21:27:49.000000",1.0,2.7,1.0,N,234.0,209.0,1.0,11.0,3.0,0.5,2.95,0.0,0.3,17.75,2.5
1.0,"2019-08-19 22:22:46.000000","2019-08-19 22:35:51.000000",1.0,3.7,1.0,N,234.0,209.0,1.0,14.0,3.0,0.5,3.55,0.0,0.3,21.35,2.5
1.0,"2019-08-19 23:05:52.000000","2019-08-19 23:19:40.000000",1.0,2.5,1.0,N,234.0,209.0,1.0,11.5,3.0,0.5,1.22,0.0,0.3,16.52,2.5
1.0,"2019-08-19 23:12:29.000000","2019-08-19 23:24:17.000000",1.0,2.6,1.0,Y,234.0,209.0,1.0,10.5,3.0,0.5,2.0,0.0,0.3,16.3,2.5
2.0,"2019-08-19 23:50:43.000000","2019-08-20 00:01:07.000000",2.0,2.67,1.0,N,234.0,209.0,1.0,10.5,0.5,0.5,1.0,0.0,0.3,15.3,2.5
2.0,"2019-08-20 07:37:45.000000","2019-08-20 07:50:45.000000",1.0,4.14,1.0,N,234.0,209.0,1.0,14.5,0.0,0.5,3.56,0.0,0.3,21.36,2.5
2.0,"2019-08-20 09:19:33.000000","2019-08-20 09:36:58.000000",1.0,4.32,1.0,N,234.0,209.0,1.0,17.0,0.0,0.5,4.06,0.0,0.3,24.36,2.5
1.0,"2019-08-20 09:27:04.000000","2019-08-20 09:45:06.000000",1.0,2.4,1.0,N,234.0,209.0,1.0,12.5,2.5,0.5,3.15,0.0,0.3,18.95,2.5
2.0,"2019-08-20 12:05:09.000000","2019-08-20 12:20:39.000000",3.0,4.25,1.0,N,234.0,209.0,1.0,16.0,0.0,0.5,3.86,0.0,0.3,23.16,2.5
2.0,"2019-08-20 12:01:17.000000","2019-08-20 12:31:35.000000",1.0,3.47,1.0,N,234.0,209.0,1.0,19.5,0.0,0.5,6.84,0.0,0.3,29.64,2.5
1.0,"2019-08-20 13:59:02.000000","2019-08-20 14:13:13.000000",1.0,4.2,1.0,N,234.0,209.0,1.0,15.0,2.5,0.5,3.65,0.0,0.3,21.95,2.5
2.0,"2019-08-20 12:56:53.000000","2019-08-20 13:13:57.000000",1.0,4.13,1.0,N,234.0,209.0,1.0,16.0,0.0,0.5,3.86,0.0,0.3,23.16,2.5
2.0,"2019-08-20 14:22:51.000000","2019-08-20 14:44:40.000000",6.0,4.16,1.0,N,234.0,209.0,1.0,17.0,0.0,0.5,5.08,0.0,0.3,25.38,2.5
2.0,"2019-08-20 15:53:28.000000","2019-08-20 16:10:14.000000",1.0,4.41,1.0,N,234.0,209.0,1.0,16.0,0.0,0.5,3.86,0.0,0.3,23.16,2.5
2.0,"2019-08-20 16:51:28.000000","2019-08-20 17:12:51.000000",1.0,4.48,1.0,N,234.0,209.0,2.0,17.5,1.0,0.5,0.0,0.0,0.3,21.8,2.5
2.0,"2019-08-20 16:44:46.000000","2019-08-20 17:01:32.000000",1.0,2.84,1.0,N,234.0,209.0,2.0,13.0,1.0,0.5,0.0,0.0,0.3,17.3,2.5
2.0,"2019-08-20 17:04:34.000000","2019-08-20 17:23:18.000000",1.0,4.51,1.0,N,234.0,209.0,1.0,17.0,1.0,0.5,5.5,0.0,0.3,26.8,2.5
2.0,"2019-08-20 17:58:38.000000","2019-08-20 18:12:55.000000",1.0,3.96,1.0,N,234.0,209.0,1.0,14.0,1.0,0.5,2.0,0.0,0.3,20.3,2.5
1.0,"2019-08-20 18:52:31.000000","2019-08-20 19:12:42.000000",1.0,4.0,1.0,N,234.0,209.0,1.0,16.5,3.5,0.5,4.15,0.0,0.3,24.95,2.5
1.0,"2019-08-20 18:54:02.000000","2019-08-20 19:12:57.000000",1.0,4.0,1.0,N,234.0,209.0,1.0,16.5,3.5,0.5,4.15,0.0,0.3,24.95,2.5
1.0,"2019-08-20 19:20:28.000000","2019-08-20 19:38:06.000000",1.0,4.4,1.0,N,234.0,209.0,1.0,16.0,3.5,0.5,4.05,0.0,0.3,24.35,2.5
2.0,"2019-08-20 19:24:33.000000","2019-08-20 19:48:43.000000",1.0,3.12,1.0,N,234.0,209.0,1.0,16.0,1.0,0.5,1.0,0.0,0.3,21.3,2.5
2.0,"2019-08-20 19:58:30.000000","2019-08-20 20:16:48.000000",1.0,2.71,1.0,N,234.0,209.0,1.0,13.5,1.0,0.5,1.0,0.0,0.3,18.8,2.5
2.0,"2019-08-20 19:30:48.000000","2019-08-20 19:44:34.000000",1.0,4.31,1.0,N,234.0,209.0,1.0,15.0,1.0,0.5,2.0,0.0,0.3,21.3,2.5
2.0,"2019-08-20 19:04:29.000000","2019-08-20 19:21:36.000000",1.0,4.19,1.0,N,234.0,209.0,1.0,15.5,1.0,0.5,2.0,0.0,0.3,21.8,2.5
2.0,"2019-08-20 19:44:21.000000","2019-08-20 19:58:24.000000",1.0,2.9,1.0,N,234.0,209.0,1.0,11.5,1.0,0.5,2.0,0.0,0.3,17.8,2.5
2.0,"2019-08-20 20:10:05.000000","2019-08-20 20:23:48.000000",4.0,2.77,1.0,N,234.0,209.0,1.0,11.5,0.5,0.5,2.3,0.0,0.3,17.6,2.5
2.0,"2019-08-20 20:54:39.000000","2019-08-20 21:12:03.000000",1.0,3.67,1.0,N,234.0,209.0,1.0,15.5,0.5,0.5,3.86,0.0,0.3,23.16,2.5
2.0,"2019-08-20 21:50:18.000000","2019-08-20 22:05:27.000000",1.0,3.07,1.0,N,234.0,209.0,1.0,12.0,0.5,0.5,3.16,0.0,0.3,18.96,2.5
2.0,"2019-08-20 21:28:10.000000","2019-08-20 21:41:41.000000",1.0,2.55,1.0,N,234.0,209.0,1.0,11.5,0.5,0.5,3.06,0.0,0.3,18.36,2.5
2.0,"2019-08-20 21:18:00.000000","2019-08-20 21:27:30.000000",2.0,2.11,1.0,N,234.0,209.0,1.0,9.0,0.5,0.5,3.84,0.0,0.3,16.64,2.5
2.0,"2019-08-20 21:32:16.000000","2019-08-20 21:47:23.000000",1.0,2.95,1.0,N,234.0,209.0,2.0,12.0,0.5,0.5,0.0,0.0,0.3,15.8,2.5
1.0,"2019-08-20 22:28:25.000000","2019-08-20 22:41:35.000000",1.0,3.8,1.0,N,234.0,209.0,1.0,14.0,3.0,0.5,3.55,0.0,0.3,21.35,2.5
2.0,"2019-08-20 22:16:29.000000","2019-08-20 22:26:45.000000",1.0,2.67,1.0,N,234.0,209.0,1.0,10.0,0.5,0.5,2.48,0.0,0.3,16.28,2.5
2.0,"2019-08-20 22:30:38.000000","2019-08-20 22:46:54.000000",6.0,2.95,1.0,N,234.0,209.0,1.0,13.0,0.5,0.5,5.04,0.0,0.3,21.84,2.5
2.0,"2019-08-20 23:42:39.000000","2019-08-20 23:52:07.000000",1.0,2.21,1.0,N,234.0,209.0,1.0,9.5,0.5,0.5,2.66,0.0,0.3,15.96,2.5
2.0,"2019-08-21 02:38:33.000000","2019-08-21 02:46:17.000000",1.0,2.53,1.0,N,234.0,209.0,1.0,9.5,0.5,0.5,2.66,0.0,0.3,15.96,2.5
1.0,"2019-08-21 09:11:49.000000","2019-08-21 09:32:14.000000",1.0,2.3,1.0,N,234.0,209.0,1.0,13.5,2.5,0.5,4.0,0.0,0.3,20.8,2.5
2.0,"2019-08-21 12:32:19.000000","2019-08-21 12:45:30.000000",2.0,3.82,1.0,N,234.0,209.0,2.0,14.5,0.0,0.5,0.0,0.0,0.3,17.8,2.5
1.0,"2019-08-21 13:37:05.000000","2019-08-21 13:51:46.000000",1.0,4.8,1.0,N,234.0,209.0,1.0,16.5,2.5,0.5,3.95,0.0,0.3,23.75,2.5
1.0,"2019-08-21 13:40:53.000000","2019-08-21 14:00:20.000000",1.0,2.6,1.0,N,234.0,209.0,1.0,13.5,2.5,0.5,5.0,0.0,0.3,21.8,2.5
2.0,"2019-08-21 15:55:38.000000","2019-08-21 16:26:12.000000",5.0,5.86,1.0,N,234.0,209.0,1.0,23.5,0.0,0.5,4.02,0.0,0.3,30.82,2.5
2.0,"2019-08-21 17:15:41.000000","2019-08-21 17:33:37.000000",1.0,4.12,1.0,N,234.0,209.0,2.0,16.0,1.0,0.5,0.0,0.0,0.3,20.3,2.5
1.0,"2019-08-21 18:37:55.000000","2019-08-21 18:56:39.000000",4.0,4.4,1.0,N,234.0,209.0,1.0,17.5,3.5,0.5,3.27,0.0,0.3,25.07,2.5
2.0,"2019-08-21 18:08:06.000000","2019-08-21 18:28:52.000000",1.0,2.83,1.0,N,234.0,209.0,1.0,14.5,1.0,0.5,3.76,0.0,0.3,22.56,2.5
2.0,"2019-08-21 18:15:21.000000","2019-08-21 18:31:54.000000",1.0,4.06,1.0,N,234.0,209.0,2.0,15.0,1.0,0.5,0.0,0.0,0.3,19.3,2.5
2.0,"2019-08-21 19:45:12.000000","2019-08-21 19:58:36.000000",2.0,2.54,1.0,N,234.0,209.0,1.0,11.0,1.0,0.5,3.06,0.0,0.3,18.36,2.5
1.0,"2019-08-21 20:31:14.000000","2019-08-21 20:45:12.000000",1.0,2.4,1.0,N,234.0,209.0,1.0,11.0,3.0,0.5,1.0,0.0,0.3,15.8,2.5
1.0,"2019-08-21 20:51:20.000000","2019-08-21 21:04:41.000000",2.0,2.3,1.0,N,234.0,209.0,1.0,10.5,3.0,0.5,2.15,0.0,0.3,16.45,2.5
2.0,"2019-08-21 21:34:30.000000","2019-08-21 21:46:31.000000",1.0,2.51,1.0,N,234.0,209.0,1.0,10.5,0.5,0.5,2.2,0.0,0.3,16.5,2.5
2.0,"2019-08-21 22:24:02.000000","2019-08-21 23:01:17.000000",5.0,16.32,1.0,N,234.0,209.0,1.0,46.5,0.5,0.5,12.51,12.24,0.3,75.05,2.5
2.0,"2019-08-21 23:33:10.000000","2019-08-21 23:44:20.000000",1.0,2.26,1.0,N,234.0,209.0,1.0,10.0,0.5,0.5,1.0,0.0,0.3,14.8,2.5
1.0,"2019-08-22 01:43:28.000000","2019-08-22 01:53:57.000000",1.0,2.8,1.0,N,234.0,209.0,1.0,10.5,3.0,0.5,2.85,0.0,0.3,17.15,2.5
1.0,"2019-08-22 08:05:01.000000","2019-08-22 08:20:46.000000",1.0,4.4,1.0,N,234.0,209.0,1.0,15.5,2.5,0.5,1.2,0.0,0.3,20.0,2.5
2.0,"2019-08-22 10:34:34.000000","2019-08-22 10:51:48.000000",2.0,2.95,1.0,N,234.0,209.0,1.0,13.0,0.0,0.5,3.26,0.0,0.3,19.56,2.5
1.0,"2019-08-22 10:24:05.000000","2019-08-22 10:44:05.000000",1.0,4.5,1.0,N,234.0,209.0,1.0,18.0,2.5,0.5,4.25,0.0,0.3,25.55,2.5
1.0,"2019-08-22 11:44:05.000000","2019-08-22 11:56:30.000000",1.0,1.3,1.0,N,234.0,209.0,1.0,9.5,2.5,0.5,2.55,0.0,0.3,15.35,2.5
2.0,"2019-08-22 12:01:54.000000","2019-08-22 12:23:29.000000",1.0,4.41,1.0,N,234.0,209.0,1.0,18.5,0.0,0.5,3.0,0.0,0.3,24.8,2.5
2.0,"2019-08-22 12:12:42.000000","2019-08-22 12:40:03.000000",1.0,4.29,1.0,N,234.0,209.0,1.0,21.0,0.0,0.5,4.86,0.0,0.3,29.16,2.5
1.0,"2019-08-22 16:07:43.000000","2019-08-22 16:32:49.000000",2.0,2.5,1.0,N,234.0,209.0,1.0,16.0,3.5,0.5,3.05,0.0,0.3,23.35,2.5
2.0,"2019-08-22 16:09:37.000000","2019-08-22 16:30:29.000000",1.0,4.35,1.0,N,234.0,209.0,1.0,17.5,1.0,0.5,5.45,0.0,0.3,27.25,2.5
2.0,"2019-08-22 16:42:05.000000","2019-08-22 17:02:16.000000",2.0,3.93,1.0,N,234.0,209.0,1.0,16.5,1.0,0.5,6.24,0.0,0.3,27.04,2.5
2.0,"2019-08-22 17:45:07.000000","2019-08-22 18:08:55.000000",1.0,4.08,1.0,N,234.0,209.0,1.0,17.5,1.0,0.5,2.18,0.0,0.3,23.98,2.5
2.0,"2019-08-22 17:06:17.000000","2019-08-22 17:30:21.000000",1.0,4.13,1.0,N,234.0,209.0,2.0,18.5,1.0,0.5,0.0,0.0,0.3,22.8,2.5
1.0,"2019-08-22 18:30:24.000000","2019-08-22 18:51:27.000000",3.0,4.2,1.0,N,234.0,209.0,1.0,17.5,3.5,0.5,4.35,0.0,0.3,26.15,2.5
2.0,"2019-08-22 18:32:01.000000","2019-08-22 18:47:37.000000",3.0,4.3,1.0,N,234.0,209.0,1.0,15.5,1.0,0.5,4.95,0.0,0.3,24.75,2.5
2.0,"2019-08-22 19:28:01.000000","2019-08-22 19:45:58.000000",2.0,2.62,1.0,N,234.0,209.0,1.0,12.5,1.0,0.5,1.68,0.0,0.3,18.48,2.5
2.0,"2019-08-22 21:58:54.000000","2019-08-22 22:10:53.000000",1.0,3.18,1.0,N,234.0,209.0,1.0,11.5,0.5,0.5,3.06,0.0,0.3,18.36,2.5
1.0,"2019-08-22 21:30:56.000000","2019-08-22 21:44:20.000000",1.0,2.8,1.0,N,234.0,209.0,2.0,11.5,3.0,0.5,0.0,0.0,0.3,15.3,2.5
2.0,"2019-08-22 21:49:25.000000","2019-08-22 22:04:57.000000",1.0,2.93,1.0,N,234.0,209.0,1.0,12.5,0.5,0.5,3.26,0.0,0.3,19.56,2.5
2.0,"2019-08-22 22:40:27.000000","2019-08-22 22:55:20.000000",1.0,3.36,1.0,N,234.0,209.0,1.0,12.5,0.5,0.5,4.08,0.0,0.3,20.38,2.5
1.0,"2019-08-22 22:35:47.000000","2019-08-22 22:52:56.000000",2.0,2.5,1.0,N,234.0,209.0,1.0,13.0,3.0,0.5,3.35,0.0,0.3,20.15,2.5
2.0,"2019-08-22 22:39:52.000000","2019-08-22 23:00:28.000000",2.0,4.65,1.0,N,234.0,209.0,1.0,18.5,0.5,0.5,4.46,0.0,0.3,26.76,2.5
2.0,"2019-08-22 22:32:02.000000","2019-08-22 22:48:11.000000",1.0,2.5,1.0,N,234.0,209.0,2.0,12.0,0.5,0.5,0.0,0.0,0.3,15.8,2.5
1.0,"2019-08-22 23:26:32.000000","2019-08-22 23:40:59.000000",1.0,3.9,1.0,N,234.0,209.0,1.0,15.0,3.0,0.5,3.75,0.0,0.3,22.55,2.5
2.0,"2019-08-23 00:13:15.000000","2019-08-23 00:23:32.000000",1.0,2.27,1.0,N,234.0,209.0,1.0,9.5,0.5,0.5,1.5,0.0,0.3,14.8,2.5
1.0,"2019-08-23 01:27:19.000000","2019-08-23 01:39:39.000000",2.0,4.3,1.0,N,234.0,209.0,1.0,15.0,3.0,0.5,3.0,0.0,0.3,21.8,2.5
1.0,"2019-08-23 07:29:07.000000","2019-08-23 07:43:27.000000",1.0,4.0,1.0,N,234.0,209.0,1.0,15.0,2.5,0.5,3.65,0.0,0.3,21.95,2.5
1.0,"2019-08-23 13:51:01.000000","2019-08-23 14:03:59.000000",2.0,4.2,1.0,N,234.0,209.0,1.0,14.5,2.5,0.5,3.55,0.0,0.3,21.35,2.5
1.0,"2019-08-23 14:07:12.000000","2019-08-23 14:22:10.000000",1.0,3.8,1.0,N,234.0,209.0,1.0,14.5,2.5,0.5,3.55,0.0,0.3,21.35,2.5
2.0,"2019-08-23 14:43:48.000000","2019-08-23 15:19:20.000000",1.0,2.55,1.0,N,234.0,209.0,1.0,21.5,0.0,0.5,4.96,0.0,0.3,29.76,2.5
2.0,"2019-08-23 14:35:48.000000","2019-08-23 14:56:59.000000",1.0,4.52,1.0,N,234.0,209.0,2.0,18.5,0.0,0.5,0.0,0.0,0.3,21.8,2.5
2.0,"2019-08-23 15:04:08.000000","2019-08-23 15:21:44.000000",2.0,4.4,1.0,N,234.0,209.0,2.0,17.0,0.0,0.5,0.0,0.0,0.3,20.3,2.5
2.0,"2019-08-23 16:11:40.000000","2019-08-23 16:30:59.000000",1.0,4.5,1.0,N,234.0,209.0,1.0,17.0,1.0,0.5,1.0,0.0,0.3,22.3,2.5
1.0,"2019-08-23 16:44:16.000000","2019-08-23 17:03:23.000000",1.0,2.9,1.0,N,234.0,209.0,1.0,14.5,3.5,0.5,3.75,0.0,0.3,22.55,2.5
2.0,"2019-08-23 19:03:04.000000","2019-08-23 19:25:58.000000",3.0,2.53,1.0,N,234.0,209.0,1.0,15.0,1.0,0.5,3.86,0.0,0.3,23.16,2.5
2.0,"2019-08-23 19:37:33.000000","2019-08-23 19:57:32.000000",3.0,2.67,1.0,N,234.0,209.0,1.0,13.5,1.0,0.5,3.56,0.0,0.3,21.36,2.5
1.0,"2019-08-23 20:41:25.000000","2019-08-23 20:56:56.000000",1.0,2.3,1.0,N,234.0,209.0,1.0,11.5,3.0,0.5,3.05,0.0,0.3,18.35,2.5
2.0,"2019-08-23 21:13:28.000000","2019-08-23 21:26:07.000000",4.0,2.67,1.0,N,234.0,209.0,2.0,11.5,0.5,0.5,0.0,0.0,0.3,15.3,2.5
2.0,"2019-08-23 21:44:12.000000","2019-08-23 22:00:15.000000",5.0,2.96,1.0,N,234.0,209.0,1.0,13.0,0.5,0.5,0.5,0.0,0.3,17.3,2.5
2.0,"2019-08-23 22:58:20.000000","2019-08-23 23:08:56.000000",1.0,2.07,1.0,N,234.0,209.0,1.0,9.0,0.5,0.5,1.0,0.0,0.3,13.8,2.5
2.0,"2019-08-23 22:00:34.000000","2019-08-23 22:17:34.000000",5.0,2.81,1.0,N,234.0,209.0,1.0,13.0,0.5,0.5,3.36,0.0,0.3,20.16,2.5
2.0,"2019-08-23 23:47:50.000000","2019-08-24 00:01:52.000000",2.0,2.81,1.0,N,234.0,209.0,1.0,11.5,0.5,0.5,3.06,0.0,0.3,18.36,2.5
2.0,"2019-08-24 00:46:03.000000","2019-08-24 00:58:15.000000",1.0,2.71,1.0,N,234.0,209.0,1.0,10.5,0.5,0.5,2.86,0.0,0.3,17.16,2.5
2.0,"2019-08-24 10:34:13.000000","2019-08-24 10:47:27.000000",6.0,2.48,1.0,N,234.0,209.0,1.0,11.0,0.0,0.5,2.86,0.0,0.3,17.16,2.5
2.0,"2019-08-24 10:56:19.000000","2019-08-24 11:08:38.000000",1.0,2.27,1.0,N,234.0,209.0,1.0,10.5,0.0,0.5,2.07,0.0,0.3,15.87,2.5
2.0,"2019-08-24 11:13:30.000000","2019-08-24 11:28:46.000000",1.0,2.23,1.0,N,234.0,209.0,2.0,11.5,0.0,0.5,0.0,0.0,0.3,14.8,2.5
2.0,"2019-08-24 14:51:19.000000","2019-08-24 15:09:01.000000",1.0,4.48,1.0,N,234.0,209.0,1.0,17.0,0.0,0.5,4.0,0.0,0.3,24.3,2.5
2.0,"2019-08-24 15:58:27.000000","2019-08-24 16:25:22.000000",3.0,2.76,1.0,N,234.0,209.0,1.0,17.0,0.0,0.5,1.0,0.0,0.3,21.3,2.5
2.0,"2019-08-24 15:44:19.000000","2019-08-24 16:01:13.000000",3.0,4.08,1.0,N,234.0,209.0,1.0,15.0,0.0,0.5,0.0,0.0,0.3,18.3,2.5
2.0,"2019-08-24 16:56:19.000000","2019-08-24 17:11:21.000000",1.0,4.25,1.0,N,234.0,209.0,1.0,15.0,0.0,0.5,0.0,0.0,0.3,18.3,2.5
1.0,"2019-08-24 16:12:53.000000","2019-08-24 16:33:13.000000",1.0,3.8,1.0,N,234.0,209.0,1.0,16.0,2.5,0.5,3.85,0.0,0.3,23.15,2.5
2.0,"2019-08-24 16:57:10.000000","2019-08-24 17:19:34.000000",5.0,4.87,1.0,N,234.0,209.0,2.0,19.5,0.0,0.5,0.0,0.0,0.3,22.8,2.5
1.0,"2019-08-24 17:45:49.000000","2019-08-24 18:06:09.000000",2.0,4.3,1.0,N,234.0,209.0,1.0,17.5,2.5,0.5,4.15,0.0,0.3,24.95,2.5
1.0,"2019-08-24 17:28:53.000000","2019-08-24 17:44:59.000000",1.0,2.3,1.0,N,234.0,209.0,2.0,11.5,2.5,0.5,0.0,0.0,0.3,14.8,2.5
2.0,"2019-08-24 18:34:59.000000","2019-08-24 18:57:04.000000",2.0,4.13,1.0,N,234.0,209.0,1.0,17.5,0.0,0.5,4.16,0.0,0.3,24.96,2.5
1.0,"2019-08-24 18:39:33.000000","2019-08-24 18:55:35.000000",2.0,4.3,1.0,N,234.0,209.0,2.0,16.0,2.5,0.5,0.0,0.0,0.3,19.3,2.5
1.0,"2019-08-24 18:13:18.000000","2019-08-24 18:32:55.000000",2.0,4.3,1.0,N,234.0,209.0,1.0,17.5,2.5,0.5,4.16,0.0,0.3,24.96,2.5
2.0,"2019-08-24 18:26:49.000000","2019-08-24 18:44:08.000000",1.0,4.09,1.0,N,234.0,209.0,2.0,16.5,0.0,0.5,0.0,0.0,0.3,19.8,2.5
2.0,"2019-08-24 19:24:30.000000","2019-08-24 19:41:21.000000",1.0,4.16,1.0,N,234.0,209.0,2.0,15.5,0.0,0.5,0.0,0.0,0.3,18.8,2.5
1.0,"2019-08-24 19:56:07.000000","2019-08-24 20:16:19.000000",3.0,3.2,1.0,N,234.0,209.0,1.0,14.5,2.5,0.5,3.55,0.0,0.3,21.35,2.5
2.0,"2019-08-24 19:18:27.000000","2019-08-24 19:40:03.000000",5.0,4.19,1.0,N,234.0,209.0,1.0,17.5,0.0,0.5,4.16,0.0,0.3,24.96,2.5
2.0,"2019-08-24 19:24:37.000000","2019-08-24 19:46:06.000000",1.0,4.25,1.0,N,234.0,209.0,1.0,18.0,0.0,0.5,4.26,0.0,0.3,25.56,2.5
1.0,"2019-08-24 20:03:32.000000","2019-08-24 20:21:05.000000",1.0,4.3,1.0,N,234.0,209.0,1.0,15.5,3.0,0.5,2.0,0.0,0.3,21.3,2.5
1.0,"2019-08-24 21:51:47.000000","2019-08-24 22:06:20.000000",2.0,4.5,1.0,N,234.0,209.0,1.0,15.5,3.0,0.5,3.85,0.0,0.3,23.15,2.5
1.0,"2019-08-24 22:12:26.000000","2019-08-24 22:26:28.000000",1.0,2.5,1.0,N,234.0,209.0,1.0,11.5,3.0,0.5,0.03,0.0,0.3,15.33,2.5
1.0,"2019-08-24 22:58:40.000000","2019-08-24 23:15:48.000000",2.0,2.8,1.0,N,234.0,209.0,1.0,12.5,3.0,0.5,0.0,0.0,0.3,16.3,2.5
2.0,"2019-08-24 22:48:26.000000","2019-08-24 23:07:06.000000",1.0,4.28,1.0,N,234.0,209.0,1.0,16.5,0.5,0.5,5.08,0.0,0.3,25.38,2.5
2.0,"2019-08-25 00:15:51.000000","2019-08-25 00:33:26.000000",1.0,4.8,1.0,N,234.0,209.0,2.0,17.5,0.5,0.5,0.0,0.0,0.3,21.3,2.5
2.0,"2019-08-25 01:00:15.000000","2019-08-25 01:11:13.000000",1.0,2.73,1.0,N,234.0,209.0,1.0,10.5,0.5,0.5,3.58,0.0,0.3,17.88,2.5
2.0,"2019-08-25 09:25:01.000000","2019-08-25 09:36:45.000000",1.0,3.95,1.0,N,234.0,209.0,2.0,14.0,0.0,0.5,0.0,0.0,0.3,17.3,2.5
2.0,"2019-08-25 11:24:23.000000","2019-08-25 11:40:17.000000",1.0,2.66,1.0,N,234.0,209.0,2.0,12.5,0.0,0.5,0.0,0.0,0.3,15.8,2.5
2.0,"2019-08-25 11:32:50.000000","2019-08-25 11:44:16.000000",1.0,3.87,1.0,N,234.0,209.0,1.0,13.5,0.0,0.5,3.36,0.0,0.3,20.16,2.5
2.0,"2019-08-25 11:49:47.000000","2019-08-25 12:03:36.000000",5.0,4.45,1.0,N,234.0,209.0,1.0,16.0,0.0,0.5,4.82,0.0,0.3,24.12,2.5
2.0,"2019-08-25 11:33:59.000000","2019-08-25 11:47:59.000000",2.0,2.21,1.0,N,234.0,209.0,2.0,11.0,0.0,0.5,0.0,0.0,0.3,14.3,2.5
2.0,"2019-08-25 13:51:35.000000","2019-08-25 14:08:30.000000",1.0,4.18,1.0,N,234.0,209.0,1.0,16.0,0.0,0.5,3.0,0.0,0.3,22.3,2.5
2.0,"2019-08-25 15:35:59.000000","2019-08-25 15:52:42.000000",3.0,5.22,1.0,N,234.0,209.0,1.0,18.0,0.0,0.5,1.0,0.0,0.3,22.3,2.5
2.0,"2019-08-25 16:31:14.000000","2019-08-25 16:50:53.000000",1.0,4.69,1.0,N,234.0,209.0,1.0,18.0,0.0,0.5,3.0,0.0,0.3,24.3,2.5
2.0,"2019-08-25 16:23:00.000000","2019-08-25 16:40:54.000000",3.0,2.78,1.0,N,234.0,209.0,1.0,13.5,0.0,0.5,3.36,0.0,0.3,20.16,2.5
2.0,"2019-08-25 16:32:01.000000","2019-08-25 16:46:40.000000",1.0,3.95,1.0,N,234.0,209.0,2.0,15.0,0.0,0.5,0.0,0.0,0.3,18.3,2.5
1.0,"2019-08-25 16:57:43.000000","2019-08-25 17:14:22.000000",2.0,4.3,1.0,N,234.0,209.0,1.0,16.5,2.5,0.5,3.95,0.0,0.3,23.75,2.5
2.0,"2019-08-25 16:44:13.000000","2019-08-25 17:02:08.000000",2.0,2.84,1.0,N,234.0,209.0,1.0,13.5,0.0,0.5,3.36,0.0,0.3,20.16,2.5
2.0,"2019-08-25 17:57:54.000000","2019-08-25 18:11:36.000000",1.0,2.64,1.0,N,234.0,209.0,1.0,11.0,0.0,0.5,2.86,0.0,0.3,17.16,2.5
1.0,"2019-08-25 20:13:57.000000","2019-08-25 20:29:03.000000",1.0,2.3,1.0,N,234.0,209.0,1.0,11.5,3.0,0.5,3.05,0.0,0.3,18.35,2.5
1.0,"2019-08-25 23:37:32.000000","2019-08-25 23:46:46.000000",1.0,2.2,1.0,N,234.0,209.0,1.0,9.0,3.0,0.5,2.55,0.0,0.3,15.35,2.5
1.0,"2019-08-26 07:47:40.000000","2019-08-26 08:02:05.000000",1.0,2.8,1.0,N,234.0,209.0,1.0,12.0,2.5,0.5,3.8,0.0,0.3,19.1,2.5
2.0,"2019-08-26 12:13:18.000000","2019-08-26 12:28:28.000000",1.0,4.36,1.0,N,234.0,209.0,1.0,16.0,0.0,0.5,5.79,0.0,0.3,25.09,2.5
1.0,"2019-08-26 13:57:50.000000","2019-08-26 14:27:08.000000",0.0,3.7,1.0,N,234.0,209.0,1.0,19.5,2.5,0.5,4.55,0.0,0.3,27.35,2.5
2.0,"2019-08-26 14:06:36.000000","2019-08-26 14:36:08.000000",1.0,3.05,1.0,N,234.0,209.0,2.0,18.5,0.0,0.5,0.0,0.0,0.3,21.8,2.5
2.0,"2019-08-26 15:03:48.000000","2019-08-26 15:30:10.000000",1.0,4.37,1.0,N,234.0,209.0,1.0,20.0,0.0,0.5,4.66,0.0,0.3,27.96,2.5
2.0,"2019-08-26 15:54:24.000000","2019-08-26 16:21:52.000000",1.0,4.52,1.0,N,234.0,209.0,1.0,20.0,0.0,0.5,4.66,0.0,0.3,27.96,2.5
2.0,"2019-08-26 15:05:37.000000","2019-08-26 15:26:19.000000",1.0,4.24,1.0,N,234.0,209.0,1.0,17.0,0.0,0.5,4.06,0.0,0.3,24.36,2.5
2.0,"2019-08-26 15:56:32.000000","2019-08-26 16:21:01.000000",1.0,2.53,1.0,N,234.0,209.0,2.0,16.0,1.0,0.5,0.0,0.0,0.3,20.3,2.5
2.0,"2019-08-26 16:52:40.000000","2019-08-26 17:17:24.000000",1.0,3.91,1.0,N,234.0,209.0,1.0,18.0,1.0,0.5,4.46,0.0,0.3,26.76,2.5
1.0,"2019-08-26 18:39:15.000000","2019-08-26 18:56:44.000000",3.0,4.0,1.0,N,234.0,209.0,2.0,15.5,3.5,0.5,0.0,0.0,0.3,19.8,2.5
1.0,"2019-08-26 18:43:58.000000","2019-08-26 19:02:04.000000",1.0,2.7,1.0,N,234.0,209.0,1.0,13.0,3.5,0.5,3.45,0.0,0.3,20.75,2.5
1.0,"2019-08-26 18:24:55.000000","2019-08-26 18:41:49.000000",1.0,2.7,1.0,Y,234.0,209.0,1.0,12.5,3.5,0.5,3.35,0.0,0.3,20.15,2.5
2.0,"2019-08-26 20:07:13.000000","2019-08-26 20:21:08.000000",1.0,2.62,1.0,N,234.0,209.0,1.0,11.5,0.5,0.5,3.06,0.0,0.3,18.36,2.5
2.0,"2019-08-26 20:50:56.000000","2019-08-26 21:03:22.000000",1.0,2.9,1.0,N,234.0,209.0,1.0,11.0,0.5,0.5,2.96,0.0,0.3,17.76,2.5
1.0,"2019-08-26 22:35:06.000000","2019-08-26 22:46:18.000000",1.0,2.3,1.0,N,234.0,209.0,1.0,10.0,3.0,0.5,2.75,0.0,0.3,16.55,2.5
1.0,"2019-08-27 00:00:27.000000","2019-08-27 00:14:10.000000",1.0,3.9,1.0,N,234.0,209.0,1.0,14.5,3.0,0.5,3.65,0.0,0.3,21.95,2.5
2.0,"2019-08-27 07:52:51.000000","2019-08-27 08:06:02.000000",1.0,2.65,1.0,N,234.0,209.0,1.0,11.5,0.0,0.5,3.7,0.0,0.3,18.5,2.5
2.0,"2019-08-27 11:50:37.000000","2019-08-27 12:16:51.000000",2.0,2.79,1.0,N,234.0,209.0,1.0,17.0,0.0,0.5,5.08,0.0,0.3,25.38,2.5
2.0,"2019-08-27 13:28:08.000000","2019-08-27 13:47:01.000000",2.0,3.6,1.0,N,234.0,209.0,1.0,15.5,0.0,0.5,3.0,0.0,0.3,21.8,2.5
2.0,"2019-08-27 17:30:05.000000","2019-08-27 17:50:39.000000",1.0,2.93,1.0,N,234.0,209.0,1.0,14.5,1.0,0.5,3.76,0.0,0.3,22.56,2.5
2.0,"2019-08-27 17:53:31.000000","2019-08-27 18:11:26.000000",1.0,3.91,1.0,N,234.0,209.0,1.0,14.5,1.0,0.5,3.76,0.0,0.3,22.56,2.5
1.0,"2019-08-27 18:54:12.000000","2019-08-27 19:12:07.000000",1.0,2.7,1.0,N,234.0,209.0,1.0,13.0,3.5,0.5,2.6,0.0,0.3,19.9,2.5
2.0,"2019-08-27 19:52:07.000000","2019-08-27 20:06:19.000000",1.0,2.59,1.0,N,234.0,209.0,2.0,11.0,1.0,0.5,0.0,0.0,0.3,15.3,2.5
1.0,"2019-08-27 20:03:52.000000","2019-08-27 20:19:53.000000",1.0,2.8,1.0,N,234.0,209.0,2.0,12.5,3.0,0.5,0.0,0.0,0.3,16.3,2.5
2.0,"2019-08-27 20:45:06.000000","2019-08-27 20:57:03.000000",3.0,2.36,1.0,N,234.0,209.0,1.0,10.0,0.5,0.5,2.07,0.0,0.3,15.87,2.5
2.0,"2019-08-27 15:28:11.000000","2019-08-28 14:46:29.000000",1.0,4.41,1.0,N,234.0,209.0,1.0,17.5,0.5,0.5,4.26,0.0,0.3,25.56,2.5
2.0,"2019-08-27 21:28:30.000000","2019-08-27 21:40:28.000000",1.0,2.23,1.0,N,234.0,209.0,1.0,10.0,0.5,0.5,3.0,0.0,0.3,16.8,2.5
2.0,"2019-08-27 21:25:25.000000","2019-08-27 21:40:24.000000",2.0,4.13,1.0,N,234.0,209.0,1.0,15.5,0.5,0.5,2.0,0.0,0.3,21.3,2.5
2.0,"2019-08-28 07:55:52.000000","2019-08-28 08:10:23.000000",1.0,2.74,1.0,N,234.0,209.0,1.0,12.5,0.0,0.5,4.74,0.0,0.3,20.54,2.5
2.0,"2019-08-28 07:36:25.000000","2019-08-28 07:54:16.000000",5.0,4.28,1.0,N,234.0,209.0,1.0,17.0,0.0,0.5,4.06,0.0,0.3,24.36,2.5
2.0,"2019-08-28 08:46:06.000000","2019-08-28 09:12:09.000000",1.0,4.8,1.0,N,234.0,209.0,1.0,21.5,0.0,0.5,7.44,0.0,0.3,32.24,2.5
1.0,"2019-08-28 10:44:48.000000","2019-08-28 11:05:16.000000",1.0,4.5,1.0,N,234.0,209.0,2.0,17.5,2.5,0.5,0.0,0.0,0.3,20.8,2.5
2.0,"2019-08-28 12:05:21.000000","2019-08-28 12:28:34.000000",1.0,2.43,1.0,N,234.0,209.0,1.0,15.0,0.0,0.5,3.66,0.0,0.3,21.96,2.5
2.0,"2019-08-28 14:22:01.000000","2019-08-28 14:48:40.000000",1.0,2.44,1.0,N,234.0,209.0,1.0,17.0,0.0,0.5,1.0,0.0,0.3,21.3,2.5
1.0,"2019-08-28 14:52:40.000000","2019-08-28 15:21:18.000000",1.0,3.2,1.0,N,234.0,209.0,1.0,19.0,2.5,0.5,3.0,0.0,0.3,25.3,2.5
1.0,"2019-08-28 15:48:00.000000","2019-08-28 16:07:25.000000",1.0,2.8,1.0,N,234.0,209.0,1.0,14.0,2.5,0.5,3.45,0.0,0.3,20.75,2.5
2.0,"2019-08-28 18:40:36.000000","2019-08-28 19:06:03.000000",1.0,4.92,1.0,N,234.0,209.0,1.0,19.5,1.0,0.5,4.76,0.0,0.3,28.56,2.5
1.0,"2019-08-28 20:09:53.000000","2019-08-28 20:23:49.000000",1.0,2.4,1.0,N,234.0,209.0,1.0,11.0,3.0,0.5,2.0,0.0,0.3,16.8,2.5
2.0,"2019-08-28 20:18:15.000000","2019-08-28 20:34:06.000000",1.0,4.87,1.0,N,234.0,209.0,1.0,17.0,0.5,0.5,4.16,0.0,0.3,24.96,2.5
1.0,"2019-08-28 21:33:55.000000","2019-08-28 21:44:49.000000",1.0,2.3,1.0,N,234.0,209.0,1.0,10.0,3.0,0.5,2.75,0.0,0.3,16.55,2.5
1.0,"2019-08-28 22:15:30.000000","2019-08-28 22:28:36.000000",1.0,4.1,1.0,N,234.0,209.0,1.0,15.0,3.0,0.5,3.75,0.0,0.3,22.55,2.5
2.0,"2019-08-28 23:18:27.000000","2019-08-28 23:32:01.000000",1.0,3.75,1.0,N,234.0,209.0,2.0,14.0,0.5,0.5,0.0,0.0,0.3,17.8,2.5
2.0,"2019-08-29 00:16:28.000000","2019-08-29 00:26:38.000000",1.0,4.2,1.0,N,234.0,209.0,1.0,13.5,0.5,0.5,3.46,0.0,0.3,20.76,2.5
2.0,"2019-08-29 05:50:19.000000","2019-08-29 06:00:20.000000",2.0,2.46,1.0,N,234.0,209.0,1.0,10.0,0.5,0.5,2.76,0.0,0.3,16.56,2.5
1.0,"2019-08-29 07:46:48.000000","2019-08-29 08:02:29.000000",1.0,2.6,1.0,N,234.0,209.0,1.0,12.0,2.5,0.5,3.8,0.0,0.3,19.1,2.5
2.0,"2019-08-29 08:34:01.000000","2019-08-29 08:52:43.000000",1.0,4.38,1.0,N,234.0,209.0,1.0,17.5,0.0,0.5,2.08,0.0,0.3,22.88,2.5
2.0,"2019-08-29 11:52:29.000000","2019-08-29 12:20:43.000000",3.0,4.53,1.0,N,234.0,209.0,1.0,21.0,0.0,0.5,2.5,0.0,0.3,26.8,2.5
2.0,"2019-08-29 11:01:04.000000","2019-08-29 11:22:24.000000",1.0,3.98,1.0,N,234.0,209.0,2.0,17.5,0.0,0.5,0.0,0.0,0.3,20.8,2.5
1.0,"2019-08-29 11:33:56.000000","2019-08-29 11:50:59.000000",1.0,4.3,1.0,N,234.0,209.0,1.0,16.0,2.5,0.5,3.85,0.0,0.3,23.15,2.5
1.0,"2019-08-29 14:15:38.000000","2019-08-29 14:37:07.000000",2.0,3.9,1.0,N,234.0,209.0,2.0,17.5,2.5,0.5,0.0,0.0,0.3,20.8,2.5
1.0,"2019-08-29 14:00:57.000000","2019-08-29 14:17:21.000000",2.0,4.3,1.0,N,234.0,209.0,1.0,16.5,2.5,0.5,3.96,0.0,0.3,23.76,2.5
1.0,"2019-08-29 15:00:51.000000","2019-08-29 15:18:05.000000",1.0,4.2,1.0,N,234.0,209.0,1.0,16.5,2.5,0.5,3.5,0.0,0.3,23.3,2.5
2.0,"2019-08-29 15:05:10.000000","2019-08-29 15:23:10.000000",1.0,2.44,1.0,N,234.0,209.0,2.0,13.5,0.0,0.5,0.0,0.0,0.3,16.8,2.5
2.0,"2019-08-29 16:04:47.000000","2019-08-29 16:25:42.000000",5.0,2.76,1.0,N,234.0,209.0,1.0,14.5,1.0,0.5,3.76,0.0,0.3,22.56,2.5
2.0,"2019-08-29 17:31:30.000000","2019-08-29 18:02:59.000000",1.0,4.05,1.0,N,234.0,209.0,1.0,20.0,1.0,0.5,4.86,0.0,0.3,29.16,2.5
2.0,"2019-08-29 18:24:58.000000","2019-08-29 18:39:38.000000",1.0,4.04,1.0,N,234.0,209.0,1.0,15.0,1.0,0.5,3.86,0.0,0.3,23.16,2.5
1.0,"2019-08-29 18:58:53.000000","2019-08-29 19:13:31.000000",1.0,2.3,1.0,N,234.0,209.0,1.0,11.0,3.5,0.5,3.8,0.0,0.3,19.1,2.5
2.0,"2019-08-29 19:14:59.000000","2019-08-29 19:32:20.000000",1.0,2.7,1.0,N,234.0,209.0,1.0,13.0,1.0,0.5,3.46,0.0,0.3,20.76,2.5
2.0,"2019-08-29 19:44:28.000000","2019-08-29 20:00:35.000000",2.0,4.39,1.0,N,234.0,209.0,1.0,16.0,1.0,0.5,1.0,0.0,0.3,21.3,2.5
1.0,"2019-08-29 20:48:27.000000","2019-08-29 21:10:50.000000",2.0,3.0,1.0,N,234.0,209.0,1.0,15.5,3.0,0.5,3.85,0.0,0.3,23.15,2.5
2.0,"2019-08-29 21:31:46.000000","2019-08-29 21:45:22.000000",1.0,2.41,1.0,N,234.0,209.0,1.0,11.0,0.5,0.5,3.7,0.0,0.3,18.5,2.5
2.0,"2019-08-29 21:03:20.000000","2019-08-29 21:17:30.000000",1.0,4.45,1.0,N,234.0,209.0,1.0,15.5,0.5,0.5,3.86,0.0,0.3,23.16,2.5
2.0,"2019-08-29 21:35:31.000000","2019-08-29 21:47:46.000000",2.0,2.64,1.0,N,234.0,209.0,1.0,11.0,0.5,0.5,3.7,0.0,0.3,18.5,2.5
2.0,"2019-08-29 23:52:09.000000","2019-08-30 00:04:28.000000",1.0,2.88,1.0,N,234.0,209.0,2.0,11.0,0.5,0.5,0.0,0.0,0.3,14.8,2.5
2.0,"2019-08-30 00:40:50.000000","2019-08-30 01:03:59.000000",1.0,3.64,1.0,N,234.0,209.0,1.0,16.0,0.5,0.5,0.0,0.0,0.3,19.8,2.5
2.0,"2019-08-30 00:30:19.000000","2019-08-30 00:38:50.000000",1.0,2.41,1.0,N,234.0,209.0,1.0,9.5,0.5,0.5,2.0,0.0,0.3,15.3,2.5
2.0,"2019-08-30 01:12:17.000000","2019-08-30 01:35:37.000000",1.0,3.46,1.0,N,234.0,209.0,2.0,18.0,0.5,0.5,0.0,0.0,0.3,21.8,2.5
1.0,"2019-08-30 01:55:50.000000","2019-08-30 02:08:41.000000",1.0,3.8,1.0,N,234.0,209.0,1.0,14.0,3.0,0.5,3.55,0.0,0.3,21.35,2.5
2.0,"2019-08-30 01:37:21.000000","2019-08-30 01:50:20.000000",1.0,2.72,1.0,N,234.0,209.0,2.0,11.5,0.5,0.5,0.0,0.0,0.3,15.3,2.5
2.0,"2019-08-30 05:09:51.000000","2019-08-30 05:17:31.000000",1.0,2.64,1.0,N,234.0,209.0,1.0,9.0,0.5,0.5,2.56,0.0,0.3,15.36,2.5
2.0,"2019-08-30 12:14:33.000000","2019-08-30 12:38:58.000000",1.0,4.19,1.0,N,234.0,209.0,1.0,20.0,0.0,0.5,2.0,0.0,0.3,25.3,2.5
1.0,"2019-08-30 14:44:19.000000","2019-08-30 15:05:15.000000",0.0,4.4,1.0,N,234.0,209.0,1.0,18.0,2.5,0.5,4.25,0.0,0.3,25.55,2.5
2.0,"2019-08-30 14:48:37.000000","2019-08-30 15:17:03.000000",5.0,2.29,1.0,N,234.0,209.0,1.0,17.5,0.0,0.5,4.16,0.0,0.3,24.96,2.5
1.0,"2019-08-30 15:32:42.000000","2019-08-30 15:56:57.000000",1.0,5.0,1.0,N,234.0,209.0,1.0,20.5,2.5,0.5,4.75,0.0,0.3,28.55,2.5
2.0,"2019-08-30 15:00:06.000000","2019-08-30 15:41:30.000000",1.0,3.08,1.0,N,234.0,209.0,1.0,25.0,0.0,0.5,5.66,0.0,0.3,33.96,2.5
1.0,"2019-08-30 15:43:13.000000","2019-08-30 16:04:26.000000",1.0,4.2,1.0,N,234.0,209.0,1.0,18.0,0.0,0.5,0.0,0.0,0.3,18.8,0.0
2.0,"2019-08-30 15:35:08.000000","2019-08-30 15:57:17.000000",2.0,4.11,1.0,N,234.0,209.0,1.0,17.5,0.0,0.5,2.0,0.0,0.3,22.8,2.5
2.0,"2019-08-30 16:04:25.000000","2019-08-30 16:24:31.000000",1.0,4.63,1.0,N,234.0,209.0,1.0,18.0,1.0,0.5,4.46,0.0,0.3,26.76,2.5
2.0,"2019-08-30 16:11:22.000000","2019-08-30 16:35:42.000000",1.0,6.01,1.0,N,234.0,209.0,1.0,22.0,1.0,0.5,5.26,0.0,0.3,31.56,2.5
2.0,"2019-08-30 17:24:23.000000","2019-08-30 17:41:20.000000",1.0,2.66,1.0,N,234.0,209.0,1.0,12.5,1.0,0.5,4.2,0.0,0.3,21.0,2.5
1.0,"2019-08-30 17:30:19.000000","2019-08-30 17:44:07.000000",1.0,3.9,1.0,N,234.0,209.0,1.0,14.5,3.5,0.5,3.75,0.0,0.3,22.55,2.5
2.0,"2019-08-30 18:46:43.000000","2019-08-30 19:01:02.000000",1.0,2.62,1.0,N,234.0,209.0,2.0,11.5,1.0,0.5,0.0,0.0,0.3,15.8,2.5
2.0,"2019-08-30 19:45:50.000000","2019-08-30 20:18:51.000000",1.0,5.13,1.0,N,234.0,209.0,1.0,23.0,1.0,0.5,5.46,0.0,0.3,32.76,2.5
1.0,"2019-08-30 19:23:49.000000","2019-08-30 19:34:50.000000",1.0,2.6,1.0,N,234.0,209.0,1.0,10.5,3.5,0.5,2.95,0.0,0.3,17.75,2.5
2.0,"2019-08-30 21:22:17.000000","2019-08-30 21:38:24.000000",1.0,2.89,1.0,N,234.0,209.0,2.0,12.5,0.5,0.5,0.0,0.0,0.3,16.3,2.5
1.0,"2019-08-30 21:21:49.000000","2019-08-30 21:41:38.000000",1.0,4.3,1.0,N,234.0,209.0,2.0,17.5,3.0,0.5,0.0,0.0,0.3,21.3,2.5
2.0,"2019-08-30 23:02:06.000000","2019-08-30 23:15:38.000000",3.0,2.38,1.0,N,234.0,209.0,1.0,11.0,0.5,0.5,2.96,0.0,0.3,17.76,2.5
1.0,"2019-08-31 01:44:48.000000","2019-08-31 01:58:17.000000",1.0,2.8,1.0,N,234.0,209.0,1.0,12.0,3.0,0.5,3.15,0.0,0.3,18.95,2.5
2.0,"2019-08-31 00:58:41.000000","2019-08-31 01:12:29.000000",1.0,4.25,1.0,N,234.0,209.0,1.0,15.5,0.5,0.5,3.86,0.0,0.3,23.16,2.5
1.0,"2019-08-31 08:09:45.000000","2019-08-31 08:17:36.000000",1.0,1.9,1.0,N,234.0,209.0,1.0,8.5,2.5,0.5,3.5,0.0,0.3,15.3,2.5
1.0,"2019-08-31 11:05:51.000000","2019-08-31 11:23:29.000000",1.0,2.8,1.0,N,234.0,209.0,1.0,13.5,2.5,0.5,3.35,0.0,0.3,20.15,2.5
2.0,"2019-08-31 11:43:07.000000","2019-08-31 11:57:15.000000",1.0,3.89,1.0,N,234.0,209.0,1.0,15.0,0.0,0.5,3.66,0.0,0.3,21.96,2.5
2.0,"2019-08-31 12:22:09.000000","2019-08-31 12:38:41.000000",2.0,4.26,1.0,N,234.0,209.0,1.0,16.0,0.0,0.5,4.82,0.0,0.3,24.12,2.5
1.0,"2019-08-31 14:07:06.000000","2019-08-31 14:23:47.000000",2.0,2.4,1.0,N,234.0,209.0,2.0,12.5,2.5,0.5,0.0,0.0,0.3,15.8,2.5
2.0,"2019-08-31 14:04:30.000000","2019-08-31 14:20:11.000000",1.0,2.7,1.0,N,234.0,209.0,1.0,12.5,0.0,0.5,3.16,0.0,0.3,18.96,2.5
1.0,"2019-08-31 14:15:11.000000","2019-08-31 14:31:04.000000",3.0,5.5,1.0,N,234.0,209.0,1.0,18.5,2.5,0.5,2.0,0.0,0.3,23.8,2.5
1.0,"2019-08-31 14:31:20.000000","2019-08-31 14:49:28.000000",1.0,4.6,1.0,N,234.0,209.0,1.0,18.0,2.5,0.5,5.3,0.0,0.3,26.6,2.5
2.0,"2019-08-31 14:44:24.000000","2019-08-31 14:59:23.000000",2.0,2.6,1.0,N,234.0,209.0,2.0,11.5,0.0,0.5,0.0,0.0,0.3,14.8,2.5
2.0,"2019-08-31 15:24:09.000000","2019-08-31 15:45:07.000000",1.0,4.56,1.0,N,234.0,209.0,1.0,18.5,0.0,0.5,4.36,0.0,0.3,26.16,2.5
1.0,"2019-08-31 16:54:55.000000","2019-08-31 17:13:56.000000",2.0,2.9,1.0,N,234.0,209.0,1.0,14.0,2.5,0.5,0.87,0.0,0.3,18.17,2.5
2.0,"2019-08-31 16:33:14.000000","2019-08-31 16:48:58.000000",1.0,3.87,1.0,N,234.0,209.0,1.0,14.5,0.0,0.5,2.5,0.0,0.3,20.3,2.5
2.0,"2019-08-31 17:41:35.000000","2019-08-31 17:56:29.000000",1.0,2.25,1.0,N,234.0,209.0,1.0,11.5,0.0,0.5,2.96,0.0,0.3,17.76,2.5
2.0,"2019-08-31 18:19:07.000000","2019-08-31 18:35:30.000000",1.0,2.62,1.0,N,234.0,209.0,1.0,12.0,0.0,0.5,3.06,0.0,0.3,18.36,2.5
1.0,"2019-08-31 18:51:56.000000","2019-08-31 19:13:47.000000",1.0,2.4,1.0,N,234.0,209.0,1.0,14.0,2.5,0.5,3.45,0.0,0.3,20.75,2.5
1.0,"2019-08-31 19:32:22.000000","2019-08-31 19:47:13.000000",1.0,4.2,1.0,N,234.0,209.0,2.0,15.5,2.5,0.5,0.0,0.0,0.3,18.8,2.5
2.0,"2019-08-31 19:37:10.000000","2019-08-31 19:51:37.000000",1.0,4.36,1.0,N,234.0,209.0,1.0,16.0,0.0,0.5,3.86,0.0,0.3,23.16,2.5
2.0,"2019-08-31 19:37:31.000000","2019-08-31 19:55:06.000000",1.0,3.17,1.0,N,234.0,209.0,1.0,13.5,0.0,0.5,4.2,0.0,0.3,21.0,2.5
2.0,"2019-08-31 20:31:37.000000","2019-08-31 20:49:37.000000",4.0,3.12,1.0,N,234.0,209.0,2.0,13.5,0.5,0.5,0.0,0.0,0.3,17.3,2.5
1.0,"2019-08-31 21:25:46.000000","2019-08-31 21:37:03.000000",1.0,2.3,1.0,N,234.0,209.0,1.0,10.0,3.0,0.5,2.0,0.0,0.3,15.8,2.5
1.0,"2019-08-31 22:19:54.000000","2019-08-31 22:32:13.000000",4.0,2.9,1.0,N,234.0,209.0,1.0,11.5,3.0,0.5,4.55,0.0,0.3,19.85,2.5
2.0,"2019-08-31 23:36:12.000000","2019-08-31 23:47:57.000000",1.0,2.88,1.0,N,234.0,209.0,1.0,11.0,0.5,0.5,3.7,0.0,0.3,18.5,2.5
2.0,"2019-08-31 23:34:02.000000","2019-08-31 23:45:02.000000",1.0,2.92,1.0,N,234.0,209.0,1.0,11.0,0.5,0.5,3.7,0.0,0.3,18.5,2.5
,"2019-08-05 10:46:00.000000","2019-08-05 11:14:00.000000",,3.13,,,234.0,209.0,,25.45,2.75,0.5,0.0,0.0,0.3,29.0,0.0
