1.0,"2019-08-01 06:48:45.000000","2019-08-01 07:32:56.000000",1.0,28.1,1.0,N,234.0,216.0,1.0,75.5,2.5,0.5,7.88,0.0,0.3,86.68,2.5
2.0,"2019-08-01 18:59:08.000000","2019-08-01 19:43:07.000000",1.0,14.82,2.0,N,234.0,216.0,1.0,52.0,4.5,0.5,0.0,6.12,0.3,65.92,2.5
2.0,"2019-08-05 07:46:21.000000","2019-08-05 08:20:40.000000",1.0,16.59,2.0,N,234.0,216.0,1.0,52.0,0.0,0.5,12.28,6.12,0.3,73.7,2.5
1.0,"2019-08-06 16:38:06.000000","2019-08-06 17:42:38.000000",1.0,16.7,2.0,N,234.0,216.0,1.0,52.0,7.0,0.5,13.15,6.12,0.3,79.07,2.5
2.0,"2019-08-08 20:15:28.000000","2019-08-08 21:05:34.000000",1.0,15.73,2.0,N,234.0,216.0,1.0,52.0,0.0,0.5,18.43,6.12,0.3,79.85,2.5
2.0,"2019-08-10 13:46:12.000000","2019-08-10 14:40:33.000000",2.0,16.28,2.0,N,234.0,216.0,1.0,52.0,0.0,0.5,20.0,0.0,0.3,75.3,2.5
2.0,"2019-08-14 16:49:40.000000","2019-08-14 17:57:03.000000",1.0,13.91,1.0,N,234.0,216.0,2.0,49.0,1.0,0.5,0.0,6.12,0.3,59.42,2.5
2.0,"2019-08-15 23:52:08.000000","2019-08-16 00:22:55.000000",1.0,16.46,1.0,N,234.0,216.0,1.0,46.0,0.5,0.5,2.0,6.12,0.3,57.92,2.5
2.0,"2019-08-15 23:01:17.000000","2019-08-15 23:40:54.000000",2.0,15.23,1.0,N,234.0,216.0,1.0,45.0,0.5,0.5,10.98,6.12,0.3,65.9,2.5
1.0,"2019-08-15 23:00:51.000000","2019-08-15 23:46:06.000000",1.0,16.6,1.0,N,234.0,216.0,1.0,49.0,3.0,0.5,5.0,6.12,0.3,63.92,2.5
2.0,"2019-08-17 13:16:17.000000","2019-08-17 14:41:59.000000",1.0,20.88,2.0,N,234.0,216.0,1.0,52.0,0.0,0.5,13.82,0.0,0.3,69.12,2.5
2.0,"2019-08-20 14:47:46.000000","2019-08-20 15:44:10.000000",1.0,16.08,2.0,N,234.0,216.0,1.0,52.0,0.0,0.5,11.08,6.12,0.3,72.5,2.5
1.0,"2019-08-26 17:11:48.000000","2019-08-26 18:15:08.000000",1.0,14.6,2.0,N,234.0,216.0,1.0,52.0,7.0,0.5,13.15,6.12,0.3,79.07,2.5
1.0,"2019-08-28 13:51:07.000000","2019-08-28 14:53:47.000000",1.0,18.3,2.0,N,234.0,216.0,1.0,52.0,2.5,0.5,10.0,6.12,0.3,71.42,2.5
2.0,"2019-08-29 15:55:36.000000","2019-08-29 17:27:48.000000",1.0,14.81,2.0,N,234.0,216.0,1.0,52.0,0.0,0.5,6.14,6.12,0.3,67.56,2.5
1.0,"2019-08-29 18:53:11.000000","2019-08-29 19:41:50.000000",1.0,13.3,2.0,N,234.0,216.0,1.0,52.0,7.0,0.5,13.15,6.12,0.3,79.07,2.5
2.0,"2019-08-30 14:23:05.000000","2019-08-30 15:29:39.000000",1.0,17.74,2.0,N,234.0,216.0,1.0,52.0,0.0,0.5,15.36,6.12,0.3,76.78,2.5
2.0,"2019-08-30 15:25:10.000000","2019-08-30 16:20:44.000000",1.0,14.12,2.0,N,234.0,216.0,1.0,52.0,0.0,0.5,15.36,6.12,0.3,76.78,2.5
,"2019-08-13 13:13:00.000000","2019-08-13 13:57:00.000000",,13.55,,,234.0,216.0,,47.63,2.75,0.5,0.0,6.12,0.3,57.3,0.0
