1.0,"2019-08-01 00:29:29.000000","2019-08-01 00:58:17.000000",1.0,6.1,1.0,N,234.0,223.0,1.0,22.5,3.0,0.5,5.26,0.0,0.3,31.56,2.5
2.0,"2019-08-01 18:53:59.000000","2019-08-01 19:22:03.000000",1.0,5.86,1.0,N,234.0,223.0,2.0,22.5,1.0,0.5,0.0,0.0,0.3,26.8,2.5
1.0,"2019-08-01 22:24:50.000000","2019-08-01 23:02:18.000000",1.0,10.1,1.0,N,234.0,223.0,1.0,35.0,3.0,0.5,7.75,0.0,0.3,46.55,2.5
1.0,"2019-08-02 00:31:45.000000","2019-08-02 00:56:18.000000",1.0,6.3,1.0,N,234.0,223.0,2.0,22.0,3.0,0.5,0.0,0.0,0.3,25.8,2.5
2.0,"2019-08-02 02:10:38.000000","2019-08-02 02:32:56.000000",1.0,7.0,1.0,N,234.0,223.0,1.0,23.0,0.5,0.5,5.36,0.0,0.3,32.16,2.5
1.0,"2019-08-02 04:33:56.000000","2019-08-02 04:58:32.000000",2.0,7.0,1.0,N,234.0,223.0,1.0,23.5,3.0,0.5,0.0,0.0,0.3,27.3,2.5
2.0,"2019-08-02 04:17:55.000000","2019-08-02 04:46:58.000000",4.0,7.1,1.0,N,234.0,223.0,2.0,25.5,0.5,0.5,0.0,0.0,0.3,29.3,2.5
2.0,"2019-08-02 10:23:14.000000","2019-08-02 10:59:03.000000",1.0,10.05,1.0,N,234.0,223.0,1.0,34.0,0.0,0.5,8.68,6.12,0.3,52.1,2.5
2.0,"2019-08-02 12:41:32.000000","2019-08-02 13:28:33.000000",5.0,10.66,1.0,N,234.0,223.0,1.0,38.5,0.0,0.5,9.58,6.12,0.3,57.5,2.5
1.0,"2019-08-02 17:59:28.000000","2019-08-02 18:43:52.000000",1.0,6.2,1.0,N,234.0,223.0,2.0,29.5,3.5,0.5,0.0,0.0,0.3,33.8,2.5
1.0,"2019-08-02 20:53:58.000000","2019-08-02 21:18:09.000000",1.0,9.3,1.0,N,234.0,223.0,1.0,29.0,3.0,0.5,7.75,6.12,0.3,46.67,2.5
2.0,"2019-08-03 01:45:29.000000","2019-08-03 02:12:14.000000",1.0,7.49,1.0,N,234.0,223.0,1.0,25.5,0.5,0.5,3.7,0.0,0.3,33.0,2.5
2.0,"2019-08-03 02:24:21.000000","2019-08-03 02:48:48.000000",1.0,7.06,1.0,N,234.0,223.0,1.0,23.5,0.5,0.5,3.0,0.0,0.3,30.3,2.5
2.0,"2019-08-03 02:40:05.000000","2019-08-03 03:04:44.000000",1.0,6.46,1.0,N,234.0,223.0,2.0,22.5,0.5,0.5,0.0,0.0,0.3,26.3,2.5
2.0,"2019-08-03 02:30:44.000000","2019-08-03 02:58:43.000000",2.0,7.02,1.0,N,234.0,223.0,1.0,24.5,0.5,0.5,3.0,0.0,0.3,31.3,2.5
1.0,"2019-08-03 04:34:50.000000","2019-08-03 04:55:41.000000",1.0,6.2,1.0,N,234.0,223.0,2.0,21.5,3.0,0.5,0.0,0.0,0.3,25.3,2.5
1.0,"2019-08-03 15:10:25.000000","2019-08-03 15:39:42.000000",2.0,6.3,1.0,N,234.0,223.0,1.0,23.5,2.5,0.5,5.35,0.0,0.3,32.15,2.5
2.0,"2019-08-03 19:11:26.000000","2019-08-03 19:50:11.000000",2.0,6.92,1.0,N,234.0,223.0,2.0,29.0,0.0,0.5,0.0,0.0,0.3,32.3,2.5
2.0,"2019-08-03 19:02:43.000000","2019-08-03 19:32:14.000000",1.0,9.61,1.0,N,234.0,223.0,1.0,31.5,0.0,0.5,8.18,6.12,0.3,49.1,2.5
1.0,"2019-08-03 21:53:44.000000","2019-08-03 22:22:16.000000",1.0,6.6,1.0,N,234.0,223.0,1.0,24.5,3.0,0.5,5.66,0.0,0.3,33.96,2.5
1.0,"2019-08-03 23:25:57.000000","2019-08-03 23:51:31.000000",1.0,9.0,1.0,N,234.0,223.0,1.0,28.0,3.0,0.5,7.55,6.12,0.3,45.47,2.5
2.0,"2019-08-04 00:18:51.000000","2019-08-04 00:50:32.000000",1.0,7.01,1.0,N,234.0,223.0,1.0,26.5,0.5,0.5,6.06,0.0,0.3,36.36,2.5
2.0,"2019-08-04 07:19:45.000000","2019-08-04 07:42:52.000000",2.0,6.11,1.0,N,234.0,223.0,2.0,22.0,0.0,0.5,0.0,0.0,0.3,25.3,2.5
1.0,"2019-08-04 19:35:52.000000","2019-08-04 20:06:24.000000",0.0,9.6,1.0,N,234.0,223.0,1.0,31.5,2.5,0.5,8.15,6.12,0.3,49.07,2.5
2.0,"2019-08-04 19:00:34.000000","2019-08-04 19:37:06.000000",6.0,7.29,1.0,N,234.0,223.0,1.0,28.5,0.0,0.5,3.0,0.0,0.3,34.8,2.5
1.0,"2019-08-05 16:16:39.000000","2019-08-05 16:49:17.000000",1.0,6.8,1.0,N,234.0,223.0,1.0,26.0,3.5,0.5,6.05,0.0,0.3,36.35,2.5
1.0,"2019-08-05 19:28:40.000000","2019-08-05 19:54:37.000000",1.0,6.0,1.0,N,234.0,223.0,1.0,22.0,3.5,0.5,5.25,0.0,0.3,31.55,2.5
2.0,"2019-08-06 16:55:09.000000","2019-08-06 17:17:53.000000",2.0,8.98,1.0,N,234.0,223.0,1.0,27.5,1.0,0.5,2.0,6.12,0.3,39.92,2.5
1.0,"2019-08-06 17:48:57.000000","2019-08-06 18:17:38.000000",1.0,6.8,1.0,N,234.0,223.0,1.0,24.0,3.5,0.5,8.45,0.0,0.3,36.75,2.5
2.0,"2019-08-06 21:42:19.000000","2019-08-06 22:03:56.000000",5.0,5.63,1.0,N,234.0,223.0,1.0,20.5,0.5,0.5,4.86,0.0,0.3,29.16,2.5
1.0,"2019-08-06 21:26:48.000000","2019-08-06 21:51:07.000000",1.0,9.4,1.0,N,234.0,223.0,1.0,29.0,3.0,0.5,7.75,6.12,0.3,46.67,2.5
2.0,"2019-08-06 23:51:37.000000","2019-08-07 00:18:43.000000",1.0,6.56,1.0,N,234.0,223.0,1.0,23.5,0.5,0.5,6.82,0.0,0.3,34.12,2.5
2.0,"2019-08-07 02:38:38.000000","2019-08-07 03:01:28.000000",1.0,6.88,1.0,N,234.0,223.0,1.0,22.5,0.5,0.5,2.0,0.0,0.3,28.3,2.5
2.0,"2019-08-07 21:13:37.000000","2019-08-07 21:45:12.000000",1.0,6.86,1.0,N,234.0,223.0,1.0,25.0,0.5,0.5,5.76,0.0,0.3,36.51,2.5
2.0,"2019-08-07 21:45:21.000000","2019-08-07 22:14:26.000000",1.0,6.41,1.0,N,234.0,223.0,1.0,23.5,0.5,0.5,5.46,0.0,0.3,32.76,2.5
2.0,"2019-08-07 22:16:01.000000","2019-08-07 22:44:18.000000",5.0,5.9,1.0,N,234.0,223.0,1.0,23.0,0.5,0.5,5.36,0.0,0.3,32.16,2.5
1.0,"2019-08-08 00:31:39.000000","2019-08-08 01:05:25.000000",3.0,8.1,1.0,N,234.0,223.0,1.0,29.0,3.0,0.5,4.2,0.0,0.3,37.0,2.5
1.0,"2019-08-08 13:43:10.000000","2019-08-08 14:33:50.000000",1.0,6.9,1.0,N,234.0,223.0,2.0,34.0,2.5,0.5,0.0,0.0,0.3,37.3,2.5
1.0,"2019-08-08 16:51:57.000000","2019-08-08 17:39:28.000000",1.0,7.0,1.0,N,234.0,223.0,1.0,32.0,3.5,0.5,8.45,6.12,0.3,50.87,2.5
2.0,"2019-08-08 17:33:00.000000","2019-08-08 18:10:11.000000",1.0,8.75,1.0,N,234.0,223.0,1.0,29.5,1.0,0.5,7.98,6.12,0.3,47.9,2.5
2.0,"2019-08-08 19:40:01.000000","2019-08-08 20:21:38.000000",1.0,7.08,1.0,N,234.0,223.0,1.0,30.0,1.0,0.5,6.86,0.0,0.3,41.16,2.5
1.0,"2019-08-08 22:31:19.000000","2019-08-08 23:06:33.000000",1.0,6.8,1.0,N,234.0,223.0,1.0,27.5,3.0,0.5,6.25,0.0,0.3,37.55,2.5
1.0,"2019-08-08 23:43:34.000000","2019-08-09 00:12:23.000000",1.0,7.2,1.0,N,234.0,223.0,1.0,25.0,3.0,0.5,7.2,0.0,0.3,36.0,2.5
2.0,"2019-08-08 23:25:25.000000","2019-08-08 23:57:17.000000",5.0,9.36,1.0,N,234.0,223.0,1.0,30.5,0.5,0.5,8.08,6.12,0.3,48.5,2.5
2.0,"2019-08-09 04:29:32.000000","2019-08-09 04:50:47.000000",2.0,7.24,1.0,N,234.0,223.0,1.0,22.5,0.5,0.5,5.26,0.0,0.3,31.56,2.5
1.0,"2019-08-09 13:40:56.000000","2019-08-09 14:22:47.000000",1.0,8.1,1.0,N,234.0,223.0,2.0,32.0,2.5,0.5,0.0,0.0,0.3,35.3,2.5
2.0,"2019-08-09 19:59:42.000000","2019-08-09 20:28:34.000000",2.0,9.37,1.0,N,234.0,223.0,1.0,31.0,0.5,0.5,8.18,6.12,0.3,49.1,2.5
1.0,"2019-08-09 23:52:30.000000","2019-08-10 00:21:04.000000",1.0,6.8,1.0,N,234.0,223.0,1.0,24.5,3.0,0.5,5.65,0.0,0.3,33.95,2.5
2.0,"2019-08-10 01:35:35.000000","2019-08-10 01:56:33.000000",2.0,9.8,1.0,N,234.0,223.0,1.0,29.0,0.5,0.5,7.78,6.12,0.3,46.7,2.5
2.0,"2019-08-10 03:16:49.000000","2019-08-10 03:42:24.000000",1.0,6.87,1.0,N,234.0,223.0,1.0,24.0,0.5,0.5,5.56,0.0,0.3,33.36,2.5
2.0,"2019-08-10 05:00:45.000000","2019-08-10 05:20:58.000000",6.0,6.23,1.0,N,234.0,223.0,1.0,20.5,0.5,0.5,4.86,0.0,0.3,29.16,2.5
1.0,"2019-08-10 10:20:07.000000","2019-08-10 11:00:41.000000",1.0,7.0,1.0,N,234.0,223.0,2.0,30.0,2.5,0.5,0.0,0.0,0.3,33.3,2.5
1.0,"2019-08-10 15:16:37.000000","2019-08-10 15:43:39.000000",1.0,6.2,1.0,N,234.0,223.0,1.0,23.5,2.5,0.5,5.35,0.0,0.3,32.15,2.5
2.0,"2019-08-10 21:16:21.000000","2019-08-10 21:36:16.000000",1.0,9.13,1.0,N,234.0,223.0,1.0,27.0,0.5,0.5,5.0,6.12,0.3,41.92,2.5
1.0,"2019-08-11 01:09:57.000000","2019-08-11 01:43:56.000000",3.0,7.2,1.0,N,234.0,223.0,2.0,26.5,3.0,0.5,0.0,0.0,0.3,30.3,2.5
2.0,"2019-08-11 04:24:36.000000","2019-08-11 04:47:31.000000",1.0,7.03,1.0,N,234.0,223.0,1.0,23.0,0.5,0.5,2.0,0.0,0.3,28.8,2.5
2.0,"2019-08-11 18:53:08.000000","2019-08-11 19:27:52.000000",5.0,6.53,1.0,N,234.0,223.0,1.0,26.5,0.0,0.5,8.94,0.0,0.3,38.74,2.5
2.0,"2019-08-11 18:16:50.000000","2019-08-11 18:47:41.000000",1.0,10.09,1.0,N,234.0,223.0,2.0,32.0,0.0,0.5,0.0,6.12,0.3,41.42,2.5
2.0,"2019-08-11 22:52:16.000000","2019-08-11 23:17:50.000000",1.0,6.69,1.0,N,234.0,223.0,1.0,23.5,0.5,0.5,5.46,0.0,0.3,32.76,2.5
1.0,"2019-08-12 20:29:00.000000","2019-08-12 20:52:57.000000",1.0,8.8,1.0,N,234.0,223.0,2.0,27.5,3.0,0.5,0.0,6.12,0.3,37.42,2.5
1.0,"2019-08-13 18:13:05.000000","2019-08-13 18:54:29.000000",3.0,6.3,1.0,N,234.0,223.0,1.0,29.0,3.5,0.5,1.0,0.0,0.3,34.3,2.5
1.0,"2019-08-13 18:53:35.000000","2019-08-13 19:12:02.000000",1.0,9.0,1.0,N,234.0,223.0,1.0,26.0,3.5,0.5,7.25,6.12,0.3,43.67,2.5
1.0,"2019-08-13 22:06:31.000000","2019-08-13 22:29:20.000000",4.0,8.3,1.0,N,234.0,223.0,1.0,26.0,3.0,0.5,7.15,6.12,0.3,43.07,2.5
1.0,"2019-08-13 22:26:12.000000","2019-08-13 22:51:41.000000",1.0,5.8,1.0,N,234.0,223.0,1.0,22.0,3.0,0.5,4.0,0.0,0.3,29.8,2.5
1.0,"2019-08-14 01:28:14.000000","2019-08-14 01:50:46.000000",2.0,6.6,1.0,N,234.0,223.0,2.0,22.5,3.0,0.5,0.0,6.12,0.3,32.42,2.5
2.0,"2019-08-14 20:09:52.000000","2019-08-14 20:28:30.000000",1.0,8.21,1.0,N,234.0,223.0,1.0,24.5,0.5,0.5,5.0,6.12,0.3,39.42,2.5
2.0,"2019-08-14 21:55:06.000000","2019-08-14 22:27:51.000000",1.0,6.99,1.0,N,234.0,223.0,1.0,25.5,0.5,0.5,5.86,0.0,0.3,35.16,2.5
1.0,"2019-08-14 23:44:35.000000","2019-08-15 00:16:31.000000",2.0,6.7,1.0,N,234.0,223.0,1.0,25.5,3.0,0.5,5.85,0.0,0.3,35.15,2.5
2.0,"2019-08-15 00:26:26.000000","2019-08-15 00:51:39.000000",1.0,6.27,1.0,N,234.0,223.0,2.0,22.5,0.5,0.5,0.0,0.0,0.3,26.3,2.5
2.0,"2019-08-15 01:09:51.000000","2019-08-15 01:36:23.000000",5.0,7.14,1.0,N,234.0,223.0,2.0,24.5,0.5,0.5,0.0,0.0,0.3,28.3,2.5
1.0,"2019-08-15 03:00:26.000000","2019-08-15 03:16:50.000000",2.0,6.1,1.0,N,234.0,223.0,1.0,19.0,3.0,0.5,1.0,0.0,0.3,23.8,2.5
2.0,"2019-08-15 07:10:20.000000","2019-08-15 07:48:30.000000",1.0,6.28,1.0,N,234.0,223.0,1.0,28.5,0.0,0.5,4.0,0.0,0.3,35.8,2.5
1.0,"2019-08-15 18:19:48.000000","2019-08-15 18:47:55.000000",1.0,8.6,1.0,N,234.0,223.0,1.0,27.5,3.5,0.5,1.5,6.12,0.3,39.42,2.5
1.0,"2019-08-15 18:31:56.000000","2019-08-15 19:04:24.000000",1.0,6.8,1.0,N,234.0,223.0,1.0,25.5,3.5,0.5,4.0,0.0,0.3,33.8,2.5
2.0,"2019-08-15 21:47:28.000000","2019-08-15 22:17:36.000000",5.0,5.95,1.0,N,234.0,223.0,1.0,23.0,0.5,0.5,5.36,0.0,0.3,32.16,2.5
2.0,"2019-08-15 21:13:20.000000","2019-08-15 21:37:06.000000",2.0,5.97,1.0,N,234.0,223.0,1.0,21.0,0.5,0.5,4.96,0.0,0.3,29.76,2.5
1.0,"2019-08-15 22:36:13.000000","2019-08-15 23:04:23.000000",2.0,6.1,1.0,N,234.0,223.0,1.0,23.0,3.0,0.5,2.0,0.0,0.3,28.8,2.5
2.0,"2019-08-15 23:28:11.000000","2019-08-15 23:46:13.000000",1.0,8.45,1.0,N,234.0,223.0,1.0,25.0,0.5,0.5,8.73,6.12,0.3,43.65,2.5
1.0,"2019-08-16 01:04:34.000000","2019-08-16 01:29:38.000000",2.0,7.1,1.0,N,234.0,223.0,1.0,23.5,3.0,0.5,0.0,0.0,0.3,27.3,2.5
2.0,"2019-08-16 06:33:21.000000","2019-08-16 07:08:02.000000",1.0,7.39,1.0,N,234.0,223.0,2.0,28.5,0.0,0.5,0.0,0.0,0.3,31.8,2.5
2.0,"2019-08-16 16:31:02.000000","2019-08-16 17:15:33.000000",1.0,6.16,1.0,N,234.0,223.0,1.0,30.5,1.0,0.5,8.7,0.0,0.3,43.5,2.5
1.0,"2019-08-16 19:54:46.000000","2019-08-16 20:30:22.000000",1.0,6.9,1.0,N,234.0,223.0,1.0,27.5,3.5,0.5,4.77,0.0,0.3,36.57,2.5
1.0,"2019-08-16 20:54:40.000000","2019-08-16 21:23:03.000000",1.0,6.4,1.0,N,234.0,223.0,1.0,24.0,3.0,0.5,5.55,0.0,0.3,33.35,2.5
2.0,"2019-08-16 20:37:35.000000","2019-08-16 21:06:21.000000",2.0,9.44,1.0,N,234.0,223.0,1.0,30.5,0.5,0.5,8.08,6.12,0.3,48.5,2.5
1.0,"2019-08-16 22:25:02.000000","2019-08-16 22:58:39.000000",1.0,6.4,1.0,N,234.0,223.0,1.0,27.0,3.0,0.5,3.0,0.0,0.3,33.8,2.5
2.0,"2019-08-16 22:13:18.000000","2019-08-16 22:44:27.000000",2.0,6.29,1.0,N,234.0,223.0,1.0,24.5,0.5,0.5,5.66,0.0,0.3,33.96,2.5
2.0,"2019-08-17 00:11:28.000000","2019-08-17 00:41:13.000000",2.0,7.23,1.0,N,234.0,223.0,2.0,26.0,0.5,0.5,0.0,0.0,0.3,29.8,2.5
1.0,"2019-08-17 00:23:13.000000","2019-08-17 00:51:41.000000",1.0,6.2,1.0,N,234.0,223.0,1.0,24.0,3.0,0.5,5.55,0.0,0.3,33.35,2.5
2.0,"2019-08-17 02:24:41.000000","2019-08-17 02:47:34.000000",1.0,6.66,1.0,N,234.0,223.0,1.0,22.5,0.5,0.5,5.26,0.0,0.3,31.56,2.5
2.0,"2019-08-17 02:14:10.000000","2019-08-17 02:40:58.000000",1.0,7.46,1.0,N,234.0,223.0,1.0,25.0,0.5,0.5,4.2,0.0,0.3,33.0,2.5
2.0,"2019-08-18 01:45:48.000000","2019-08-18 02:11:48.000000",1.0,7.16,1.0,N,234.0,223.0,2.0,24.0,0.5,0.5,0.0,0.0,0.3,27.8,2.5
2.0,"2019-08-18 04:03:48.000000","2019-08-18 04:25:55.000000",2.0,6.38,1.0,N,234.0,223.0,2.0,21.5,0.5,0.5,0.0,0.0,0.3,25.3,2.5
1.0,"2019-08-18 14:07:45.000000","2019-08-18 14:43:52.000000",1.0,6.3,1.0,N,234.0,223.0,1.0,26.0,2.5,0.5,4.0,0.0,0.3,33.3,2.5
2.0,"2019-08-19 01:41:00.000000","2019-08-19 02:12:32.000000",1.0,7.5,1.0,N,234.0,223.0,2.0,25.5,0.5,0.5,0.0,0.0,0.3,29.3,2.5
1.0,"2019-08-19 19:28:25.000000","2019-08-19 19:52:37.000000",1.0,6.6,1.0,N,234.0,223.0,1.0,22.0,3.5,0.5,5.25,0.0,0.3,31.55,2.5
2.0,"2019-08-19 21:07:33.000000","2019-08-19 21:36:18.000000",3.0,6.77,1.0,N,234.0,223.0,2.0,24.5,0.5,0.5,0.0,0.0,0.3,28.3,2.5
1.0,"2019-08-19 22:53:39.000000","2019-08-19 23:24:34.000000",2.0,7.2,1.0,N,234.0,223.0,1.0,26.5,3.0,0.5,6.05,0.0,0.3,36.35,2.5
2.0,"2019-08-19 22:46:12.000000","2019-08-19 23:06:32.000000",1.0,9.17,1.0,N,234.0,223.0,1.0,26.5,0.5,0.5,7.28,6.12,0.3,43.7,2.5
1.0,"2019-08-19 22:59:50.000000","2019-08-19 23:34:05.000000",1.0,6.8,1.0,N,234.0,223.0,2.0,26.0,3.0,0.5,0.0,0.0,0.3,29.8,2.5
2.0,"2019-08-20 20:40:20.000000","2019-08-20 21:03:09.000000",1.0,9.16,1.0,N,234.0,223.0,1.0,28.0,0.5,0.5,7.58,6.12,0.3,45.5,2.5
2.0,"2019-08-20 21:18:57.000000","2019-08-20 21:45:44.000000",1.0,9.68,1.0,N,234.0,223.0,1.0,30.0,0.5,0.5,6.0,6.12,0.3,45.92,2.5
2.0,"2019-08-20 21:05:13.000000","2019-08-20 21:30:13.000000",1.0,9.95,1.0,N,234.0,223.0,1.0,30.5,0.5,0.5,8.08,6.12,0.3,48.5,2.5
2.0,"2019-08-21 00:33:33.000000","2019-08-21 00:54:27.000000",4.0,6.21,1.0,N,234.0,223.0,1.0,21.0,0.5,0.5,4.96,0.0,0.3,29.76,2.5
2.0,"2019-08-21 02:07:12.000000","2019-08-21 02:31:37.000000",1.0,6.96,1.0,N,234.0,223.0,1.0,23.5,0.5,0.5,5.46,0.0,0.3,32.76,2.5
1.0,"2019-08-21 02:12:30.000000","2019-08-21 02:43:35.000000",2.0,8.6,1.0,N,234.0,223.0,1.0,28.5,3.0,0.5,6.45,0.0,0.3,38.75,2.5
1.0,"2019-08-21 04:12:55.000000","2019-08-21 04:33:34.000000",1.0,6.1,1.0,N,234.0,223.0,2.0,21.0,3.0,0.5,0.0,0.0,0.3,24.8,2.5
1.0,"2019-08-21 21:19:01.000000","2019-08-21 21:48:20.000000",1.0,6.5,1.0,N,234.0,223.0,1.0,24.5,3.0,0.5,5.65,0.0,0.3,33.95,2.5
1.0,"2019-08-21 21:16:53.000000","2019-08-21 21:39:14.000000",1.0,9.1,1.0,N,234.0,223.0,1.0,27.5,3.0,0.5,7.45,6.12,0.3,44.87,2.5
2.0,"2019-08-21 22:44:53.000000","2019-08-21 23:13:14.000000",1.0,6.54,1.0,N,234.0,223.0,1.0,24.0,0.5,0.5,5.56,0.0,0.3,33.36,2.5
1.0,"2019-08-22 00:05:26.000000","2019-08-22 00:30:22.000000",1.0,7.1,1.0,N,234.0,223.0,1.0,23.0,3.0,0.5,5.35,0.0,0.3,32.15,2.5
2.0,"2019-08-22 16:11:31.000000","2019-08-22 16:49:26.000000",1.0,5.97,1.0,N,234.0,223.0,1.0,27.0,1.0,0.5,6.26,0.0,0.3,37.56,2.5
1.0,"2019-08-22 19:59:43.000000","2019-08-22 20:28:37.000000",2.0,5.9,1.0,N,234.0,223.0,1.0,23.5,3.0,0.5,6.8,0.0,0.3,34.1,2.5
1.0,"2019-08-22 23:15:41.000000","2019-08-22 23:57:26.000000",1.0,6.3,1.0,Y,234.0,223.0,1.0,30.0,3.0,0.5,6.75,0.0,0.3,40.55,2.5
1.0,"2019-08-23 00:10:45.000000","2019-08-23 00:47:56.000000",2.0,7.3,1.0,N,234.0,223.0,1.0,27.5,3.0,0.5,6.26,0.0,0.3,37.56,2.5
2.0,"2019-08-23 04:44:39.000000","2019-08-23 05:02:32.000000",2.0,6.49,1.0,N,234.0,223.0,2.0,20.5,0.5,0.5,0.0,0.0,0.3,24.3,2.5
1.0,"2019-08-23 21:36:26.000000","2019-08-23 22:06:52.000000",1.0,7.2,1.0,N,234.0,223.0,1.0,26.0,3.0,0.5,5.95,0.0,0.3,35.75,2.5
2.0,"2019-08-23 23:36:10.000000","2019-08-24 00:10:13.000000",1.0,7.49,1.0,N,234.0,223.0,1.0,27.5,0.5,0.5,6.26,0.0,0.3,37.56,2.5
2.0,"2019-08-24 00:19:12.000000","2019-08-24 00:47:54.000000",2.0,6.25,1.0,N,234.0,223.0,1.0,23.5,0.5,0.5,6.82,0.0,0.3,34.12,2.5
1.0,"2019-08-24 02:18:08.000000","2019-08-24 02:46:18.000000",2.0,6.9,1.0,N,234.0,223.0,1.0,24.5,3.0,0.5,5.65,0.0,0.3,33.95,2.5
1.0,"2019-08-24 02:34:53.000000","2019-08-24 02:59:55.000000",2.0,6.8,1.0,N,234.0,223.0,1.0,23.5,3.0,0.5,5.0,0.0,0.3,32.3,2.5
2.0,"2019-08-24 05:50:11.000000","2019-08-24 06:11:43.000000",2.0,6.26,1.0,N,234.0,223.0,2.0,21.5,0.5,0.5,0.0,0.0,0.3,25.3,2.5
2.0,"2019-08-24 22:07:00.000000","2019-08-24 22:42:12.000000",2.0,6.92,1.0,N,234.0,223.0,1.0,27.5,0.5,0.5,4.0,0.0,0.3,35.3,2.5
2.0,"2019-08-24 22:55:21.000000","2019-08-24 23:22:37.000000",1.0,7.15,1.0,N,234.0,223.0,1.0,24.5,0.5,0.5,5.66,0.0,0.3,33.96,2.5
2.0,"2019-08-25 01:47:59.000000","2019-08-25 02:08:38.000000",1.0,6.44,1.0,N,234.0,223.0,1.0,21.0,0.5,0.5,4.96,0.0,0.3,29.76,2.5
2.0,"2019-08-25 02:36:47.000000","2019-08-25 03:04:55.000000",5.0,7.62,1.0,N,234.0,223.0,1.0,26.5,0.5,0.5,3.7,0.0,0.3,34.0,2.5
2.0,"2019-08-25 03:14:35.000000","2019-08-25 03:35:33.000000",1.0,6.37,1.0,N,234.0,223.0,1.0,21.5,0.5,0.5,3.0,0.0,0.3,28.3,2.5
2.0,"2019-08-25 03:49:29.000000","2019-08-25 04:17:40.000000",1.0,7.2,1.0,N,234.0,223.0,1.0,25.0,0.5,0.5,7.2,0.0,0.3,36.0,2.5
2.0,"2019-08-25 07:09:56.000000","2019-08-25 07:27:40.000000",3.0,6.06,1.0,N,234.0,223.0,2.0,20.0,0.0,0.5,0.0,0.0,0.3,23.3,2.5
2.0,"2019-08-25 08:08:59.000000","2019-08-25 08:35:48.000000",1.0,11.13,1.0,N,234.0,223.0,1.0,33.0,0.0,0.5,7.26,0.0,0.3,43.56,2.5
2.0,"2019-08-26 00:49:23.000000","2019-08-26 01:11:26.000000",1.0,6.25,1.0,N,234.0,223.0,2.0,21.5,0.5,0.5,0.0,0.0,0.3,25.3,2.5
1.0,"2019-08-26 03:00:06.000000","2019-08-26 03:28:14.000000",1.0,7.5,1.0,N,234.0,223.0,2.0,25.5,3.0,0.5,0.0,0.0,0.3,29.3,2.5
1.0,"2019-08-26 05:34:17.000000","2019-08-26 06:00:45.000000",1.0,7.7,1.0,N,234.0,223.0,1.0,25.5,3.0,0.5,5.85,0.0,0.3,35.15,2.5
2.0,"2019-08-26 14:08:34.000000","2019-08-26 14:34:17.000000",1.0,5.64,1.0,N,234.0,223.0,1.0,21.5,0.0,0.5,6.2,0.0,0.3,31.0,2.5
2.0,"2019-08-26 21:44:45.000000","2019-08-26 22:08:14.000000",2.0,9.53,1.0,N,234.0,223.0,1.0,28.5,0.5,0.5,11.53,6.12,0.3,49.95,2.5
1.0,"2019-08-26 23:07:21.000000","2019-08-26 23:33:32.000000",3.0,6.0,1.0,N,234.0,223.0,1.0,22.5,3.0,0.5,5.25,0.0,0.3,31.55,2.5
2.0,"2019-08-27 01:40:01.000000","2019-08-27 02:05:13.000000",1.0,7.59,1.0,N,234.0,223.0,1.0,24.5,0.5,0.5,2.0,0.0,0.3,30.3,2.5
2.0,"2019-08-27 17:27:57.000000","2019-08-27 18:05:19.000000",1.0,6.07,1.0,N,234.0,223.0,1.0,26.0,1.0,0.5,5.46,6.12,0.3,41.88,2.5
2.0,"2019-08-27 21:36:00.000000","2019-08-27 22:06:39.000000",1.0,6.49,1.0,N,234.0,223.0,1.0,24.5,0.5,0.5,8.49,0.0,0.3,36.79,2.5
1.0,"2019-08-27 22:22:48.000000","2019-08-27 22:50:08.000000",1.0,7.2,1.0,N,234.0,223.0,1.0,25.0,3.0,0.5,3.0,0.0,0.3,31.8,2.5
1.0,"2019-08-28 02:21:43.000000","2019-08-28 02:49:26.000000",2.0,7.4,1.0,N,234.0,223.0,2.0,25.5,3.0,0.5,0.0,0.0,0.3,29.3,2.5
2.0,"2019-08-28 21:42:30.000000","2019-08-28 22:17:37.000000",1.0,7.65,1.0,N,234.0,223.0,1.0,28.0,0.5,0.5,6.36,0.0,0.3,38.16,2.5
2.0,"2019-08-28 21:29:01.000000","2019-08-28 21:51:39.000000",2.0,8.71,1.0,N,234.0,223.0,1.0,27.0,0.5,0.5,7.38,6.12,0.3,44.3,2.5
1.0,"2019-08-28 23:09:23.000000","2019-08-28 23:34:17.000000",1.0,6.5,1.0,N,234.0,223.0,1.0,22.5,3.0,0.5,5.26,0.0,0.3,31.56,2.5
2.0,"2019-08-29 00:39:29.000000","2019-08-29 01:03:49.000000",1.0,6.75,1.0,N,234.0,223.0,1.0,22.5,0.5,0.5,5.26,0.0,0.3,31.56,2.5
2.0,"2019-08-29 01:49:01.000000","2019-08-29 02:15:01.000000",1.0,6.6,1.0,N,234.0,223.0,1.0,24.0,0.5,0.5,4.0,0.0,0.3,31.8,2.5
1.0,"2019-08-29 02:26:00.000000","2019-08-29 02:46:01.000000",1.0,6.6,1.0,N,234.0,223.0,1.0,21.5,3.0,0.5,2.0,0.0,0.3,27.3,2.5
1.0,"2019-08-29 04:54:32.000000","2019-08-29 05:19:28.000000",1.0,7.5,1.0,N,234.0,223.0,2.0,24.5,3.0,0.5,0.0,0.0,0.3,28.3,2.5
2.0,"2019-08-29 20:53:26.000000","2019-08-29 21:17:18.000000",1.0,8.91,1.0,N,234.0,223.0,1.0,27.5,0.5,0.5,7.41,5.76,0.3,44.47,2.5
2.0,"2019-08-29 22:09:19.000000","2019-08-29 22:43:30.000000",3.0,6.4,1.0,N,234.0,223.0,1.0,25.5,0.5,0.5,10.0,0.0,0.3,39.3,2.5
1.0,"2019-08-30 18:25:59.000000","2019-08-30 18:55:19.000000",1.0,9.2,1.0,N,234.0,223.0,1.0,30.0,3.5,0.5,8.05,6.12,0.3,48.47,2.5
2.0,"2019-08-31 00:43:48.000000","2019-08-31 01:11:12.000000",2.0,7.65,1.0,N,234.0,223.0,1.0,25.5,0.5,0.5,3.7,0.0,0.3,33.0,2.5
2.0,"2019-08-31 01:31:21.000000","2019-08-31 01:56:26.000000",1.0,6.69,1.0,N,234.0,223.0,1.0,23.0,0.5,0.5,8.04,0.0,0.3,34.84,2.5
2.0,"2019-08-31 02:48:50.000000","2019-08-31 03:16:32.000000",2.0,6.83,1.0,N,234.0,223.0,2.0,24.0,0.5,0.5,0.0,0.0,0.3,27.8,2.5
2.0,"2019-08-31 02:34:19.000000","2019-08-31 02:56:04.000000",1.0,6.76,1.0,N,234.0,223.0,1.0,22.0,0.5,0.5,5.16,0.0,0.3,30.96,2.5
2.0,"2019-08-31 19:43:37.000000","2019-08-31 20:12:44.000000",2.0,6.7,1.0,N,234.0,223.0,1.0,24.0,0.0,0.5,4.0,0.0,0.3,31.3,2.5
2.0,"2019-08-31 19:56:31.000000","2019-08-31 20:17:47.000000",1.0,8.69,1.0,N,234.0,223.0,1.0,26.0,0.5,0.5,2.0,0.0,0.3,31.8,2.5
