1.0,"2019-08-01 05:56:10.000000","2019-08-01 06:13:11.000000",1.0,4.9,1.0,N,234.0,226.0,3.0,17.5,3.0,0.5,0.0,0.0,0.3,21.3,2.5
1.0,"2019-08-01 13:17:57.000000","2019-08-01 14:06:26.000000",1.0,5.8,1.0,N,234.0,226.0,1.0,31.5,2.5,0.5,3.0,0.0,0.3,37.8,2.5
1.0,"2019-08-01 18:47:25.000000","2019-08-01 19:08:03.000000",2.0,3.9,1.0,N,234.0,226.0,1.0,16.5,3.5,0.5,5.35,6.12,0.3,32.27,2.5
2.0,"2019-08-01 22:07:32.000000","2019-08-01 22:28:36.000000",1.0,5.23,1.0,N,234.0,226.0,1.0,19.0,0.5,0.5,4.56,0.0,0.3,27.36,2.5
2.0,"2019-08-01 22:09:49.000000","2019-08-01 22:35:00.000000",1.0,5.5,1.0,N,234.0,226.0,1.0,21.0,0.5,0.5,4.96,0.0,0.3,29.76,2.5
2.0,"2019-08-01 23:54:42.000000","2019-08-02 00:13:39.000000",2.0,4.65,1.0,N,234.0,226.0,1.0,17.5,0.5,0.5,5.0,0.0,0.3,26.3,2.5
1.0,"2019-08-02 04:22:49.000000","2019-08-02 04:41:30.000000",1.0,5.3,1.0,N,234.0,226.0,1.0,18.0,3.0,0.5,4.0,0.0,0.3,25.8,2.5
1.0,"2019-08-02 06:22:54.000000","2019-08-02 06:42:40.000000",1.0,4.9,1.0,N,234.0,226.0,2.0,18.5,2.5,0.5,0.0,0.0,0.3,21.8,2.5
1.0,"2019-08-02 17:39:28.000000","2019-08-02 18:21:25.000000",1.0,5.7,1.0,Y,234.0,226.0,2.0,28.0,3.5,0.5,0.0,0.0,0.3,32.3,2.5
2.0,"2019-08-02 18:15:46.000000","2019-08-02 18:48:14.000000",1.0,5.63,1.0,N,234.0,226.0,1.0,23.5,1.0,0.5,10.18,6.12,0.3,44.1,2.5
2.0,"2019-08-02 21:13:56.000000","2019-08-02 21:39:16.000000",1.0,4.67,1.0,N,234.0,226.0,1.0,20.0,0.5,0.5,2.0,6.12,0.3,31.92,2.5
1.0,"2019-08-02 22:57:35.000000","2019-08-02 23:13:54.000000",1.0,4.1,1.0,N,234.0,226.0,2.0,15.0,3.0,0.5,0.0,6.12,0.3,24.92,2.5
2.0,"2019-08-02 22:04:21.000000","2019-08-02 22:26:22.000000",1.0,4.98,1.0,N,234.0,226.0,1.0,19.0,0.5,0.5,5.7,0.0,0.3,28.5,2.5
1.0,"2019-08-03 00:24:23.000000","2019-08-03 00:48:20.000000",1.0,4.9,1.0,Y,234.0,226.0,2.0,18.0,3.0,0.5,0.0,0.0,0.3,21.8,2.5
1.0,"2019-08-03 02:44:09.000000","2019-08-03 02:58:43.000000",1.0,5.2,1.0,N,234.0,226.0,2.0,16.5,3.0,0.5,0.0,0.0,0.3,20.3,2.5
1.0,"2019-08-03 02:56:47.000000","2019-08-03 03:16:44.000000",1.0,5.5,1.0,N,234.0,226.0,1.0,18.5,3.0,0.5,4.45,0.0,0.3,26.75,2.5
2.0,"2019-08-03 17:17:24.000000","2019-08-03 17:41:22.000000",1.0,5.39,1.0,N,234.0,226.0,2.0,20.5,0.0,0.5,0.0,0.0,0.3,23.8,2.5
2.0,"2019-08-03 18:08:46.000000","2019-08-03 18:41:34.000000",1.0,6.84,1.0,N,234.0,226.0,2.0,26.5,0.0,0.5,0.0,0.0,0.3,29.8,2.5
1.0,"2019-08-03 19:29:46.000000","2019-08-03 20:12:23.000000",1.0,7.9,1.0,N,234.0,226.0,2.0,31.0,2.5,0.5,0.0,0.0,0.3,34.3,2.5
2.0,"2019-08-03 20:07:27.000000","2019-08-03 20:25:53.000000",1.0,4.6,1.0,N,234.0,226.0,2.0,16.5,0.5,0.5,0.0,0.0,0.3,20.3,2.5
2.0,"2019-08-04 04:36:01.000000","2019-08-04 04:53:01.000000",1.0,5.78,1.0,N,234.0,226.0,1.0,18.5,0.5,0.5,4.46,0.0,0.3,26.76,2.5
2.0,"2019-08-04 10:24:58.000000","2019-08-04 10:37:12.000000",2.0,4.15,2.0,N,234.0,226.0,2.0,52.0,0.0,0.5,0.0,6.12,0.3,61.42,2.5
2.0,"2019-08-04 13:18:05.000000","2019-08-04 13:46:52.000000",1.0,6.23,1.0,N,234.0,226.0,1.0,24.0,0.0,0.5,5.46,0.0,0.3,32.76,2.5
2.0,"2019-08-04 15:15:27.000000","2019-08-04 15:36:07.000000",1.0,4.95,1.0,N,234.0,226.0,2.0,18.5,0.0,0.5,0.0,0.0,0.3,21.8,2.5
2.0,"2019-08-04 16:53:56.000000","2019-08-04 17:35:11.000000",1.0,17.6,2.0,N,234.0,226.0,1.0,52.0,0.0,0.5,6.0,6.12,0.3,67.42,2.5
2.0,"2019-08-05 04:07:14.000000","2019-08-05 04:26:16.000000",1.0,5.56,1.0,N,234.0,226.0,1.0,19.0,0.5,0.5,2.0,0.0,0.3,24.8,2.5
1.0,"2019-08-05 10:35:30.000000","2019-08-05 10:59:07.000000",3.0,4.3,1.0,N,234.0,226.0,1.0,18.5,0.0,0.5,0.0,6.12,0.3,25.42,0.0
2.0,"2019-08-05 18:24:02.000000","2019-08-05 18:51:33.000000",1.0,5.77,1.0,N,234.0,226.0,2.0,22.5,1.0,0.5,0.0,0.0,0.3,26.8,2.5
1.0,"2019-08-05 19:48:29.000000","2019-08-05 20:12:11.000000",1.0,6.1,1.0,N,234.0,226.0,2.0,21.5,3.0,0.5,0.0,0.0,0.3,25.3,2.5
2.0,"2019-08-05 20:34:55.000000","2019-08-05 20:55:48.000000",1.0,5.49,1.0,N,234.0,226.0,2.0,18.5,0.5,0.5,0.0,0.0,0.3,22.3,2.5
2.0,"2019-08-05 20:14:11.000000","2019-08-05 20:35:49.000000",6.0,4.73,1.0,N,234.0,226.0,1.0,18.5,0.5,0.5,3.5,0.0,0.3,25.8,2.5
2.0,"2019-08-05 20:45:50.000000","2019-08-05 21:04:59.000000",1.0,5.17,1.0,N,234.0,226.0,2.0,18.5,0.5,0.5,0.0,6.12,0.3,28.42,2.5
2.0,"2019-08-05 23:35:42.000000","2019-08-05 23:58:03.000000",1.0,5.93,1.0,N,234.0,226.0,2.0,20.5,0.5,0.5,0.0,0.0,0.3,24.3,2.5
2.0,"2019-08-06 05:54:32.000000","2019-08-06 06:11:50.000000",1.0,4.84,1.0,N,234.0,226.0,1.0,16.5,0.0,0.5,5.18,6.12,0.3,31.1,2.5
2.0,"2019-08-06 22:47:49.000000","2019-08-06 23:16:50.000000",1.0,5.67,1.0,N,234.0,226.0,2.0,23.5,0.5,0.5,0.0,0.0,0.3,27.3,2.5
2.0,"2019-08-06 22:52:00.000000","2019-08-06 23:16:05.000000",2.0,6.09,1.0,N,234.0,226.0,1.0,21.5,0.5,0.5,6.32,0.0,0.3,31.62,2.5
1.0,"2019-08-06 23:36:03.000000","2019-08-06 23:56:37.000000",1.0,4.9,1.0,Y,234.0,226.0,1.0,18.5,3.0,0.5,4.45,0.0,0.3,26.75,2.5
1.0,"2019-08-07 01:23:36.000000","2019-08-07 01:37:49.000000",1.0,4.7,1.0,N,234.0,226.0,1.0,15.5,3.0,0.5,3.85,0.0,0.3,23.15,2.5
2.0,"2019-08-07 01:19:20.000000","2019-08-07 01:36:08.000000",1.0,5.31,1.0,N,234.0,226.0,1.0,17.5,0.5,0.5,4.26,0.0,0.3,25.56,2.5
2.0,"2019-08-07 22:41:34.000000","2019-08-07 23:07:00.000000",5.0,5.53,1.0,N,234.0,226.0,1.0,21.5,0.5,0.5,5.06,0.0,0.3,30.36,2.5
2.0,"2019-08-07 22:23:07.000000","2019-08-07 22:40:32.000000",5.0,4.18,1.0,N,234.0,226.0,1.0,16.0,0.5,0.5,5.18,6.12,0.3,31.1,2.5
1.0,"2019-08-07 22:16:56.000000","2019-08-07 22:40:10.000000",1.0,5.6,1.0,N,234.0,226.0,1.0,20.5,3.0,0.5,4.85,0.0,0.3,29.15,2.5
1.0,"2019-08-08 01:13:30.000000","2019-08-08 01:31:42.000000",1.0,4.7,1.0,Y,234.0,226.0,1.0,17.5,3.0,0.5,0.0,0.0,0.3,21.3,2.5
1.0,"2019-08-08 06:25:49.000000","2019-08-08 06:56:09.000000",1.0,4.9,1.0,N,234.0,226.0,2.0,23.0,2.5,0.5,0.0,0.0,0.3,26.3,2.5
1.0,"2019-08-08 16:56:18.000000","2019-08-08 17:25:17.000000",2.0,3.8,1.0,N,234.0,226.0,1.0,19.5,3.5,0.5,5.95,6.12,0.3,35.87,2.5
1.0,"2019-08-08 21:29:40.000000","2019-08-08 21:59:41.000000",1.0,5.4,1.0,N,234.0,226.0,1.0,23.0,3.0,0.5,8.0,0.0,0.3,34.8,2.5
2.0,"2019-08-08 22:11:10.000000","2019-08-08 22:34:13.000000",1.0,5.36,1.0,N,234.0,226.0,1.0,19.5,0.5,0.5,4.66,0.0,0.3,27.96,2.5
2.0,"2019-08-08 22:52:00.000000","2019-08-08 23:14:17.000000",5.0,5.34,1.0,N,234.0,226.0,1.0,19.5,0.5,0.5,4.66,0.0,0.3,27.96,2.5
2.0,"2019-08-09 13:16:39.000000","2019-08-09 13:45:10.000000",1.0,5.5,1.0,N,234.0,226.0,1.0,22.0,0.0,0.5,5.06,0.0,0.3,30.36,2.5
2.0,"2019-08-09 15:46:38.000000","2019-08-09 16:18:04.000000",2.0,5.03,1.0,N,234.0,226.0,1.0,22.0,0.0,0.5,6.28,6.12,0.3,37.7,2.5
1.0,"2019-08-09 19:14:31.000000","2019-08-09 19:40:55.000000",1.0,5.3,1.0,N,234.0,226.0,1.0,21.0,3.5,0.5,2.0,0.0,0.3,27.3,2.5
1.0,"2019-08-09 20:27:42.000000","2019-08-09 20:54:13.000000",2.0,5.4,1.0,Y,234.0,226.0,2.0,20.5,3.0,0.5,0.0,0.0,0.3,24.3,2.5
2.0,"2019-08-09 22:47:41.000000","2019-08-09 23:26:12.000000",1.0,5.81,1.0,N,234.0,226.0,2.0,26.0,0.5,0.5,0.0,0.0,0.3,29.8,2.5
2.0,"2019-08-10 01:09:01.000000","2019-08-10 01:31:45.000000",1.0,5.6,1.0,N,234.0,226.0,2.0,20.0,0.5,0.5,0.0,0.0,0.3,23.8,2.5
2.0,"2019-08-10 02:20:28.000000","2019-08-10 02:42:44.000000",1.0,5.69,1.0,N,234.0,226.0,2.0,19.5,0.5,0.5,0.0,0.0,0.3,23.3,2.5
2.0,"2019-08-10 02:42:08.000000","2019-08-10 03:02:30.000000",1.0,6.05,1.0,N,234.0,226.0,2.0,20.0,0.5,0.5,0.0,0.0,0.3,23.8,2.5
2.0,"2019-08-10 03:47:57.000000","2019-08-10 04:02:25.000000",3.0,5.14,1.0,N,234.0,226.0,2.0,17.0,0.5,0.5,0.0,6.12,0.3,26.92,2.5
2.0,"2019-08-10 23:00:34.000000","2019-08-10 23:24:53.000000",2.0,5.52,1.0,N,234.0,226.0,1.0,21.0,0.5,0.5,4.96,0.0,0.3,29.76,2.5
2.0,"2019-08-11 02:26:22.000000","2019-08-11 02:45:51.000000",1.0,5.85,1.0,N,234.0,226.0,2.0,19.5,0.5,0.5,0.0,0.0,0.3,23.3,2.5
2.0,"2019-08-11 03:32:44.000000","2019-08-11 03:46:12.000000",1.0,4.96,1.0,N,234.0,226.0,2.0,16.0,0.5,0.5,0.0,0.0,0.3,19.8,2.5
2.0,"2019-08-11 03:55:57.000000","2019-08-11 04:08:05.000000",1.0,3.84,1.0,N,234.0,226.0,2.0,13.0,0.5,0.5,0.0,0.0,0.3,16.8,2.5
2.0,"2019-08-11 04:08:48.000000","2019-08-11 04:24:18.000000",1.0,5.47,1.0,N,234.0,226.0,2.0,18.0,0.5,0.5,0.0,0.0,0.3,21.8,2.5
2.0,"2019-08-11 05:39:09.000000","2019-08-11 05:56:44.000000",2.0,5.18,1.0,N,234.0,226.0,2.0,18.0,0.5,0.5,0.0,0.0,0.3,21.8,2.5
2.0,"2019-08-11 19:37:28.000000","2019-08-11 20:04:45.000000",1.0,5.29,1.0,N,234.0,226.0,1.0,22.0,0.0,0.5,5.06,0.0,0.3,30.36,2.5
1.0,"2019-08-11 20:22:20.000000","2019-08-11 20:41:02.000000",1.0,4.7,1.0,N,234.0,226.0,1.0,17.5,3.0,0.5,2.5,0.0,0.3,23.8,2.5
2.0,"2019-08-11 23:17:50.000000","2019-08-11 23:34:39.000000",2.0,3.91,1.0,N,234.0,226.0,1.0,15.0,0.5,0.5,3.76,0.0,0.3,22.56,2.5
1.0,"2019-08-12 01:51:54.000000","2019-08-12 02:06:01.000000",2.0,4.6,1.0,N,234.0,226.0,2.0,15.5,3.0,0.5,0.0,0.0,0.3,19.3,2.5
1.0,"2019-08-13 00:15:03.000000","2019-08-13 00:32:13.000000",1.0,4.9,1.0,N,234.0,226.0,1.0,16.5,3.0,0.5,3.0,0.0,0.3,23.3,2.5
1.0,"2019-08-13 17:30:17.000000","2019-08-13 17:58:53.000000",2.0,5.6,1.0,N,234.0,226.0,1.0,22.5,3.5,0.5,1.0,0.0,0.3,27.8,2.5
2.0,"2019-08-13 17:23:14.000000","2019-08-13 17:55:56.000000",1.0,7.64,1.0,N,234.0,226.0,1.0,28.0,1.0,0.5,7.68,6.12,0.3,46.1,2.5
2.0,"2019-08-13 21:30:12.000000","2019-08-13 21:53:59.000000",1.0,5.3,1.0,N,234.0,226.0,1.0,20.0,0.5,0.5,5.0,0.0,0.3,28.8,2.5
1.0,"2019-08-13 21:17:37.000000","2019-08-13 21:40:43.000000",4.0,5.4,1.0,N,234.0,226.0,1.0,20.0,3.0,0.5,4.75,0.0,0.3,28.55,2.5
1.0,"2019-08-13 21:52:51.000000","2019-08-13 22:26:21.000000",2.0,7.1,1.0,N,234.0,226.0,2.0,27.5,3.0,0.5,0.0,0.0,0.3,31.3,2.5
1.0,"2019-08-14 15:40:23.000000","2019-08-14 16:24:40.000000",2.0,6.1,1.0,N,234.0,226.0,2.0,29.5,2.5,0.5,0.0,0.0,0.3,32.8,2.5
1.0,"2019-08-14 22:06:30.000000","2019-08-14 22:36:30.000000",1.0,6.2,1.0,N,234.0,226.0,1.0,23.5,3.0,0.5,5.45,0.0,0.3,32.75,2.5
2.0,"2019-08-15 01:45:45.000000","2019-08-15 02:09:54.000000",1.0,5.54,1.0,N,234.0,226.0,1.0,21.0,0.5,0.5,4.96,0.0,0.3,29.76,2.5
2.0,"2019-08-15 14:58:37.000000","2019-08-15 15:40:26.000000",3.0,5.75,1.0,N,234.0,226.0,1.0,28.0,0.0,0.5,5.7,0.0,0.3,37.0,2.5
1.0,"2019-08-15 22:00:07.000000","2019-08-15 22:21:40.000000",1.0,4.7,1.0,N,234.0,226.0,2.0,18.0,3.0,0.5,0.0,0.0,0.3,21.8,2.5
1.0,"2019-08-15 23:16:07.000000","2019-08-15 23:37:34.000000",1.0,5.0,1.0,N,234.0,226.0,1.0,19.0,3.0,0.5,5.7,0.0,0.3,28.5,2.5
2.0,"2019-08-15 23:48:11.000000","2019-08-16 00:09:48.000000",2.0,5.38,1.0,N,234.0,226.0,1.0,19.5,0.5,0.5,4.66,0.0,0.3,27.96,2.5
1.0,"2019-08-16 00:31:22.000000","2019-08-16 00:46:48.000000",1.0,4.8,1.0,N,234.0,226.0,1.0,16.0,3.0,0.5,3.96,0.0,0.3,23.76,2.5
1.0,"2019-08-16 00:02:36.000000","2019-08-16 00:25:18.000000",1.0,5.2,1.0,N,234.0,226.0,2.0,19.5,3.0,0.5,0.0,0.0,0.3,23.3,2.5
2.0,"2019-08-16 10:23:59.000000","2019-08-16 11:06:22.000000",1.0,5.52,1.0,N,234.0,226.0,1.0,29.0,0.0,0.5,3.0,0.0,0.3,35.3,2.5
2.0,"2019-08-16 12:21:58.000000","2019-08-16 12:47:00.000000",1.0,3.69,1.0,N,234.0,226.0,1.0,17.5,0.0,0.5,5.38,6.12,0.3,32.3,2.5
1.0,"2019-08-16 18:32:26.000000","2019-08-16 19:00:34.000000",1.0,5.1,1.0,N,234.0,226.0,1.0,22.0,3.5,0.5,6.55,0.0,0.3,32.85,2.5
2.0,"2019-08-16 20:34:39.000000","2019-08-16 21:01:38.000000",2.0,5.09,1.0,N,234.0,226.0,1.0,21.0,0.5,0.5,4.96,0.0,0.3,29.76,2.5
1.0,"2019-08-16 20:51:30.000000","2019-08-16 21:16:27.000000",1.0,5.0,1.0,N,234.0,226.0,1.0,19.5,3.0,0.5,4.65,0.0,0.3,27.95,2.5
1.0,"2019-08-17 06:20:20.000000","2019-08-17 06:35:23.000000",1.0,5.3,1.0,N,234.0,226.0,1.0,17.5,2.5,0.5,3.0,0.0,0.3,23.8,2.5
1.0,"2019-08-17 11:39:32.000000","2019-08-17 12:31:36.000000",1.0,4.7,1.0,N,234.0,226.0,1.0,33.0,2.5,0.5,10.85,0.0,0.3,47.15,2.5
1.0,"2019-08-17 22:45:33.000000","2019-08-17 23:07:59.000000",1.0,5.1,1.0,N,234.0,226.0,1.0,19.5,3.0,0.5,2.33,0.0,0.3,25.63,2.5
2.0,"2019-08-17 22:13:53.000000","2019-08-17 22:42:58.000000",1.0,5.66,1.0,N,234.0,226.0,1.0,22.5,0.5,0.5,5.26,0.0,0.3,31.56,2.5
1.0,"2019-08-17 23:33:35.000000","2019-08-17 23:54:33.000000",1.0,5.2,1.0,N,234.0,226.0,2.0,18.5,3.0,0.5,0.0,0.0,0.3,22.3,2.5
1.0,"2019-08-17 23:11:30.000000","2019-08-17 23:32:58.000000",2.0,4.9,1.0,N,234.0,226.0,1.0,18.5,3.0,0.5,1.5,0.0,0.3,23.8,2.5
1.0,"2019-08-18 00:45:15.000000","2019-08-18 01:10:07.000000",4.0,5.7,1.0,N,234.0,226.0,2.0,21.5,3.0,0.5,0.0,6.12,0.3,31.42,2.5
1.0,"2019-08-18 00:49:56.000000","2019-08-18 01:12:43.000000",2.0,5.8,1.0,N,234.0,226.0,1.0,20.5,3.0,0.5,4.85,0.0,0.3,29.15,2.5
1.0,"2019-08-18 00:45:17.000000","2019-08-18 01:09:45.000000",4.0,5.2,1.0,N,234.0,226.0,2.0,20.5,3.0,0.5,0.0,6.01,0.3,30.31,2.5
1.0,"2019-08-18 01:42:39.000000","2019-08-18 02:00:17.000000",3.0,5.3,1.0,N,234.0,226.0,1.0,17.5,3.0,0.5,3.0,0.0,0.3,24.3,2.5
2.0,"2019-08-18 02:00:13.000000","2019-08-18 02:18:40.000000",1.0,5.39,1.0,N,234.0,226.0,1.0,18.0,0.5,0.5,4.36,0.0,0.3,26.16,2.5
2.0,"2019-08-18 02:01:09.000000","2019-08-18 02:17:39.000000",1.0,5.21,1.0,N,234.0,226.0,1.0,17.0,0.5,0.5,3.0,0.0,0.3,23.8,2.5
2.0,"2019-08-18 04:41:25.000000","2019-08-18 04:55:52.000000",1.0,5.08,1.0,N,234.0,226.0,1.0,17.0,0.5,0.5,4.16,0.0,0.3,24.96,2.5
2.0,"2019-08-18 07:58:25.000000","2019-08-18 08:15:54.000000",1.0,5.71,1.0,N,234.0,226.0,1.0,19.0,0.0,0.5,3.0,0.0,0.3,25.3,2.5
2.0,"2019-08-18 08:15:11.000000","2019-08-18 08:35:21.000000",1.0,5.63,1.0,N,234.0,226.0,1.0,20.0,0.0,0.5,4.66,0.0,0.3,27.96,2.5
2.0,"2019-08-18 16:15:27.000000","2019-08-18 16:50:26.000000",2.0,6.02,1.0,N,234.0,226.0,1.0,26.0,0.0,0.5,5.27,0.0,0.3,34.57,2.5
2.0,"2019-08-18 20:19:20.000000","2019-08-18 20:45:52.000000",5.0,5.48,1.0,N,234.0,226.0,1.0,21.5,0.5,0.5,5.06,0.0,0.3,30.36,2.5
2.0,"2019-08-19 15:40:20.000000","2019-08-19 16:07:30.000000",1.0,5.27,1.0,N,234.0,226.0,1.0,21.0,0.0,0.5,7.29,0.0,0.3,31.59,2.5
2.0,"2019-08-19 18:32:58.000000","2019-08-19 18:56:19.000000",1.0,5.27,1.0,N,234.0,226.0,1.0,20.0,1.0,0.5,2.0,0.0,0.3,26.3,2.5
1.0,"2019-08-19 19:09:11.000000","2019-08-19 19:35:40.000000",2.0,5.2,1.0,N,234.0,226.0,1.0,21.0,3.5,0.5,0.0,0.0,0.3,25.3,2.5
2.0,"2019-08-19 21:06:47.000000","2019-08-19 21:28:24.000000",5.0,5.67,1.0,N,234.0,226.0,1.0,20.0,0.5,0.5,7.14,0.0,0.3,30.94,2.5
2.0,"2019-08-19 22:03:15.000000","2019-08-19 22:22:03.000000",5.0,4.95,1.0,N,234.0,226.0,1.0,17.5,0.5,0.5,4.26,0.0,0.3,25.56,2.5
2.0,"2019-08-20 19:48:44.000000","2019-08-20 20:15:45.000000",1.0,5.83,1.0,N,234.0,226.0,1.0,22.0,1.0,0.5,2.5,0.0,0.3,28.8,2.5
1.0,"2019-08-20 20:28:45.000000","2019-08-20 20:53:28.000000",2.0,5.4,1.0,N,234.0,226.0,1.0,20.5,3.0,0.5,4.85,0.0,0.3,29.15,2.5
2.0,"2019-08-20 23:33:43.000000","2019-08-20 23:53:53.000000",6.0,5.02,1.0,N,234.0,226.0,1.0,18.0,0.5,0.5,4.36,0.0,0.3,26.16,2.5
2.0,"2019-08-21 00:01:55.000000","2019-08-21 00:23:31.000000",1.0,5.18,1.0,N,234.0,226.0,1.0,18.5,0.5,0.5,1.0,0.0,0.3,23.3,2.5
2.0,"2019-08-21 01:37:45.000000","2019-08-21 01:57:57.000000",1.0,5.06,1.0,N,234.0,226.0,1.0,19.0,0.5,0.5,6.84,0.0,0.3,29.64,2.5
1.0,"2019-08-21 11:42:49.000000","2019-08-21 12:01:54.000000",2.0,3.9,1.0,Y,234.0,226.0,1.0,15.5,2.5,0.5,6.2,6.12,0.3,31.12,2.5
1.0,"2019-08-21 20:33:20.000000","2019-08-21 21:00:32.000000",1.0,6.2,1.0,N,234.0,226.0,1.0,23.0,3.0,0.5,5.35,0.0,0.3,32.15,2.5
2.0,"2019-08-21 22:57:16.000000","2019-08-21 23:18:53.000000",1.0,5.53,1.0,N,234.0,226.0,2.0,19.0,0.5,0.5,0.0,0.0,0.3,22.8,2.5
2.0,"2019-08-21 23:55:13.000000","2019-08-22 00:13:25.000000",2.0,5.04,1.0,N,234.0,226.0,2.0,17.5,0.5,0.5,0.0,0.0,0.3,21.3,2.5
2.0,"2019-08-22 00:48:01.000000","2019-08-22 01:07:01.000000",1.0,5.27,1.0,N,234.0,226.0,1.0,18.5,0.5,0.5,4.0,0.0,0.3,26.3,2.5
2.0,"2019-08-22 02:04:45.000000","2019-08-22 03:00:42.000000",5.0,9.63,1.0,N,234.0,226.0,2.0,39.5,0.5,0.5,0.0,0.0,0.3,43.3,2.5
1.0,"2019-08-22 06:12:40.000000","2019-08-22 06:36:56.000000",1.0,5.0,1.0,N,234.0,226.0,3.0,21.0,2.5,0.5,0.0,0.0,0.3,24.3,2.5
1.0,"2019-08-22 10:58:45.000000","2019-08-22 11:36:19.000000",1.0,6.2,1.0,N,234.0,226.0,1.0,26.5,2.5,0.5,5.0,0.0,0.3,34.8,2.5
2.0,"2019-08-22 11:26:09.000000","2019-08-22 12:02:59.000000",1.0,4.79,1.0,N,234.0,226.0,2.0,25.0,0.0,0.5,0.0,0.0,0.3,28.3,2.5
1.0,"2019-08-22 21:59:51.000000","2019-08-22 22:28:23.000000",1.0,5.4,1.0,N,234.0,226.0,1.0,22.0,3.0,0.5,5.15,0.0,0.3,30.95,2.5
2.0,"2019-08-22 23:23:29.000000","2019-08-22 23:46:21.000000",5.0,4.63,1.0,N,234.0,226.0,1.0,17.0,0.5,0.5,4.04,6.12,0.3,30.96,2.5
2.0,"2019-08-23 00:37:37.000000","2019-08-23 00:59:15.000000",1.0,4.94,1.0,N,234.0,226.0,1.0,18.0,0.5,0.5,4.0,6.12,0.3,31.92,2.5
2.0,"2019-08-23 02:19:38.000000","2019-08-23 02:34:19.000000",5.0,4.33,1.0,N,234.0,226.0,1.0,15.0,0.5,0.5,12.0,0.0,0.3,30.8,2.5
1.0,"2019-08-23 14:47:55.000000","2019-08-23 15:21:03.000000",1.0,5.1,1.0,N,234.0,226.0,2.0,23.5,2.5,0.5,0.0,0.0,0.3,26.8,2.5
2.0,"2019-08-23 17:50:31.000000","2019-08-23 18:21:00.000000",1.0,4.85,1.0,N,234.0,226.0,2.0,22.0,1.0,0.5,0.0,0.0,0.3,26.3,2.5
2.0,"2019-08-23 21:16:20.000000","2019-08-23 21:43:57.000000",3.0,5.93,1.0,N,234.0,226.0,1.0,22.0,0.5,0.5,5.16,0.0,0.3,30.96,2.5
2.0,"2019-08-23 21:09:29.000000","2019-08-23 21:27:44.000000",1.0,4.63,1.0,N,234.0,226.0,1.0,16.5,0.5,0.5,5.28,6.12,0.3,31.7,2.5
2.0,"2019-08-24 00:23:49.000000","2019-08-24 00:48:18.000000",1.0,5.36,1.0,N,234.0,226.0,1.0,19.0,0.5,0.5,1.0,0.0,0.3,23.8,2.5
1.0,"2019-08-24 03:41:24.000000","2019-08-24 03:59:51.000000",1.0,5.3,1.0,N,234.0,226.0,2.0,18.0,3.0,0.5,0.0,0.0,0.3,21.8,2.5
2.0,"2019-08-24 03:51:38.000000","2019-08-24 04:07:06.000000",1.0,5.14,1.0,N,234.0,226.0,2.0,17.0,0.5,0.5,0.0,0.0,0.3,20.8,2.5
2.0,"2019-08-24 06:24:09.000000","2019-08-24 06:38:33.000000",6.0,5.34,1.0,N,234.0,226.0,2.0,17.5,0.0,0.5,0.0,0.0,0.3,20.8,2.5
2.0,"2019-08-24 09:30:10.000000","2019-08-24 09:57:27.000000",1.0,6.03,1.0,N,234.0,226.0,1.0,23.5,0.0,0.5,5.36,0.0,0.3,32.16,2.5
2.0,"2019-08-24 13:01:42.000000","2019-08-24 13:18:22.000000",1.0,4.33,1.0,N,234.0,226.0,2.0,16.0,0.0,0.5,0.0,0.0,0.3,19.3,2.5
2.0,"2019-08-24 18:49:33.000000","2019-08-24 19:19:22.000000",1.0,6.01,1.0,N,234.0,226.0,1.0,23.5,0.0,0.5,5.36,0.0,0.3,32.16,2.5
2.0,"2019-08-24 19:59:43.000000","2019-08-24 20:16:15.000000",1.0,4.63,1.0,N,234.0,226.0,1.0,16.0,0.0,0.5,2.5,6.12,0.3,27.92,2.5
2.0,"2019-08-24 19:42:38.000000","2019-08-24 20:14:15.000000",1.0,5.95,1.0,N,234.0,226.0,2.0,24.0,0.0,0.5,0.0,0.0,0.3,27.3,2.5
2.0,"2019-08-25 00:15:57.000000","2019-08-25 00:40:56.000000",1.0,5.91,1.0,N,234.0,226.0,1.0,20.5,0.5,0.5,6.08,0.0,0.3,30.38,2.5
2.0,"2019-08-25 02:22:46.000000","2019-08-25 02:39:44.000000",1.0,5.4,1.0,N,234.0,226.0,2.0,17.5,0.5,0.5,0.0,0.0,0.3,21.3,2.5
2.0,"2019-08-25 06:19:53.000000","2019-08-25 06:31:12.000000",2.0,4.81,1.0,N,234.0,226.0,1.0,15.5,0.0,0.5,1.2,0.0,0.3,20.0,2.5
2.0,"2019-08-25 06:47:22.000000","2019-08-25 07:05:50.000000",1.0,5.24,1.0,N,234.0,226.0,1.0,17.5,0.0,0.5,4.16,0.0,0.3,24.96,2.5
2.0,"2019-08-25 13:05:02.000000","2019-08-25 13:32:29.000000",1.0,5.3,1.0,N,234.0,226.0,1.0,22.0,0.0,0.5,5.06,0.0,0.3,30.36,2.5
1.0,"2019-08-25 23:08:08.000000","2019-08-25 23:24:10.000000",1.0,4.4,1.0,N,234.0,226.0,1.0,16.0,3.0,0.5,0.03,6.12,0.3,25.95,2.5
2.0,"2019-08-26 04:41:42.000000","2019-08-26 05:06:40.000000",1.0,7.1,1.0,N,234.0,226.0,2.0,24.5,0.5,0.5,0.0,0.0,0.3,28.3,2.5
2.0,"2019-08-26 09:44:24.000000","2019-08-26 09:59:00.000000",1.0,3.12,1.0,N,234.0,226.0,1.0,12.5,0.0,0.5,4.38,6.12,0.3,26.3,2.5
1.0,"2019-08-26 16:27:21.000000","2019-08-26 16:59:39.000000",1.0,4.3,1.0,N,234.0,226.0,1.0,18.0,3.5,0.5,0.0,6.12,0.3,28.42,2.5
1.0,"2019-08-26 18:58:47.000000","2019-08-26 19:22:52.000000",1.0,5.3,1.0,N,234.0,226.0,1.0,20.0,3.5,0.5,4.85,0.0,0.3,29.15,2.5
1.0,"2019-08-26 20:39:07.000000","2019-08-26 21:01:03.000000",1.0,5.6,1.0,N,234.0,226.0,1.0,19.0,3.0,0.5,4.55,0.0,0.3,27.35,2.5
1.0,"2019-08-26 20:30:05.000000","2019-08-26 20:48:33.000000",1.0,4.7,1.0,N,234.0,226.0,2.0,16.5,3.0,0.5,0.0,6.12,0.3,26.42,2.5
2.0,"2019-08-26 20:09:00.000000","2019-08-26 20:26:04.000000",4.0,5.44,1.0,N,234.0,226.0,1.0,17.5,0.5,0.5,5.48,6.12,0.3,32.9,2.5
1.0,"2019-08-27 09:11:14.000000","2019-08-27 09:34:16.000000",1.0,3.9,1.0,N,234.0,226.0,1.0,17.5,2.5,0.5,5.35,6.12,0.3,32.27,2.5
1.0,"2019-08-27 21:25:48.000000","2019-08-27 21:48:15.000000",1.0,5.2,1.0,N,234.0,226.0,1.0,19.0,3.0,0.5,4.55,0.0,0.3,27.35,2.5
1.0,"2019-08-27 21:50:10.000000","2019-08-27 22:09:41.000000",1.0,4.9,1.0,N,234.0,226.0,1.0,17.5,3.0,0.5,4.0,0.0,0.3,25.3,2.5
2.0,"2019-08-28 00:57:27.000000","2019-08-28 01:19:21.000000",6.0,6.06,1.0,N,234.0,226.0,1.0,20.5,0.5,0.5,0.0,0.0,0.3,24.3,2.5
2.0,"2019-08-28 00:47:53.000000","2019-08-28 01:05:17.000000",1.0,5.31,1.0,N,234.0,226.0,1.0,17.5,0.5,0.5,4.0,0.0,0.3,25.3,2.5
1.0,"2019-08-28 03:58:40.000000","2019-08-28 04:13:59.000000",1.0,5.1,1.0,N,234.0,226.0,1.0,17.0,3.0,0.5,5.2,0.0,0.3,26.0,2.5
2.0,"2019-08-28 17:52:55.000000","2019-08-28 18:39:06.000000",1.0,5.19,1.0,N,234.0,226.0,1.0,30.0,1.0,0.5,4.04,6.12,0.3,44.46,2.5
1.0,"2019-08-28 21:41:01.000000","2019-08-28 21:59:19.000000",1.0,4.8,1.0,Y,234.0,226.0,1.0,17.0,3.0,0.5,4.15,0.0,0.3,24.95,2.5
2.0,"2019-08-28 21:22:55.000000","2019-08-28 21:40:43.000000",1.0,4.63,1.0,N,234.0,226.0,1.0,16.5,0.5,0.5,5.28,6.12,0.3,31.7,2.5
2.0,"2019-08-28 22:22:41.000000","2019-08-28 22:46:19.000000",1.0,6.14,1.0,N,234.0,226.0,1.0,21.5,0.5,0.5,5.06,0.0,0.3,30.36,2.5
2.0,"2019-08-29 02:12:43.000000","2019-08-29 02:30:15.000000",3.0,5.09,1.0,N,234.0,226.0,1.0,16.5,0.5,0.5,4.06,0.0,0.3,24.36,2.5
2.0,"2019-08-29 02:25:25.000000","2019-08-29 02:41:15.000000",1.0,4.8,1.0,N,234.0,226.0,2.0,16.0,0.5,0.5,0.0,0.0,0.3,19.8,2.5
2.0,"2019-08-29 05:39:14.000000","2019-08-29 05:58:58.000000",1.0,5.08,1.0,N,234.0,226.0,2.0,18.5,0.5,0.5,0.0,0.0,0.3,22.3,2.5
2.0,"2019-08-29 11:23:57.000000","2019-08-29 11:47:29.000000",4.0,4.13,1.0,N,234.0,226.0,1.0,18.0,0.0,0.5,6.86,6.12,0.3,34.28,2.5
2.0,"2019-08-29 12:24:23.000000","2019-08-29 12:55:47.000000",1.0,5.54,1.0,N,234.0,226.0,1.0,23.5,0.0,0.5,5.36,0.0,0.3,32.16,2.5
2.0,"2019-08-29 21:01:42.000000","2019-08-29 21:29:53.000000",1.0,6.07,1.0,N,234.0,226.0,1.0,22.0,0.5,0.5,6.45,0.0,0.3,32.25,2.5
2.0,"2019-08-29 22:07:48.000000","2019-08-29 22:27:58.000000",1.0,4.79,1.0,N,234.0,226.0,1.0,18.0,0.5,0.5,5.45,0.0,0.3,27.25,2.5
1.0,"2019-08-29 23:57:27.000000","2019-08-30 00:18:42.000000",1.0,5.2,1.0,N,234.0,226.0,3.0,19.0,3.0,0.5,0.0,0.0,0.3,22.8,2.5
1.0,"2019-08-29 23:45:50.000000","2019-08-30 00:04:05.000000",1.0,4.9,1.0,N,234.0,226.0,2.0,17.0,3.0,0.5,0.0,0.0,0.3,20.8,2.5
2.0,"2019-08-30 02:53:16.000000","2019-08-30 03:11:28.000000",1.0,5.37,1.0,N,234.0,226.0,2.0,18.5,0.5,0.5,0.0,0.0,0.3,22.3,2.5
2.0,"2019-08-30 03:28:34.000000","2019-08-30 06:13:16.000000",1.0,5.25,1.0,N,234.0,226.0,1.0,91.0,0.5,0.5,1.0,0.0,0.3,95.8,2.5
2.0,"2019-08-30 20:56:14.000000","2019-08-30 21:18:43.000000",2.0,5.72,1.0,N,234.0,226.0,1.0,20.5,0.5,0.5,6.0,0.0,0.3,30.3,2.5
2.0,"2019-08-30 21:18:27.000000","2019-08-30 21:40:06.000000",1.0,5.02,1.0,N,234.0,226.0,2.0,18.5,0.5,0.5,0.0,0.0,0.3,22.3,2.5
2.0,"2019-08-30 22:40:59.000000","2019-08-30 23:08:52.000000",1.0,5.52,1.0,N,234.0,226.0,2.0,22.0,0.5,0.5,0.0,0.0,0.3,25.8,2.5
2.0,"2019-08-31 00:51:15.000000","2019-08-31 01:14:17.000000",1.0,5.79,1.0,N,234.0,226.0,1.0,20.0,0.5,0.5,7.14,0.0,0.3,30.94,2.5
2.0,"2019-08-31 00:16:09.000000","2019-08-31 00:35:50.000000",6.0,5.19,1.0,N,234.0,226.0,2.0,18.0,0.5,0.5,0.0,0.0,0.3,21.8,2.5
2.0,"2019-08-31 00:35:51.000000","2019-08-31 00:56:23.000000",1.0,5.03,1.0,N,234.0,226.0,2.0,18.0,0.5,0.5,0.0,0.0,0.3,21.8,2.5
1.0,"2019-08-31 03:26:33.000000","2019-08-31 03:42:18.000000",1.0,5.0,1.0,N,234.0,226.0,2.0,16.5,3.0,0.5,0.0,0.0,0.3,20.3,2.5
2.0,"2019-08-31 04:34:53.000000","2019-08-31 04:51:58.000000",1.0,5.17,1.0,N,234.0,226.0,2.0,18.0,0.5,0.5,0.0,0.0,0.3,21.8,2.5
,"2019-08-01 21:11:00.000000","2019-08-01 21:35:00.000000",,5.45,,,234.0,226.0,,25.45,2.75,0.5,0.0,0.0,0.3,29.0,0.0
