2.0,"2019-08-01 14:49:05.000000","2019-08-01 15:26:04.000000",1.0,5.01,1.0,N,234.0,25.0,1.0,24.0,0.0,0.5,6.82,0.0,0.3,34.12,2.5
2.0,"2019-08-01 14:59:10.000000","2019-08-01 15:40:01.000000",1.0,5.29,1.0,N,234.0,25.0,1.0,25.5,0.0,0.5,5.76,0.0,0.3,34.56,2.5
2.0,"2019-08-01 17:48:07.000000","2019-08-01 18:26:54.000000",2.0,6.79,1.0,N,234.0,25.0,1.0,27.5,1.0,0.5,6.36,0.0,0.3,38.16,2.5
1.0,"2019-08-01 20:00:09.000000","2019-08-01 20:38:01.000000",1.0,5.4,1.0,N,234.0,25.0,1.0,24.5,3.0,0.5,5.65,0.0,0.3,33.95,2.5
2.0,"2019-08-01 21:08:14.000000","2019-08-01 21:31:10.000000",1.0,4.59,1.0,N,234.0,25.0,1.0,17.5,0.5,0.5,4.26,0.0,0.3,25.56,2.5
1.0,"2019-08-01 21:36:55.000000","2019-08-01 21:59:40.000000",1.0,4.6,1.0,N,234.0,25.0,1.0,17.0,3.0,0.5,4.15,0.0,0.3,24.95,2.5
1.0,"2019-08-01 23:28:42.000000","2019-08-02 00:02:50.000000",1.0,7.7,1.0,N,234.0,25.0,1.0,27.5,3.0,0.5,6.25,0.0,0.3,37.55,2.5
2.0,"2019-08-02 01:02:47.000000","2019-08-02 01:17:40.000000",1.0,4.65,1.0,N,234.0,25.0,1.0,15.5,0.5,0.5,3.0,0.0,0.3,22.3,2.5
1.0,"2019-08-02 17:00:46.000000","2019-08-02 18:00:01.000000",1.0,4.3,1.0,Y,234.0,25.0,1.0,34.5,3.5,0.5,2.0,0.0,0.3,40.8,2.5
1.0,"2019-08-02 22:31:07.000000","2019-08-02 22:56:36.000000",2.0,4.1,1.0,N,234.0,25.0,1.0,19.0,3.0,0.5,4.55,0.0,0.3,27.35,2.5
2.0,"2019-08-02 22:25:49.000000","2019-08-02 22:56:46.000000",6.0,5.23,1.0,N,234.0,25.0,1.0,22.5,0.5,0.5,5.26,0.0,0.3,31.56,2.5
2.0,"2019-08-02 23:00:54.000000","2019-08-02 23:31:09.000000",1.0,4.9,1.0,N,234.0,25.0,1.0,22.0,0.5,0.5,5.16,0.0,0.3,30.96,2.5
1.0,"2019-08-02 23:57:43.000000","2019-08-03 00:20:43.000000",1.0,4.6,1.0,N,234.0,25.0,1.0,18.5,3.0,0.5,5.55,0.0,0.3,27.85,2.5
1.0,"2019-08-03 12:37:25.000000","2019-08-03 13:02:03.000000",1.0,4.3,1.0,N,234.0,25.0,2.0,19.0,2.5,0.5,0.0,0.0,0.3,22.3,2.5
1.0,"2019-08-03 17:34:05.000000","2019-08-03 17:56:42.000000",2.0,6.0,1.0,N,234.0,25.0,1.0,21.5,2.5,0.5,4.95,0.0,0.3,29.75,2.5
2.0,"2019-08-03 19:15:37.000000","2019-08-03 19:43:43.000000",1.0,4.51,1.0,N,234.0,25.0,1.0,20.0,0.0,0.5,5.82,0.0,0.3,29.12,2.5
2.0,"2019-08-03 21:44:38.000000","2019-08-03 22:10:00.000000",1.0,4.5,1.0,N,234.0,25.0,1.0,18.5,0.5,0.5,2.0,0.0,0.3,24.3,2.5
2.0,"2019-08-03 23:56:11.000000","2019-08-04 00:17:31.000000",1.0,4.0,1.0,N,234.0,25.0,1.0,17.0,0.5,0.5,4.16,0.0,0.3,26.91,2.5
1.0,"2019-08-04 01:07:16.000000","2019-08-04 01:33:12.000000",0.0,5.1,1.0,N,234.0,25.0,2.0,20.5,3.0,0.5,0.0,0.0,0.3,24.3,2.5
2.0,"2019-08-04 12:41:58.000000","2019-08-04 12:59:20.000000",1.0,4.09,1.0,N,234.0,25.0,1.0,15.0,0.0,0.5,2.08,0.0,0.3,20.38,2.5
2.0,"2019-08-04 17:46:00.000000","2019-08-04 18:12:21.000000",1.0,5.04,1.0,N,234.0,25.0,1.0,20.0,0.0,0.5,5.82,0.0,0.3,29.12,2.5
2.0,"2019-08-05 16:56:47.000000","2019-08-05 17:36:14.000000",2.0,4.54,1.0,N,234.0,25.0,1.0,25.5,1.0,0.5,5.96,0.0,0.3,35.76,2.5
2.0,"2019-08-05 17:29:18.000000","2019-08-05 18:11:39.000000",1.0,6.69,1.0,N,234.0,25.0,1.0,30.5,1.0,0.5,10.44,0.0,0.3,45.24,2.5
1.0,"2019-08-05 21:36:06.000000","2019-08-05 22:04:06.000000",1.0,4.9,1.0,N,234.0,25.0,1.0,22.0,3.0,0.5,5.15,0.0,0.3,30.95,2.5
2.0,"2019-08-05 22:24:51.000000","2019-08-05 22:40:29.000000",2.0,4.18,1.0,N,234.0,25.0,1.0,15.0,0.5,0.5,3.76,0.0,0.3,22.56,2.5
1.0,"2019-08-05 22:45:39.000000","2019-08-05 23:01:36.000000",1.0,4.4,1.0,N,234.0,25.0,1.0,15.0,3.0,0.5,3.75,0.0,0.3,22.55,2.5
1.0,"2019-08-06 12:14:12.000000","2019-08-06 12:37:57.000000",1.0,4.1,1.0,N,234.0,25.0,2.0,18.0,2.5,0.5,0.0,0.0,0.3,21.3,2.5
2.0,"2019-08-06 19:28:44.000000","2019-08-06 19:55:02.000000",2.0,4.63,1.0,N,234.0,25.0,1.0,19.5,1.0,0.5,5.95,0.0,0.3,29.75,2.5
1.0,"2019-08-06 19:37:47.000000","2019-08-06 20:01:29.000000",1.0,4.4,1.0,N,234.0,25.0,1.0,18.5,3.5,0.5,4.56,0.0,0.3,27.36,2.5
1.0,"2019-08-06 23:35:13.000000","2019-08-06 23:57:46.000000",2.0,4.8,1.0,N,234.0,25.0,1.0,18.0,3.0,0.5,4.35,0.0,0.3,26.15,2.5
2.0,"2019-08-06 23:00:50.000000","2019-08-06 23:16:36.000000",3.0,4.6,1.0,N,234.0,25.0,1.0,15.5,0.5,0.5,4.0,0.0,0.3,23.3,2.5
2.0,"2019-08-07 13:11:56.000000","2019-08-07 13:52:40.000000",5.0,7.99,1.0,N,234.0,25.0,1.0,32.5,0.0,0.5,7.16,0.0,0.3,42.96,2.5
2.0,"2019-08-07 17:39:06.000000","2019-08-07 18:42:36.000000",1.0,4.36,1.0,N,234.0,25.0,1.0,35.5,1.0,0.5,0.0,0.0,0.3,39.8,2.5
2.0,"2019-08-07 19:45:16.000000","2019-08-07 20:18:35.000000",1.0,4.66,1.0,N,234.0,25.0,1.0,22.5,1.0,0.5,5.36,0.0,0.3,32.16,2.5
2.0,"2019-08-07 20:43:45.000000","2019-08-07 21:10:20.000000",1.0,4.65,1.0,N,234.0,25.0,1.0,20.5,0.5,0.5,4.86,0.0,0.3,29.16,2.5
2.0,"2019-08-07 20:01:27.000000","2019-08-07 20:27:47.000000",1.0,4.87,1.0,N,234.0,25.0,1.0,19.5,0.5,0.5,4.66,0.0,0.3,27.96,2.5
1.0,"2019-08-07 21:07:50.000000","2019-08-07 21:30:26.000000",1.0,4.7,1.0,N,234.0,25.0,1.0,18.0,3.0,0.5,4.35,0.0,0.3,26.15,2.5
2.0,"2019-08-07 22:39:56.000000","2019-08-07 22:58:12.000000",1.0,4.67,1.0,N,234.0,25.0,1.0,17.0,0.5,0.5,4.16,0.0,0.3,24.96,2.5
2.0,"2019-08-07 22:35:48.000000","2019-08-07 22:59:07.000000",1.0,4.36,1.0,N,234.0,25.0,1.0,18.5,0.5,0.5,4.46,0.0,0.3,26.76,2.5
1.0,"2019-08-07 23:50:06.000000","2019-08-08 00:07:01.000000",1.0,4.4,1.0,N,234.0,25.0,1.0,16.0,3.0,0.5,3.56,0.0,0.3,23.36,2.5
2.0,"2019-08-07 23:57:24.000000","2019-08-08 00:13:03.000000",1.0,4.41,1.0,N,234.0,25.0,1.0,15.5,0.5,0.5,3.86,0.0,0.3,23.16,2.5
2.0,"2019-08-08 12:12:09.000000","2019-08-08 12:43:12.000000",4.0,4.44,1.0,N,234.0,25.0,1.0,21.5,0.0,0.5,2.0,0.0,0.3,26.8,2.5
2.0,"2019-08-08 19:07:42.000000","2019-08-08 19:31:32.000000",1.0,4.92,1.0,N,234.0,25.0,1.0,19.0,1.0,0.5,4.66,0.0,0.3,27.96,2.5
2.0,"2019-08-08 19:33:02.000000","2019-08-08 20:00:29.000000",1.0,6.63,1.0,N,234.0,25.0,1.0,23.5,1.0,0.5,5.56,0.0,0.3,33.36,2.5
2.0,"2019-08-08 19:50:16.000000","2019-08-08 20:39:04.000000",5.0,6.4,1.0,N,234.0,25.0,1.0,31.0,1.0,0.5,7.06,0.0,0.3,42.36,2.5
2.0,"2019-08-08 20:08:23.000000","2019-08-08 20:43:32.000000",1.0,4.74,1.0,N,234.0,25.0,1.0,22.5,0.5,0.5,5.26,0.0,0.3,31.56,2.5
1.0,"2019-08-08 20:33:06.000000","2019-08-08 21:04:01.000000",4.0,3.7,1.0,N,234.0,25.0,1.0,20.0,3.0,0.5,5.95,0.0,0.3,29.75,2.5
2.0,"2019-08-08 20:05:31.000000","2019-08-08 20:41:32.000000",1.0,4.96,1.0,N,234.0,25.0,1.0,24.0,0.5,0.5,6.95,0.0,0.3,34.75,2.5
2.0,"2019-08-08 21:55:30.000000","2019-08-08 22:15:06.000000",2.0,4.06,1.0,N,234.0,25.0,1.0,15.5,0.5,0.5,5.79,0.0,0.3,25.09,2.5
2.0,"2019-08-08 21:34:41.000000","2019-08-08 22:01:12.000000",1.0,4.84,1.0,N,234.0,25.0,1.0,18.5,0.5,0.5,2.5,0.0,0.3,24.8,2.5
1.0,"2019-08-08 21:50:16.000000","2019-08-08 22:14:48.000000",1.0,4.6,1.0,N,234.0,25.0,1.0,18.0,3.0,0.5,4.35,0.0,0.3,26.15,2.5
1.0,"2019-08-08 22:38:53.000000","2019-08-08 23:01:59.000000",1.0,4.7,1.0,N,234.0,25.0,1.0,18.0,3.0,0.5,4.35,0.0,0.3,26.15,2.5
2.0,"2019-08-08 22:31:12.000000","2019-08-08 22:51:01.000000",1.0,4.65,1.0,N,234.0,25.0,1.0,17.0,0.5,0.5,4.16,0.0,0.3,24.96,2.5
2.0,"2019-08-08 22:41:52.000000","2019-08-08 23:03:18.000000",1.0,4.71,1.0,N,234.0,25.0,1.0,17.5,0.5,0.5,4.26,0.0,0.3,25.56,2.5
2.0,"2019-08-08 23:37:37.000000","2019-08-08 23:54:27.000000",5.0,4.33,1.0,N,234.0,25.0,1.0,15.5,0.5,0.5,3.86,0.0,0.3,23.16,2.5
2.0,"2019-08-08 23:54:44.000000","2019-08-09 00:12:10.000000",1.0,4.34,1.0,N,234.0,25.0,1.0,16.0,0.5,0.5,3.96,0.0,0.3,23.76,2.5
2.0,"2019-08-08 23:33:34.000000","2019-08-08 23:56:43.000000",1.0,6.31,1.0,N,234.0,25.0,1.0,22.5,0.5,0.5,5.26,0.0,0.3,31.56,2.5
2.0,"2019-08-09 00:39:20.000000","2019-08-09 00:59:21.000000",1.0,4.64,1.0,N,234.0,25.0,1.0,17.5,0.5,0.5,4.26,0.0,0.3,25.56,2.5
2.0,"2019-08-09 01:22:11.000000","2019-08-09 01:38:49.000000",2.0,4.66,1.0,N,234.0,25.0,1.0,17.0,0.5,0.5,5.2,0.0,0.3,26.0,2.5
2.0,"2019-08-09 15:11:09.000000","2019-08-09 15:41:10.000000",1.0,6.77,1.0,N,234.0,25.0,2.0,25.5,0.0,0.5,0.0,0.0,0.3,28.8,2.5
2.0,"2019-08-09 17:28:52.000000","2019-08-09 18:16:37.000000",2.0,4.11,1.0,N,234.0,25.0,1.0,30.0,1.0,0.5,6.86,0.0,0.3,41.16,2.5
2.0,"2019-08-09 21:45:14.000000","2019-08-09 22:04:47.000000",1.0,4.53,1.0,N,234.0,25.0,1.0,16.5,0.5,0.5,4.06,0.0,0.3,24.36,2.5
2.0,"2019-08-10 00:24:26.000000","2019-08-10 00:46:09.000000",1.0,6.7,1.0,N,234.0,25.0,1.0,22.0,0.5,0.5,5.16,0.0,0.3,30.96,2.5
1.0,"2019-08-10 01:46:29.000000","2019-08-10 02:07:46.000000",1.0,4.4,1.0,N,234.0,25.0,1.0,18.0,3.0,0.5,2.18,0.0,0.3,23.98,2.5
2.0,"2019-08-10 12:42:55.000000","2019-08-10 13:09:56.000000",1.0,6.26,1.0,N,234.0,25.0,1.0,23.5,0.0,0.5,5.36,0.0,0.3,32.16,2.5
1.0,"2019-08-10 13:28:48.000000","2019-08-10 13:55:30.000000",1.0,4.1,1.0,N,234.0,25.0,2.0,20.5,2.5,0.5,0.0,0.0,0.3,23.8,2.5
2.0,"2019-08-10 22:55:12.000000","2019-08-10 23:14:47.000000",1.0,4.18,1.0,N,234.0,25.0,2.0,16.5,0.5,0.5,0.0,0.0,0.3,20.3,2.5
2.0,"2019-08-10 22:22:36.000000","2019-08-10 22:45:00.000000",1.0,4.87,1.0,N,234.0,25.0,2.0,18.0,0.5,0.5,0.0,0.0,0.3,21.8,2.5
2.0,"2019-08-11 01:58:03.000000","2019-08-11 02:18:24.000000",1.0,5.47,1.0,N,234.0,25.0,1.0,19.5,0.5,0.5,4.66,0.0,0.3,27.96,2.5
2.0,"2019-08-11 03:04:48.000000","2019-08-11 03:19:36.000000",1.0,4.73,1.0,N,234.0,25.0,1.0,16.0,0.5,0.5,3.96,0.0,0.3,23.76,2.5
2.0,"2019-08-11 09:03:40.000000","2019-08-11 09:17:48.000000",1.0,3.99,1.0,N,234.0,25.0,1.0,14.5,0.0,0.5,5.34,0.0,0.3,23.14,2.5
2.0,"2019-08-12 14:17:43.000000","2019-08-12 14:48:07.000000",1.0,5.0,1.0,N,234.0,25.0,2.0,22.5,0.0,0.5,0.0,0.0,0.3,25.8,2.5
2.0,"2019-08-12 19:36:44.000000","2019-08-12 20:04:01.000000",1.0,4.87,1.0,N,234.0,25.0,1.0,19.5,1.0,0.5,4.76,0.0,0.3,28.56,2.5
2.0,"2019-08-12 19:20:45.000000","2019-08-12 19:48:30.000000",1.0,7.18,1.0,N,234.0,25.0,1.0,24.0,1.0,0.5,5.66,0.0,0.3,33.96,2.5
2.0,"2019-08-12 22:24:07.000000","2019-08-12 22:44:09.000000",1.0,4.29,1.0,N,234.0,25.0,1.0,17.0,0.5,0.5,4.16,0.0,0.3,24.96,2.5
1.0,"2019-08-12 22:08:08.000000","2019-08-12 22:27:26.000000",1.0,4.5,1.0,N,234.0,25.0,1.0,17.5,3.0,0.5,2.0,0.0,0.3,23.3,2.5
2.0,"2019-08-12 22:12:09.000000","2019-08-12 22:24:21.000000",1.0,3.9,1.0,N,234.0,25.0,1.0,13.5,0.5,0.5,3.46,0.0,0.3,20.76,2.5
2.0,"2019-08-13 15:17:51.000000","2019-08-13 15:50:33.000000",1.0,6.88,1.0,N,234.0,25.0,1.0,25.5,0.0,0.5,0.0,0.0,0.3,28.8,2.5
2.0,"2019-08-13 16:42:24.000000","2019-08-13 17:14:45.000000",1.0,4.93,1.0,N,234.0,25.0,1.0,21.5,1.0,0.5,5.16,0.0,0.3,30.96,2.5
2.0,"2019-08-13 17:32:54.000000","2019-08-13 17:56:31.000000",1.0,4.58,1.0,N,234.0,25.0,1.0,18.5,1.0,0.5,5.7,0.0,0.3,28.5,2.5
2.0,"2019-08-13 18:55:51.000000","2019-08-13 19:21:07.000000",1.0,4.41,1.0,N,234.0,25.0,1.0,17.5,1.0,0.5,4.36,0.0,0.3,26.16,2.5
1.0,"2019-08-13 19:35:57.000000","2019-08-13 19:59:26.000000",1.0,4.8,1.0,N,234.0,25.0,1.0,18.0,3.5,0.5,2.0,0.0,0.3,24.3,2.5
2.0,"2019-08-13 19:03:16.000000","2019-08-13 19:29:17.000000",1.0,6.77,1.0,N,234.0,25.0,1.0,23.0,1.0,0.5,5.46,0.0,0.3,32.76,2.5
2.0,"2019-08-13 19:18:05.000000","2019-08-13 19:39:33.000000",1.0,4.2,1.0,N,234.0,25.0,1.0,16.5,1.0,0.5,4.16,0.0,0.3,24.96,2.5
2.0,"2019-08-13 20:19:22.000000","2019-08-13 20:37:35.000000",1.0,3.95,1.0,N,234.0,25.0,1.0,15.5,0.5,0.5,3.86,0.0,0.3,23.16,2.5
2.0,"2019-08-13 20:58:06.000000","2019-08-13 21:20:32.000000",1.0,5.23,1.0,N,234.0,25.0,1.0,19.0,0.5,0.5,4.56,0.0,0.3,27.36,2.5
2.0,"2019-08-13 22:14:54.000000","2019-08-13 22:38:47.000000",1.0,4.99,1.0,N,234.0,25.0,1.0,20.5,0.5,0.5,6.08,0.0,0.3,30.38,2.5
2.0,"2019-08-13 23:31:47.000000","2019-08-13 23:49:24.000000",1.0,4.47,1.0,N,234.0,25.0,1.0,16.0,0.5,0.5,5.0,0.0,0.3,24.8,2.5
2.0,"2019-08-13 23:01:22.000000","2019-08-13 23:21:18.000000",1.0,4.28,1.0,N,234.0,25.0,1.0,17.0,0.5,0.5,4.16,0.0,0.3,24.96,2.5
1.0,"2019-08-14 11:26:00.000000","2019-08-14 11:51:14.000000",1.0,4.3,1.0,N,234.0,25.0,1.0,19.0,2.5,0.5,4.45,0.0,0.3,26.75,2.5
2.0,"2019-08-14 12:20:16.000000","2019-08-14 12:41:59.000000",1.0,6.21,1.0,N,234.0,25.0,1.0,22.0,0.0,0.5,5.06,0.0,0.3,30.36,2.5
2.0,"2019-08-14 15:34:45.000000","2019-08-14 16:15:55.000000",6.0,6.67,1.0,N,234.0,25.0,1.0,28.0,0.0,0.5,5.0,0.0,0.3,36.3,2.5
1.0,"2019-08-14 19:17:49.000000","2019-08-14 19:45:02.000000",1.0,4.7,1.0,N,234.0,25.0,1.0,19.0,3.5,0.5,4.65,0.0,0.3,27.95,2.5
2.0,"2019-08-14 19:00:01.000000","2019-08-14 19:33:50.000000",1.0,4.71,1.0,N,234.0,25.0,1.0,21.5,1.0,0.5,5.16,0.0,0.3,30.96,2.5
2.0,"2019-08-14 20:36:52.000000","2019-08-14 21:01:22.000000",1.0,6.55,1.0,N,234.0,25.0,1.0,22.5,0.5,0.5,3.4,0.0,0.3,29.7,2.5
2.0,"2019-08-14 21:58:10.000000","2019-08-14 22:21:32.000000",1.0,6.72,1.0,N,234.0,25.0,1.0,23.5,0.5,0.5,5.46,0.0,0.3,32.76,2.5
2.0,"2019-08-14 22:50:10.000000","2019-08-14 23:10:45.000000",5.0,4.19,1.0,N,234.0,25.0,1.0,16.5,0.5,0.5,4.06,0.0,0.3,24.36,2.5
2.0,"2019-08-14 23:09:25.000000","2019-08-14 23:28:00.000000",1.0,4.4,1.0,N,234.0,25.0,1.0,16.0,0.5,0.5,3.96,0.0,0.3,23.76,2.5
2.0,"2019-08-15 00:10:52.000000","2019-08-15 00:26:19.000000",6.0,4.27,1.0,N,234.0,25.0,1.0,15.5,0.5,0.5,3.86,0.0,0.3,23.16,2.5
2.0,"2019-08-15 08:22:37.000000","2019-08-15 08:52:58.000000",1.0,5.31,1.0,N,234.0,25.0,1.0,22.5,0.0,0.5,6.45,0.0,0.3,32.25,2.5
2.0,"2019-08-15 13:37:11.000000","2019-08-15 14:04:32.000000",4.0,6.46,1.0,N,234.0,25.0,1.0,23.5,0.0,0.5,5.36,0.0,0.3,32.16,2.5
1.0,"2019-08-15 14:46:11.000000","2019-08-15 15:13:08.000000",1.0,4.5,1.0,N,234.0,25.0,1.0,19.5,2.5,0.5,4.55,0.0,0.3,27.35,2.5
1.0,"2019-08-15 16:42:09.000000","2019-08-15 17:12:37.000000",1.0,4.5,1.0,N,234.0,25.0,1.0,20.5,3.5,0.5,6.2,0.0,0.3,31.0,2.5
2.0,"2019-08-15 17:31:15.000000","2019-08-15 18:02:46.000000",4.0,6.27,1.0,N,234.0,25.0,1.0,23.0,1.0,0.5,6.82,0.0,0.3,34.12,2.5
2.0,"2019-08-15 20:49:25.000000","2019-08-15 21:14:29.000000",2.0,4.56,1.0,N,234.0,25.0,1.0,18.5,0.5,0.5,4.46,0.0,0.3,26.76,2.5
2.0,"2019-08-15 21:34:37.000000","2019-08-15 21:51:18.000000",5.0,4.25,1.0,N,234.0,25.0,1.0,15.0,0.5,0.5,6.0,0.0,0.3,24.8,2.5
2.0,"2019-08-15 21:30:11.000000","2019-08-15 21:51:37.000000",1.0,4.29,1.0,N,234.0,25.0,1.0,17.0,0.5,0.5,4.16,0.0,0.3,24.96,2.5
2.0,"2019-08-15 21:03:30.000000","2019-08-15 21:24:00.000000",1.0,4.47,1.0,N,234.0,25.0,1.0,16.5,0.5,0.5,5.08,0.0,0.3,25.38,2.5
2.0,"2019-08-15 22:39:39.000000","2019-08-15 22:58:50.000000",1.0,4.38,1.0,N,234.0,25.0,1.0,17.0,0.5,0.5,4.16,0.0,0.3,24.96,2.5
2.0,"2019-08-15 22:13:14.000000","2019-08-15 22:33:42.000000",5.0,3.91,1.0,N,234.0,25.0,1.0,16.0,0.5,0.5,3.96,0.0,0.3,23.76,2.5
2.0,"2019-08-15 23:51:52.000000","2019-08-16 00:12:38.000000",2.0,6.58,1.0,N,234.0,25.0,1.0,21.5,0.5,0.5,5.06,0.0,0.3,30.36,2.5
1.0,"2019-08-16 01:20:26.000000","2019-08-16 01:41:52.000000",1.0,7.0,1.0,N,234.0,25.0,1.0,23.0,3.0,0.5,3.0,0.0,0.3,29.8,2.5
2.0,"2019-08-16 15:15:48.000000","2019-08-16 15:48:58.000000",6.0,4.59,1.0,N,234.0,25.0,1.0,22.0,0.0,0.5,5.06,0.0,0.3,30.36,2.5
2.0,"2019-08-16 22:14:12.000000","2019-08-16 22:33:23.000000",1.0,3.83,1.0,N,234.0,25.0,2.0,16.0,0.5,0.5,0.0,0.0,0.3,19.8,2.5
2.0,"2019-08-16 23:24:19.000000","2019-08-16 23:44:00.000000",1.0,4.68,1.0,N,234.0,25.0,1.0,17.0,0.5,0.5,4.16,0.0,0.3,24.96,2.5
1.0,"2019-08-17 00:59:07.000000","2019-08-17 01:21:15.000000",0.0,6.8,1.0,N,234.0,25.0,1.0,23.5,3.0,0.5,5.45,0.0,0.3,32.75,2.5
2.0,"2019-08-17 00:27:44.000000","2019-08-17 00:44:12.000000",2.0,3.96,1.0,N,234.0,25.0,1.0,15.0,0.5,0.5,1.88,0.0,0.3,20.68,2.5
2.0,"2019-08-17 12:22:18.000000","2019-08-17 12:52:03.000000",1.0,7.09,1.0,N,234.0,25.0,1.0,27.5,0.0,0.5,6.16,0.0,0.3,36.96,2.5
2.0,"2019-08-17 13:54:09.000000","2019-08-17 14:19:30.000000",1.0,4.91,1.0,N,234.0,25.0,1.0,20.0,0.0,0.5,5.82,0.0,0.3,29.12,2.5
1.0,"2019-08-17 14:24:25.000000","2019-08-17 14:49:40.000000",1.0,4.5,1.0,N,234.0,25.0,1.0,19.0,2.5,0.5,6.65,0.0,0.3,28.95,2.5
1.0,"2019-08-17 15:28:34.000000","2019-08-17 15:57:14.000000",1.0,4.5,1.0,N,234.0,25.0,1.0,19.5,2.5,0.5,4.55,0.0,0.3,27.35,2.5
1.0,"2019-08-17 18:31:59.000000","2019-08-17 18:55:45.000000",1.0,4.4,1.0,N,234.0,25.0,1.0,19.0,2.5,0.5,4.45,0.0,0.3,26.75,2.5
2.0,"2019-08-17 22:09:53.000000","2019-08-17 22:33:55.000000",5.0,5.25,1.0,N,234.0,25.0,2.0,19.0,0.5,0.5,0.0,0.0,0.3,22.8,2.5
2.0,"2019-08-17 23:37:14.000000","2019-08-18 00:08:34.000000",5.0,7.47,1.0,N,234.0,25.0,1.0,26.0,0.5,0.5,5.96,0.0,0.3,35.76,2.5
1.0,"2019-08-18 09:10:17.000000","2019-08-18 09:28:16.000000",1.0,5.1,1.0,Y,234.0,25.0,1.0,17.5,2.5,0.5,2.5,0.0,0.3,23.3,2.5
1.0,"2019-08-18 20:12:29.000000","2019-08-18 20:39:00.000000",1.0,5.0,1.0,N,234.0,25.0,1.0,19.5,3.0,0.5,4.65,0.0,0.3,27.95,2.5
2.0,"2019-08-19 12:31:37.000000","2019-08-19 12:57:32.000000",1.0,6.64,1.0,N,234.0,25.0,1.0,23.0,0.0,0.5,5.26,0.0,0.3,31.56,2.5
1.0,"2019-08-19 14:03:42.000000","2019-08-19 14:44:20.000000",1.0,0.0,1.0,N,234.0,25.0,1.0,22.2,0.0,0.5,0.0,0.0,0.3,23.0,0.0
1.0,"2019-08-19 16:45:15.000000","2019-08-19 17:16:54.000000",1.0,4.3,1.0,N,234.0,25.0,1.0,21.0,3.5,0.5,6.3,0.0,0.3,31.6,2.5
1.0,"2019-08-19 20:47:19.000000","2019-08-19 21:11:37.000000",1.0,4.6,1.0,N,234.0,25.0,1.0,19.0,3.0,0.5,5.7,0.0,0.3,28.5,2.5
2.0,"2019-08-19 21:07:13.000000","2019-08-19 21:27:19.000000",1.0,4.5,1.0,N,234.0,25.0,1.0,17.5,0.5,0.5,4.26,0.0,0.3,25.56,2.5
2.0,"2019-08-20 00:00:53.000000","2019-08-20 00:17:42.000000",6.0,6.13,1.0,N,234.0,25.0,1.0,19.0,0.5,0.5,4.56,0.0,0.3,27.36,2.5
2.0,"2019-08-20 18:38:07.000000","2019-08-20 19:09:34.000000",2.0,6.63,1.0,N,234.0,25.0,1.0,25.5,1.0,0.5,5.96,0.0,0.3,35.76,2.5
2.0,"2019-08-20 20:43:38.000000","2019-08-20 21:07:52.000000",2.0,7.22,1.0,N,234.0,25.0,1.0,23.5,0.5,0.5,3.5,0.0,0.3,30.8,2.5
2.0,"2019-08-20 21:36:31.000000","2019-08-20 22:00:36.000000",1.0,5.22,1.0,N,234.0,25.0,1.0,20.0,0.5,0.5,4.76,0.0,0.3,28.56,2.5
2.0,"2019-08-20 21:28:46.000000","2019-08-20 21:50:35.000000",1.0,5.2,1.0,N,234.0,25.0,1.0,18.5,0.5,0.5,4.46,0.0,0.3,26.76,2.5
2.0,"2019-08-20 21:15:14.000000","2019-08-20 21:40:13.000000",1.0,4.47,1.0,N,234.0,25.0,1.0,19.0,0.5,0.5,4.56,0.0,0.3,27.36,2.5
2.0,"2019-08-20 22:02:35.000000","2019-08-20 22:21:17.000000",1.0,4.19,1.0,N,234.0,25.0,1.0,16.0,0.5,0.5,2.0,0.0,0.3,21.8,2.5
1.0,"2019-08-20 22:16:38.000000","2019-08-20 22:39:04.000000",1.0,4.8,1.0,N,234.0,25.0,1.0,19.0,3.0,0.5,3.0,0.0,0.3,25.8,2.5
2.0,"2019-08-20 23:43:30.000000","2019-08-21 00:08:39.000000",1.0,6.05,1.0,N,234.0,25.0,2.0,21.5,0.5,0.5,0.0,0.0,0.3,25.3,2.5
1.0,"2019-08-20 23:21:39.000000","2019-08-20 23:40:05.000000",1.0,4.5,1.0,N,234.0,25.0,1.0,16.5,3.0,0.5,4.05,0.0,0.3,24.35,2.5
1.0,"2019-08-21 10:41:57.000000","2019-08-21 11:18:01.000000",1.0,7.0,1.0,N,234.0,25.0,1.0,28.5,2.5,0.5,2.0,0.0,0.3,33.8,2.5
2.0,"2019-08-21 11:05:02.000000","2019-08-21 11:29:00.000000",2.0,4.3,1.0,N,234.0,25.0,1.0,18.0,0.0,0.5,4.26,0.0,0.3,25.56,2.5
1.0,"2019-08-21 15:50:04.000000","2019-08-21 16:22:58.000000",1.0,4.8,1.0,N,234.0,25.0,2.0,23.0,2.5,0.5,0.0,0.0,0.3,26.3,2.5
2.0,"2019-08-21 17:44:37.000000","2019-08-21 18:09:01.000000",1.0,4.09,1.0,N,234.0,25.0,1.0,17.5,1.0,0.5,5.0,0.0,0.3,26.8,2.5
1.0,"2019-08-21 20:23:17.000000","2019-08-21 20:46:49.000000",1.0,4.7,1.0,N,234.0,25.0,1.0,19.0,3.0,0.5,3.5,0.0,0.3,26.3,2.5
2.0,"2019-08-21 21:23:06.000000","2019-08-21 21:41:49.000000",1.0,4.21,1.0,N,234.0,25.0,1.0,16.0,0.5,0.5,4.95,0.0,0.3,24.75,2.5
2.0,"2019-08-21 21:42:29.000000","2019-08-21 22:00:16.000000",2.0,4.65,1.0,N,234.0,25.0,1.0,16.5,0.5,0.5,4.06,0.0,0.3,24.36,2.5
1.0,"2019-08-21 22:11:13.000000","2019-08-21 22:30:20.000000",2.0,5.1,1.0,N,234.0,25.0,1.0,17.5,3.0,0.5,5.0,0.0,0.3,26.3,2.5
2.0,"2019-08-21 22:06:26.000000","2019-08-21 22:28:06.000000",1.0,4.59,1.0,N,234.0,25.0,1.0,18.0,0.5,0.5,4.36,0.0,0.3,26.16,2.5
2.0,"2019-08-22 00:39:26.000000","2019-08-22 00:54:38.000000",1.0,6.06,1.0,N,234.0,25.0,1.0,19.5,0.5,0.5,4.66,0.0,0.3,27.96,2.5
1.0,"2019-08-22 00:26:22.000000","2019-08-22 00:41:38.000000",1.0,4.4,1.0,N,234.0,25.0,1.0,15.5,3.0,0.5,3.86,0.0,0.3,23.16,2.5
2.0,"2019-08-22 01:17:38.000000","2019-08-22 01:44:54.000000",4.0,9.54,1.0,N,234.0,25.0,1.0,29.5,0.5,0.5,6.66,0.0,0.3,39.96,2.5
2.0,"2019-08-22 14:49:01.000000","2019-08-22 15:23:02.000000",1.0,4.9,1.0,N,234.0,25.0,1.0,22.5,0.0,0.5,5.16,0.0,0.3,30.96,2.5
1.0,"2019-08-22 19:31:24.000000","2019-08-22 19:57:06.000000",1.0,6.7,1.0,N,234.0,25.0,1.0,23.5,3.5,0.5,5.55,0.0,0.3,33.35,2.5
2.0,"2019-08-22 22:56:29.000000","2019-08-22 23:32:23.000000",2.0,4.7,1.0,N,234.0,25.0,1.0,24.0,0.5,0.5,2.0,0.0,0.3,29.8,2.5
2.0,"2019-08-22 23:48:59.000000","2019-08-23 00:03:51.000000",5.0,3.59,1.0,N,234.0,25.0,1.0,14.0,0.5,0.5,1.88,0.0,0.3,19.68,2.5
2.0,"2019-08-22 23:10:49.000000","2019-08-22 23:34:45.000000",2.0,4.28,1.0,N,234.0,25.0,1.0,19.0,0.5,0.5,4.56,0.0,0.3,27.36,2.5
2.0,"2019-08-23 00:07:42.000000","2019-08-23 00:33:12.000000",2.0,5.0,1.0,N,234.0,25.0,1.0,20.5,0.5,0.5,6.08,0.0,0.3,30.38,2.5
2.0,"2019-08-24 00:13:14.000000","2019-08-24 00:28:51.000000",5.0,4.09,1.0,N,234.0,25.0,1.0,15.0,0.5,0.5,3.76,0.0,0.3,22.56,2.5
1.0,"2019-08-24 00:03:00.000000","2019-08-24 00:23:03.000000",1.0,4.8,1.0,N,234.0,25.0,1.0,18.0,3.0,0.5,2.0,0.0,0.3,23.8,2.5
2.0,"2019-08-24 02:37:07.000000","2019-08-24 03:05:09.000000",1.0,5.95,1.0,N,234.0,25.0,1.0,22.0,0.5,0.5,5.16,0.0,0.3,30.96,2.5
2.0,"2019-08-24 19:28:37.000000","2019-08-24 19:54:03.000000",1.0,4.3,1.0,N,234.0,25.0,2.0,19.5,0.0,0.5,0.0,0.0,0.3,22.8,2.5
2.0,"2019-08-24 22:46:11.000000","2019-08-24 23:12:16.000000",1.0,4.89,1.0,N,234.0,25.0,1.0,20.0,0.5,0.5,3.57,0.0,0.3,27.37,2.5
1.0,"2019-08-24 23:18:37.000000","2019-08-24 23:40:16.000000",3.0,4.0,1.0,N,234.0,25.0,1.0,17.5,3.0,0.5,4.26,0.0,0.3,25.56,2.5
2.0,"2019-08-25 08:19:50.000000","2019-08-25 08:32:13.000000",1.0,3.79,1.0,N,234.0,25.0,1.0,13.0,0.0,0.5,3.26,0.0,0.3,19.56,2.5
2.0,"2019-08-25 13:20:02.000000","2019-08-25 13:46:44.000000",1.0,4.43,1.0,N,234.0,25.0,1.0,20.0,0.0,0.5,0.0,0.0,0.3,23.3,2.5
2.0,"2019-08-25 17:12:09.000000","2019-08-25 17:40:27.000000",1.0,4.42,1.0,N,234.0,25.0,1.0,19.5,0.0,0.5,4.56,0.0,0.3,27.36,2.5
2.0,"2019-08-26 11:34:36.000000","2019-08-26 11:52:27.000000",1.0,4.11,1.0,N,234.0,25.0,1.0,16.0,0.0,0.5,0.0,0.0,0.3,19.3,2.5
1.0,"2019-08-26 18:33:16.000000","2019-08-26 18:57:59.000000",1.0,0.0,1.0,N,234.0,25.0,3.0,26.2,0.0,0.5,0.0,0.0,0.3,27.0,0.0
2.0,"2019-08-26 20:25:46.000000","2019-08-26 20:43:14.000000",1.0,4.03,1.0,N,234.0,25.0,1.0,15.0,0.5,0.5,3.76,0.0,0.3,22.56,2.5
2.0,"2019-08-26 21:00:38.000000","2019-08-26 21:27:42.000000",6.0,7.33,1.0,N,234.0,25.0,1.0,25.5,0.5,0.5,5.86,0.0,0.3,35.16,2.5
2.0,"2019-08-27 11:43:36.000000","2019-08-27 12:08:44.000000",1.0,6.77,1.0,N,234.0,25.0,1.0,24.0,0.0,0.5,2.0,0.0,0.3,29.3,2.5
2.0,"2019-08-27 12:30:31.000000","2019-08-27 12:55:57.000000",3.0,6.82,1.0,N,234.0,25.0,2.0,24.0,0.0,0.5,0.0,0.0,0.3,27.3,2.5
1.0,"2019-08-27 12:07:52.000000","2019-08-27 12:36:37.000000",1.0,5.1,1.0,N,234.0,25.0,1.0,21.5,2.5,0.5,2.0,0.0,0.3,26.8,2.5
2.0,"2019-08-27 15:50:03.000000","2019-08-27 16:32:24.000000",1.0,6.63,1.0,N,234.0,25.0,2.0,28.5,0.0,0.5,0.0,0.0,0.3,31.8,2.5
2.0,"2019-08-27 18:51:40.000000","2019-08-27 19:17:28.000000",1.0,4.49,1.0,N,234.0,25.0,1.0,18.5,1.0,0.5,3.0,0.0,0.3,25.8,2.5
2.0,"2019-08-27 21:34:29.000000","2019-08-27 21:53:34.000000",5.0,6.1,1.0,N,234.0,25.0,1.0,21.0,0.5,0.5,1.5,0.0,0.3,26.3,2.5
2.0,"2019-08-27 21:57:25.000000","2019-08-27 22:18:09.000000",1.0,4.78,1.0,N,234.0,25.0,1.0,18.0,0.5,0.5,4.0,0.0,0.3,25.8,2.5
2.0,"2019-08-27 21:40:52.000000","2019-08-27 21:57:26.000000",5.0,6.03,1.0,N,234.0,25.0,1.0,19.5,0.5,0.5,4.66,0.0,0.3,27.96,2.5
2.0,"2019-08-28 00:19:29.000000","2019-08-28 00:35:57.000000",1.0,4.73,1.0,N,234.0,25.0,1.0,16.5,0.5,0.5,4.06,0.0,0.3,24.36,2.5
2.0,"2019-08-28 10:49:08.000000","2019-08-28 11:13:36.000000",5.0,4.54,1.0,N,234.0,25.0,1.0,19.0,0.0,0.5,7.0,0.0,0.3,29.3,2.5
1.0,"2019-08-28 15:59:26.000000","2019-08-28 16:30:42.000000",1.0,6.4,1.0,N,234.0,25.0,2.0,23.5,2.5,0.5,0.0,0.0,0.3,26.8,2.5
2.0,"2019-08-28 21:41:34.000000","2019-08-28 22:04:04.000000",1.0,4.88,1.0,N,234.0,25.0,1.0,18.0,0.5,0.5,4.36,0.0,0.3,26.16,2.5
2.0,"2019-08-28 21:46:57.000000","2019-08-28 22:07:03.000000",1.0,4.78,1.0,N,234.0,25.0,1.0,18.0,0.5,0.5,4.36,0.0,0.3,26.16,2.5
1.0,"2019-08-28 21:12:24.000000","2019-08-28 21:30:30.000000",1.0,4.0,1.0,N,234.0,25.0,2.0,15.0,3.0,0.5,0.0,0.0,0.3,18.8,2.5
1.0,"2019-08-28 22:09:10.000000","2019-08-28 22:29:31.000000",1.0,5.1,1.0,N,234.0,25.0,1.0,18.5,3.0,0.5,4.45,0.0,0.3,26.75,2.5
2.0,"2019-08-28 22:38:50.000000","2019-08-28 23:00:16.000000",1.0,4.7,1.0,N,234.0,25.0,1.0,18.0,0.5,0.5,4.36,0.0,0.3,26.16,2.5
2.0,"2019-08-29 00:33:00.000000","2019-08-29 00:50:12.000000",1.0,4.57,1.0,N,234.0,25.0,1.0,16.5,0.5,0.5,4.06,0.0,0.3,24.36,2.5
2.0,"2019-08-29 13:11:10.000000","2019-08-29 13:37:19.000000",1.0,7.16,1.0,Y,234.0,25.0,1.0,25.5,0.0,0.5,5.76,0.0,0.3,34.56,2.5
2.0,"2019-08-29 15:02:32.000000","2019-08-29 15:31:53.000000",5.0,4.41,1.0,N,234.0,25.0,1.0,20.5,0.0,0.5,5.95,0.0,0.3,29.75,2.5
2.0,"2019-08-29 18:08:35.000000","2019-08-29 18:35:17.000000",1.0,4.35,1.0,N,234.0,25.0,1.0,18.5,1.0,0.5,4.56,0.0,0.3,27.36,2.5
2.0,"2019-08-29 18:59:22.000000","2019-08-29 19:25:02.000000",2.0,4.61,1.0,N,234.0,25.0,1.0,18.5,1.0,0.5,4.56,0.0,0.3,27.36,2.5
1.0,"2019-08-29 19:18:47.000000","2019-08-29 19:45:10.000000",1.0,4.9,1.0,N,234.0,25.0,1.0,19.0,3.5,0.5,4.65,0.0,0.3,27.95,2.5
1.0,"2019-08-29 20:15:26.000000","2019-08-29 20:39:40.000000",1.0,6.7,1.0,N,234.0,25.0,1.0,22.5,3.0,0.5,7.85,0.0,0.3,34.15,2.5
2.0,"2019-08-29 21:46:26.000000","2019-08-29 22:10:15.000000",2.0,5.07,1.0,N,234.0,25.0,2.0,19.5,0.5,0.5,0.0,0.0,0.3,23.3,2.5
2.0,"2019-08-29 21:25:09.000000","2019-08-29 21:48:48.000000",5.0,4.49,1.0,N,234.0,25.0,1.0,18.0,0.5,0.5,3.0,0.0,0.3,24.8,2.5
2.0,"2019-08-29 23:31:54.000000","2019-08-29 23:50:28.000000",5.0,4.7,1.0,N,234.0,25.0,1.0,16.5,0.5,0.5,4.06,0.0,0.3,24.36,2.5
2.0,"2019-08-29 23:17:49.000000","2019-08-29 23:36:30.000000",5.0,4.86,1.0,N,234.0,25.0,1.0,18.0,0.5,0.5,4.36,0.0,0.3,26.16,2.5
2.0,"2019-08-30 12:51:20.000000","2019-08-30 13:17:37.000000",2.0,4.2,1.0,N,234.0,25.0,1.0,19.0,0.0,0.5,2.0,0.0,0.3,24.3,2.5
1.0,"2019-08-30 20:40:04.000000","2019-08-30 21:07:04.000000",1.0,5.1,1.0,N,234.0,25.0,2.0,20.5,3.0,0.5,0.0,0.0,0.3,24.3,2.5
2.0,"2019-08-30 19:59:57.000000","2019-08-30 20:25:11.000000",1.0,4.18,1.0,N,234.0,25.0,2.0,18.5,0.5,0.5,0.0,0.0,0.3,22.3,2.5
1.0,"2019-08-30 20:10:55.000000","2019-08-30 20:50:12.000000",2.0,9.6,1.0,N,234.0,25.0,1.0,32.5,3.0,0.5,9.05,0.0,0.3,45.35,2.5
2.0,"2019-08-31 01:19:51.000000","2019-08-31 01:37:35.000000",2.0,6.28,1.0,N,234.0,25.0,2.0,20.5,0.5,0.5,0.0,0.0,0.3,24.3,2.5
2.0,"2019-08-31 13:17:25.000000","2019-08-31 13:47:09.000000",2.0,5.81,1.0,N,234.0,25.0,1.0,23.0,0.0,0.5,6.58,0.0,0.3,32.88,2.5
1.0,"2019-08-31 18:48:38.000000","2019-08-31 19:15:06.000000",1.0,6.4,1.0,N,234.0,25.0,1.0,23.0,2.5,0.5,2.0,0.0,0.3,28.3,2.5
,"2019-08-02 18:07:00.000000","2019-08-02 18:35:00.000000",,4.24,,,234.0,25.0,,26.8,0.0,0.5,0.0,0.0,0.3,27.6,0.0
,"2019-08-27 12:10:00.000000","2019-08-27 12:45:00.000000",,6.71,,,234.0,25.0,,21.3,5.5,0.5,0.0,0.0,0.3,27.6,0.0
