2.0,"2019-08-01 00:04:26.000000","2019-08-01 00:24:10.000000",2.0,4.83,1.0,N,234.0,255.0,1.0,18.0,0.5,0.5,1.5,0.0,0.3,23.3,2.5
2.0,"2019-08-01 17:42:19.000000","2019-08-01 18:09:56.000000",2.0,4.35,1.0,N,234.0,255.0,2.0,20.0,1.0,0.5,0.0,0.0,0.3,24.3,2.5
2.0,"2019-08-01 17:48:40.000000","2019-08-01 18:18:54.000000",2.0,5.16,1.0,N,234.0,255.0,1.0,23.0,1.0,0.5,4.1,0.0,0.3,31.4,2.5
1.0,"2019-08-01 18:20:18.000000","2019-08-01 19:06:04.000000",2.0,4.6,1.0,N,234.0,255.0,2.0,29.0,3.5,0.5,0.0,0.0,0.3,33.3,2.5
1.0,"2019-08-01 18:12:36.000000","2019-08-01 18:45:01.000000",1.0,4.2,1.0,N,234.0,255.0,1.0,22.0,3.5,0.5,4.0,0.0,0.3,30.3,2.5
1.0,"2019-08-01 18:20:01.000000","2019-08-01 18:47:28.000000",1.0,4.1,1.0,N,234.0,255.0,1.0,20.0,3.5,0.5,4.85,0.0,0.3,29.15,2.5
2.0,"2019-08-01 18:15:27.000000","2019-08-01 18:42:56.000000",1.0,3.99,1.0,N,234.0,255.0,1.0,20.0,1.0,0.5,4.86,0.0,0.3,29.16,2.5
2.0,"2019-08-01 19:09:45.000000","2019-08-01 19:34:31.000000",1.0,4.59,1.0,N,234.0,255.0,1.0,19.5,1.0,0.5,1.0,0.0,0.3,24.8,2.5
2.0,"2019-08-01 19:49:55.000000","2019-08-01 20:12:25.000000",1.0,6.32,1.0,N,234.0,255.0,1.0,22.0,1.0,0.5,4.86,6.12,0.3,37.28,2.5
1.0,"2019-08-01 19:35:53.000000","2019-08-01 20:03:05.000000",1.0,7.0,1.0,N,234.0,255.0,1.0,25.0,3.5,0.5,4.0,0.0,0.3,33.3,2.5
1.0,"2019-08-01 20:53:09.000000","2019-08-01 21:18:57.000000",1.0,4.8,1.0,N,234.0,255.0,1.0,20.0,3.0,0.5,3.0,0.0,0.3,26.8,2.5
1.0,"2019-08-01 20:05:03.000000","2019-08-01 20:29:36.000000",0.0,3.9,1.0,N,234.0,255.0,1.0,18.5,3.0,0.5,4.45,0.0,0.3,26.75,2.5
2.0,"2019-08-01 22:24:48.000000","2019-08-01 22:55:33.000000",2.0,5.66,1.0,N,234.0,255.0,1.0,24.0,0.5,0.5,8.34,0.0,0.3,36.14,2.5
2.0,"2019-08-01 22:16:20.000000","2019-08-01 22:42:36.000000",1.0,4.49,1.0,N,234.0,255.0,1.0,19.5,0.5,0.5,5.82,0.0,0.3,29.12,2.5
2.0,"2019-08-01 22:36:24.000000","2019-08-01 23:00:08.000000",1.0,4.72,1.0,N,234.0,255.0,1.0,19.5,0.5,0.5,4.66,0.0,0.3,27.96,2.5
2.0,"2019-08-01 23:12:47.000000","2019-08-01 23:35:25.000000",1.0,4.17,1.0,N,234.0,255.0,1.0,18.0,0.5,0.5,4.36,0.0,0.3,26.16,2.5
1.0,"2019-08-01 23:45:28.000000","2019-08-02 00:07:02.000000",4.0,4.6,1.0,N,234.0,255.0,1.0,18.0,3.0,0.5,4.35,0.0,0.3,26.15,2.5
2.0,"2019-08-01 23:15:54.000000","2019-08-01 23:43:20.000000",2.0,4.85,1.0,N,234.0,255.0,1.0,20.0,0.5,0.5,5.98,6.12,0.3,35.9,2.5
2.0,"2019-08-01 23:04:05.000000","2019-08-01 23:21:54.000000",1.0,4.15,1.0,N,234.0,255.0,1.0,16.0,0.5,0.5,3.96,0.0,0.3,23.76,2.5
1.0,"2019-08-02 00:19:19.000000","2019-08-02 00:43:48.000000",1.0,4.9,1.0,N,234.0,255.0,1.0,19.5,3.0,0.5,4.65,0.0,0.3,27.95,2.5
1.0,"2019-08-02 01:12:45.000000","2019-08-02 01:36:14.000000",2.0,4.8,1.0,Y,234.0,255.0,1.0,19.0,3.0,0.5,4.55,0.0,0.3,27.35,2.5
2.0,"2019-08-02 01:34:28.000000","2019-08-02 01:53:26.000000",1.0,4.42,1.0,N,234.0,255.0,1.0,17.5,0.5,0.5,4.26,0.0,0.3,25.56,2.5
1.0,"2019-08-02 20:58:29.000000","2019-08-02 21:28:17.000000",3.0,4.1,1.0,N,234.0,255.0,1.0,21.0,3.0,0.5,2.0,0.0,0.3,26.8,2.5
2.0,"2019-08-02 22:43:10.000000","2019-08-02 23:11:22.000000",1.0,4.78,1.0,N,234.0,255.0,1.0,21.0,0.5,0.5,3.0,0.0,0.3,27.8,2.5
1.0,"2019-08-02 22:33:45.000000","2019-08-02 22:59:15.000000",1.0,4.6,1.0,N,234.0,255.0,1.0,19.5,3.0,0.5,4.65,0.0,0.3,27.95,2.5
2.0,"2019-08-02 22:58:26.000000","2019-08-02 23:25:23.000000",1.0,4.56,1.0,N,234.0,255.0,1.0,20.5,0.5,0.5,6.08,0.0,0.3,30.38,2.5
1.0,"2019-08-02 23:54:16.000000","2019-08-03 00:18:44.000000",2.0,4.1,1.0,N,234.0,255.0,1.0,18.5,3.0,0.5,5.55,0.0,0.3,27.85,2.5
2.0,"2019-08-02 23:56:17.000000","2019-08-03 00:41:18.000000",5.0,6.27,1.0,N,234.0,255.0,1.0,29.5,0.5,0.5,6.66,0.0,0.3,39.96,2.5
2.0,"2019-08-02 23:23:42.000000","2019-08-02 23:46:24.000000",1.0,4.2,1.0,N,234.0,255.0,1.0,17.5,0.5,0.5,4.26,0.0,0.3,25.56,2.5
1.0,"2019-08-03 00:16:09.000000","2019-08-03 00:45:51.000000",1.0,4.9,1.0,N,234.0,255.0,2.0,21.0,3.0,0.5,0.0,0.0,0.3,24.8,2.5
1.0,"2019-08-03 00:51:58.000000","2019-08-03 01:22:45.000000",1.0,4.3,1.0,N,234.0,255.0,1.0,21.5,3.0,0.5,5.05,0.0,0.3,30.35,2.5
2.0,"2019-08-03 01:58:21.000000","2019-08-03 02:19:28.000000",1.0,4.39,1.0,N,234.0,255.0,1.0,18.0,0.5,0.5,4.36,0.0,0.3,26.16,2.5
2.0,"2019-08-03 10:28:30.000000","2019-08-03 10:55:24.000000",1.0,4.97,1.0,N,234.0,255.0,1.0,20.5,0.0,0.5,4.49,6.12,0.3,34.41,2.5
2.0,"2019-08-03 13:00:00.000000","2019-08-03 13:36:46.000000",2.0,5.01,1.0,N,234.0,255.0,1.0,25.5,0.0,0.5,4.32,0.0,0.3,33.12,2.5
1.0,"2019-08-03 12:29:40.000000","2019-08-03 12:58:44.000000",2.0,5.5,1.0,N,234.0,255.0,1.0,22.5,2.5,0.5,0.0,0.0,0.3,25.8,2.5
2.0,"2019-08-03 14:37:24.000000","2019-08-03 15:10:22.000000",1.0,4.98,1.0,N,234.0,255.0,1.0,23.5,0.0,0.5,5.36,0.0,0.3,32.16,2.5
2.0,"2019-08-03 14:37:58.000000","2019-08-03 14:56:31.000000",1.0,4.12,1.0,N,234.0,255.0,1.0,16.5,0.0,0.5,3.0,0.0,0.3,22.8,2.5
1.0,"2019-08-03 16:20:56.000000","2019-08-03 16:53:40.000000",1.0,5.2,1.0,N,234.0,255.0,1.0,23.5,2.5,0.5,5.35,0.0,0.3,32.15,2.5
1.0,"2019-08-03 17:44:37.000000","2019-08-03 18:14:09.000000",1.0,5.2,1.0,N,234.0,255.0,1.0,22.0,2.5,0.5,1.5,0.0,0.3,26.8,2.5
1.0,"2019-08-03 17:44:20.000000","2019-08-03 18:08:23.000000",1.0,4.2,1.0,N,234.0,255.0,1.0,18.0,2.5,0.5,4.25,0.0,0.3,25.55,2.5
1.0,"2019-08-03 17:48:57.000000","2019-08-03 18:08:08.000000",1.0,3.7,1.0,N,234.0,255.0,1.0,16.0,2.5,0.5,1.0,0.0,0.3,20.3,2.5
2.0,"2019-08-03 18:18:15.000000","2019-08-03 18:39:56.000000",1.0,5.07,1.0,N,234.0,255.0,1.0,18.5,0.0,0.5,1.0,6.12,0.3,28.92,2.5
1.0,"2019-08-03 19:29:31.000000","2019-08-03 19:58:38.000000",1.0,4.7,1.0,N,234.0,255.0,2.0,21.0,2.5,0.5,0.0,0.0,0.3,24.3,2.5
1.0,"2019-08-03 21:37:30.000000","2019-08-03 22:10:35.000000",1.0,4.3,1.0,N,234.0,255.0,1.0,22.0,3.0,0.5,3.3,0.0,0.3,29.1,2.5
2.0,"2019-08-03 22:43:02.000000","2019-08-03 23:15:31.000000",1.0,4.86,1.0,N,234.0,255.0,1.0,23.0,0.5,0.5,3.0,0.0,0.3,29.8,2.5
2.0,"2019-08-03 22:59:27.000000","2019-08-03 23:30:12.000000",1.0,5.01,1.0,N,234.0,255.0,1.0,22.5,0.5,0.5,5.26,0.0,0.3,31.56,2.5
1.0,"2019-08-03 23:57:19.000000","2019-08-04 00:24:48.000000",2.0,5.8,1.0,N,234.0,255.0,1.0,21.5,3.0,0.5,3.5,6.12,0.3,34.92,2.5
2.0,"2019-08-03 23:35:15.000000","2019-08-04 00:11:01.000000",1.0,5.15,1.0,Y,234.0,255.0,1.0,24.5,0.5,0.5,7.08,0.0,0.3,35.38,2.5
2.0,"2019-08-04 00:15:42.000000","2019-08-04 00:50:57.000000",4.0,4.75,1.0,N,234.0,255.0,1.0,24.0,0.5,0.5,2.0,0.0,0.3,29.8,2.5
2.0,"2019-08-04 01:10:17.000000","2019-08-04 01:29:59.000000",4.0,4.04,1.0,N,234.0,255.0,1.0,16.5,0.5,0.5,10.0,0.0,0.3,30.3,2.5
2.0,"2019-08-04 02:20:55.000000","2019-08-04 02:42:49.000000",5.0,5.02,1.0,N,234.0,255.0,1.0,18.5,0.5,0.5,4.46,0.0,0.3,26.76,2.5
2.0,"2019-08-04 07:36:52.000000","2019-08-04 07:52:50.000000",5.0,5.28,1.0,N,234.0,255.0,2.0,17.5,0.0,0.5,0.0,0.0,0.3,20.8,2.5
2.0,"2019-08-04 12:00:12.000000","2019-08-04 12:20:52.000000",4.0,4.16,1.0,N,234.0,255.0,2.0,17.5,0.0,0.5,0.0,0.0,0.3,20.8,2.5
2.0,"2019-08-04 14:12:11.000000","2019-08-04 14:37:10.000000",1.0,5.18,1.0,N,234.0,255.0,1.0,20.0,0.0,0.5,4.66,0.0,0.3,29.91,2.5
2.0,"2019-08-04 14:23:16.000000","2019-08-04 14:51:17.000000",1.0,6.6,1.0,N,234.0,255.0,1.0,25.0,0.0,0.5,5.66,0.0,0.3,33.96,2.5
1.0,"2019-08-04 16:28:24.000000","2019-08-04 16:45:01.000000",1.0,4.0,1.0,N,234.0,255.0,1.0,15.5,2.5,0.5,3.75,0.0,0.3,22.55,2.5
2.0,"2019-08-04 16:00:45.000000","2019-08-04 16:23:37.000000",3.0,4.67,1.0,N,234.0,255.0,1.0,18.5,0.0,0.5,2.0,0.0,0.3,23.8,2.5
2.0,"2019-08-04 17:58:54.000000","2019-08-04 18:24:13.000000",4.0,3.99,1.0,N,234.0,255.0,1.0,19.5,0.0,0.5,5.7,0.0,0.3,28.5,2.5
1.0,"2019-08-04 18:48:20.000000","2019-08-04 19:15:46.000000",1.0,5.0,1.0,N,234.0,255.0,1.0,20.5,2.5,0.5,5.95,0.0,0.3,29.75,2.5
2.0,"2019-08-04 18:04:33.000000","2019-08-04 18:35:08.000000",1.0,4.59,1.0,N,234.0,255.0,1.0,22.0,0.0,0.5,3.5,0.0,0.3,28.8,2.5
1.0,"2019-08-04 20:14:14.000000","2019-08-04 20:37:23.000000",1.0,5.2,1.0,N,234.0,255.0,1.0,19.0,3.0,0.5,4.55,0.0,0.3,27.35,2.5
2.0,"2019-08-04 21:48:52.000000","2019-08-04 22:15:10.000000",2.0,5.4,1.0,N,234.0,255.0,2.0,21.0,0.5,0.5,0.0,0.0,0.3,24.8,2.5
2.0,"2019-08-05 00:28:40.000000","2019-08-05 00:42:44.000000",1.0,4.13,1.0,N,234.0,255.0,1.0,14.5,0.5,0.5,3.66,0.0,0.3,21.96,2.5
2.0,"2019-08-05 10:59:49.000000","2019-08-05 11:32:04.000000",1.0,4.62,1.0,N,234.0,255.0,1.0,22.5,0.0,0.5,5.16,0.0,0.3,30.96,2.5
2.0,"2019-08-05 10:30:01.000000","2019-08-05 10:53:14.000000",5.0,4.17,1.0,N,234.0,255.0,1.0,18.0,0.0,0.5,4.26,0.0,0.3,25.56,2.5
2.0,"2019-08-05 10:35:10.000000","2019-08-05 11:11:35.000000",1.0,6.32,1.0,N,234.0,255.0,1.0,27.0,0.0,0.5,6.06,0.0,0.3,36.36,2.5
2.0,"2019-08-05 16:23:43.000000","2019-08-05 16:50:56.000000",3.0,5.38,1.0,N,234.0,255.0,2.0,22.0,1.0,0.5,0.0,0.0,0.3,26.3,2.5
2.0,"2019-08-05 17:13:08.000000","2019-08-05 17:43:03.000000",1.0,4.94,1.0,N,234.0,255.0,1.0,22.0,1.0,0.5,5.26,0.0,0.3,31.56,2.5
2.0,"2019-08-05 17:00:48.000000","2019-08-05 17:27:40.000000",1.0,4.7,1.0,N,234.0,255.0,1.0,20.5,1.0,0.5,3.72,0.0,0.3,28.52,2.5
1.0,"2019-08-05 17:50:01.000000","2019-08-05 18:13:57.000000",1.0,5.0,1.0,N,234.0,255.0,1.0,19.5,3.5,0.5,4.76,0.0,0.3,28.56,2.5
2.0,"2019-08-05 18:29:02.000000","2019-08-05 18:57:14.000000",1.0,4.96,1.0,N,234.0,255.0,1.0,21.0,1.0,0.5,5.06,0.0,0.3,30.36,2.5
2.0,"2019-08-05 18:28:39.000000","2019-08-05 18:54:02.000000",1.0,4.47,1.0,N,234.0,255.0,1.0,19.5,1.0,0.5,4.76,0.0,0.3,28.56,2.5
2.0,"2019-08-05 18:32:37.000000","2019-08-05 19:00:45.000000",1.0,4.85,1.0,N,234.0,255.0,1.0,21.0,1.0,0.5,5.06,0.0,0.3,30.36,2.5
1.0,"2019-08-05 18:31:46.000000","2019-08-05 18:59:45.000000",1.0,4.5,1.0,N,234.0,255.0,1.0,21.0,3.5,0.5,2.0,0.0,0.3,27.3,2.5
2.0,"2019-08-05 19:12:10.000000","2019-08-05 19:35:56.000000",4.0,4.19,1.0,N,234.0,255.0,1.0,19.0,1.0,0.5,3.5,0.0,0.3,26.8,2.5
1.0,"2019-08-05 20:19:49.000000","2019-08-05 20:44:47.000000",1.0,4.6,1.0,N,234.0,255.0,1.0,19.0,3.0,0.5,0.5,0.0,0.3,23.3,2.5
1.0,"2019-08-05 20:26:09.000000","2019-08-05 20:46:15.000000",1.0,4.3,1.0,N,234.0,255.0,1.0,17.0,3.0,0.5,1.0,0.0,0.3,21.8,2.5
1.0,"2019-08-05 22:14:47.000000","2019-08-05 22:33:33.000000",1.0,4.9,1.0,N,234.0,255.0,1.0,17.5,3.0,0.5,2.0,0.0,0.3,23.3,2.5
2.0,"2019-08-05 22:32:46.000000","2019-08-05 22:52:01.000000",1.0,4.15,1.0,N,234.0,255.0,1.0,17.0,0.5,0.5,4.16,0.0,0.3,24.96,2.5
2.0,"2019-08-05 22:09:46.000000","2019-08-05 22:36:11.000000",1.0,6.14,1.0,N,234.0,255.0,1.0,21.5,0.5,0.5,6.28,6.12,0.3,37.7,2.5
2.0,"2019-08-05 23:43:59.000000","2019-08-06 00:00:15.000000",2.0,4.26,1.0,N,234.0,255.0,1.0,15.5,0.5,0.5,3.0,0.0,0.3,22.3,2.5
2.0,"2019-08-05 23:20:20.000000","2019-08-05 23:37:17.000000",1.0,3.99,1.0,N,234.0,255.0,1.0,15.5,0.5,0.5,3.86,0.0,0.3,23.16,2.5
2.0,"2019-08-06 00:25:38.000000","2019-08-06 00:41:22.000000",1.0,4.91,1.0,N,234.0,255.0,1.0,16.5,0.5,0.5,4.06,0.0,0.3,24.36,2.5
2.0,"2019-08-06 01:52:05.000000","2019-08-06 02:07:38.000000",1.0,4.13,1.0,N,234.0,255.0,1.0,15.5,0.5,0.5,3.86,0.0,0.3,23.16,2.5
2.0,"2019-08-06 15:02:36.000000","2019-08-06 15:39:14.000000",2.0,4.2,1.0,N,234.0,255.0,1.0,24.5,0.0,0.5,3.0,0.0,0.3,30.8,2.5
2.0,"2019-08-06 15:30:36.000000","2019-08-06 16:04:18.000000",6.0,3.95,1.0,N,234.0,255.0,1.0,22.5,0.0,0.5,6.45,0.0,0.3,32.25,2.5
2.0,"2019-08-06 15:36:59.000000","2019-08-06 16:02:30.000000",1.0,4.23,1.0,N,234.0,255.0,1.0,19.5,0.0,0.5,5.7,0.0,0.3,28.5,2.5
2.0,"2019-08-06 15:19:04.000000","2019-08-06 15:50:27.000000",1.0,4.67,1.0,N,234.0,255.0,1.0,22.0,0.0,0.5,6.32,0.0,0.3,31.62,2.5
2.0,"2019-08-06 15:32:41.000000","2019-08-06 16:07:47.000000",1.0,4.63,1.0,N,234.0,255.0,1.0,24.0,0.0,0.5,5.46,0.0,0.3,32.76,2.5
2.0,"2019-08-06 17:13:44.000000","2019-08-06 17:38:08.000000",2.0,3.78,1.0,N,234.0,255.0,1.0,18.0,1.0,0.5,4.46,0.0,0.3,26.76,2.5
1.0,"2019-08-06 17:09:32.000000","2019-08-06 17:37:59.000000",1.0,4.5,1.0,N,234.0,255.0,1.0,21.0,3.5,0.5,6.3,0.0,0.3,31.6,2.5
2.0,"2019-08-06 21:27:12.000000","2019-08-06 21:50:22.000000",1.0,4.59,1.0,N,234.0,255.0,1.0,18.5,0.5,0.5,4.46,0.0,0.3,26.76,2.5
2.0,"2019-08-06 21:02:43.000000","2019-08-06 21:31:49.000000",1.0,4.43,1.0,N,234.0,255.0,1.0,21.0,0.5,0.5,4.96,0.0,0.3,29.76,2.5
2.0,"2019-08-06 21:39:36.000000","2019-08-06 22:09:57.000000",5.0,5.03,1.0,N,234.0,255.0,1.0,23.0,0.5,0.5,5.36,0.0,0.3,32.16,2.5
2.0,"2019-08-06 21:10:39.000000","2019-08-06 21:35:41.000000",1.0,4.39,1.0,N,234.0,255.0,1.0,19.5,0.5,0.5,4.66,0.0,0.3,27.96,2.5
1.0,"2019-08-06 22:24:05.000000","2019-08-06 22:46:46.000000",1.0,4.8,1.0,N,234.0,255.0,1.0,19.0,3.0,0.5,2.5,0.0,0.3,25.3,2.5
2.0,"2019-08-06 22:26:07.000000","2019-08-06 22:48:36.000000",1.0,4.3,1.0,N,234.0,255.0,1.0,18.5,0.5,0.5,4.46,0.0,0.3,26.76,2.5
2.0,"2019-08-06 22:03:25.000000","2019-08-06 22:27:06.000000",1.0,4.49,1.0,N,234.0,255.0,1.0,18.5,0.5,0.5,3.34,0.0,0.3,25.64,2.5
2.0,"2019-08-06 22:51:23.000000","2019-08-06 23:16:45.000000",5.0,5.33,1.0,N,234.0,255.0,1.0,21.0,0.5,0.5,4.96,0.0,0.3,29.76,2.5
2.0,"2019-08-06 22:38:33.000000","2019-08-06 22:57:39.000000",1.0,4.59,1.0,N,234.0,255.0,2.0,17.0,0.5,0.5,0.0,0.0,0.3,20.8,2.5
2.0,"2019-08-06 22:04:07.000000","2019-08-06 22:29:33.000000",6.0,8.18,1.0,N,234.0,255.0,1.0,26.0,0.5,0.5,5.96,0.0,0.3,35.76,2.5
2.0,"2019-08-06 23:31:15.000000","2019-08-06 23:50:57.000000",2.0,4.39,1.0,N,234.0,255.0,1.0,17.5,0.5,0.5,4.26,0.0,0.3,25.56,2.5
2.0,"2019-08-06 23:14:15.000000","2019-08-06 23:39:25.000000",1.0,4.25,1.0,N,234.0,255.0,1.0,18.5,0.5,0.5,4.46,0.0,0.3,26.76,2.5
1.0,"2019-08-07 00:06:24.000000","2019-08-07 00:24:45.000000",2.0,5.1,1.0,N,234.0,255.0,1.0,18.0,3.0,0.5,3.27,0.0,0.3,25.07,2.5
1.0,"2019-08-07 13:06:36.000000","2019-08-07 13:30:53.000000",1.0,5.1,1.0,N,234.0,255.0,1.0,21.0,2.5,0.5,4.85,0.0,0.3,29.15,2.5
2.0,"2019-08-07 14:22:13.000000","2019-08-07 14:51:12.000000",1.0,4.66,1.0,N,234.0,255.0,1.0,21.5,0.0,0.5,4.96,0.0,0.3,29.76,2.5
2.0,"2019-08-07 15:59:06.000000","2019-08-07 16:31:02.000000",1.0,4.89,1.0,N,234.0,255.0,2.0,22.5,0.0,0.5,0.0,0.0,0.3,25.8,2.5
2.0,"2019-08-07 16:11:32.000000","2019-08-07 16:42:18.000000",1.0,5.0,1.0,N,234.0,255.0,2.0,23.0,1.0,0.5,0.0,0.0,0.3,27.3,2.5
2.0,"2019-08-07 17:56:22.000000","2019-08-07 18:18:31.000000",2.0,3.82,1.0,N,234.0,255.0,1.0,17.5,1.0,0.5,5.45,0.0,0.3,27.25,2.5
2.0,"2019-08-07 17:20:35.000000","2019-08-07 17:55:01.000000",1.0,4.7,1.0,N,234.0,255.0,1.0,23.5,1.0,0.5,2.0,0.0,0.3,29.8,2.5
1.0,"2019-08-07 19:19:17.000000","2019-08-07 19:50:03.000000",1.0,4.3,1.0,N,234.0,255.0,1.0,21.0,3.5,0.5,2.0,0.0,0.3,27.3,2.5
2.0,"2019-08-07 19:35:03.000000","2019-08-07 20:01:11.000000",1.0,4.52,1.0,N,234.0,255.0,1.0,20.0,1.0,0.5,4.86,0.0,0.3,29.16,2.5
1.0,"2019-08-07 19:57:18.000000","2019-08-07 20:32:26.000000",2.0,7.5,1.0,N,234.0,255.0,1.0,28.5,3.5,0.5,7.75,6.12,0.3,46.67,2.5
1.0,"2019-08-07 20:10:02.000000","2019-08-07 20:43:49.000000",1.0,4.7,1.0,N,234.0,255.0,1.0,23.5,3.0,0.5,5.45,0.0,0.3,32.75,2.5
2.0,"2019-08-07 20:41:37.000000","2019-08-07 21:15:28.000000",2.0,4.71,1.0,N,234.0,255.0,1.0,23.5,0.5,0.5,5.46,0.0,0.3,32.76,2.5
2.0,"2019-08-07 20:43:43.000000","2019-08-07 21:13:50.000000",1.0,5.02,1.0,N,234.0,255.0,1.0,22.0,0.5,0.5,7.74,0.0,0.3,33.54,2.5
2.0,"2019-08-07 21:16:02.000000","2019-08-07 21:41:18.000000",2.0,4.64,1.0,N,234.0,255.0,1.0,19.5,0.5,0.5,4.88,0.0,0.3,28.18,2.5
2.0,"2019-08-07 22:31:21.000000","2019-08-07 22:50:12.000000",1.0,4.75,1.0,N,234.0,255.0,1.0,17.5,0.5,0.5,4.26,0.0,0.3,25.56,2.5
2.0,"2019-08-07 22:36:43.000000","2019-08-07 23:00:42.000000",1.0,5.14,1.0,N,234.0,255.0,1.0,20.0,0.5,0.5,4.76,0.0,0.3,28.56,2.5
1.0,"2019-08-07 23:55:59.000000","2019-08-08 00:15:55.000000",1.0,4.3,1.0,N,234.0,255.0,1.0,17.0,3.0,0.5,3.0,0.0,0.3,23.8,2.5
1.0,"2019-08-08 00:27:22.000000","2019-08-08 00:48:05.000000",1.0,4.7,1.0,N,234.0,255.0,1.0,18.5,3.0,0.5,4.45,0.0,0.3,26.75,2.5
2.0,"2019-08-08 01:18:05.000000","2019-08-08 01:34:39.000000",1.0,4.37,1.0,N,234.0,255.0,1.0,16.5,0.5,0.5,1.0,0.0,0.3,21.3,2.5
2.0,"2019-08-08 13:21:59.000000","2019-08-08 13:49:19.000000",1.0,5.41,1.0,N,234.0,255.0,1.0,22.0,0.0,0.5,3.8,0.0,0.3,29.1,2.5
1.0,"2019-08-08 15:55:51.000000","2019-08-08 16:56:13.000000",1.0,4.3,1.0,N,234.0,255.0,1.0,36.5,2.5,0.5,11.9,0.0,0.3,51.7,2.5
2.0,"2019-08-08 15:57:50.000000","2019-08-08 16:32:27.000000",1.0,6.46,1.0,N,234.0,255.0,1.0,26.0,1.0,0.5,6.06,0.0,0.3,36.36,2.5
1.0,"2019-08-08 17:39:45.000000","2019-08-08 18:19:38.000000",1.0,6.3,1.0,N,234.0,255.0,1.0,29.0,3.5,0.5,5.0,0.0,0.3,38.3,2.5
2.0,"2019-08-08 19:29:15.000000","2019-08-08 19:50:30.000000",4.0,4.42,1.0,N,234.0,255.0,1.0,17.5,1.0,0.5,4.36,0.0,0.3,26.16,2.5
2.0,"2019-08-08 19:11:05.000000","2019-08-08 19:44:12.000000",1.0,5.18,1.0,N,234.0,255.0,1.0,24.0,1.0,0.5,6.88,6.12,0.3,41.3,2.5
2.0,"2019-08-08 19:23:14.000000","2019-08-08 19:43:32.000000",1.0,4.63,1.0,N,234.0,255.0,2.0,17.5,1.0,0.5,0.0,6.12,0.3,27.92,2.5
1.0,"2019-08-08 20:10:09.000000","2019-08-08 20:38:32.000000",2.0,4.5,1.0,N,234.0,255.0,1.0,20.5,3.0,0.5,2.0,0.0,0.3,26.3,2.5
1.0,"2019-08-08 20:49:03.000000","2019-08-08 21:21:59.000000",2.0,4.4,1.0,N,234.0,255.0,1.0,22.5,3.0,0.5,5.25,0.0,0.3,31.55,2.5
1.0,"2019-08-08 20:31:43.000000","2019-08-08 21:04:47.000000",2.0,4.4,1.0,N,234.0,255.0,1.0,22.5,3.0,0.5,5.25,0.0,0.3,31.55,2.5
2.0,"2019-08-08 20:11:26.000000","2019-08-08 20:44:19.000000",1.0,4.57,1.0,N,234.0,255.0,1.0,22.5,0.5,0.5,4.0,0.0,0.3,30.3,2.5
1.0,"2019-08-08 21:15:55.000000","2019-08-08 21:51:30.000000",2.0,4.7,1.0,N,234.0,255.0,1.0,24.0,3.0,0.5,5.55,0.0,0.3,33.35,2.5
2.0,"2019-08-08 22:30:20.000000","2019-08-08 23:01:13.000000",1.0,5.91,1.0,N,234.0,255.0,1.0,24.0,0.5,0.5,5.56,0.0,0.3,33.36,2.5
2.0,"2019-08-08 21:59:34.000000","2019-08-08 22:35:01.000000",1.0,4.93,1.0,N,234.0,255.0,1.0,23.5,0.5,0.5,3.0,0.0,0.3,30.3,2.5
2.0,"2019-08-08 23:35:57.000000","2019-08-09 00:00:49.000000",1.0,4.95,1.0,N,234.0,255.0,1.0,20.0,0.5,0.5,4.76,0.0,0.3,28.56,2.5
2.0,"2019-08-08 23:31:36.000000","2019-08-09 00:09:35.000000",1.0,4.9,1.0,N,234.0,255.0,1.0,26.5,0.5,0.5,6.06,0.0,0.3,36.36,2.5
1.0,"2019-08-08 23:43:35.000000","2019-08-09 00:13:31.000000",1.0,4.3,1.0,N,234.0,255.0,1.0,22.0,3.0,0.5,5.15,0.0,0.3,30.95,2.5
2.0,"2019-08-09 00:44:27.000000","2019-08-09 01:02:01.000000",1.0,4.37,1.0,N,234.0,255.0,1.0,16.5,0.5,0.5,4.06,0.0,0.3,24.36,2.5
2.0,"2019-08-09 00:09:45.000000","2019-08-09 00:28:00.000000",2.0,4.25,1.0,N,234.0,255.0,1.0,16.5,0.5,0.5,4.06,0.0,0.3,24.36,2.5
1.0,"2019-08-09 19:30:54.000000","2019-08-09 20:07:39.000000",1.0,5.3,1.0,N,234.0,255.0,1.0,25.5,3.5,0.5,5.96,0.0,0.3,35.76,2.5
2.0,"2019-08-09 14:23:11.000000","2019-08-09 14:50:53.000000",5.0,4.52,1.0,N,234.0,255.0,2.0,20.5,0.5,0.5,0.0,0.0,0.3,24.3,2.5
2.0,"2019-08-09 21:53:21.000000","2019-08-09 22:26:54.000000",1.0,6.15,1.0,N,234.0,255.0,1.0,26.0,0.5,0.5,2.0,0.0,0.3,31.8,2.5
2.0,"2019-08-09 23:47:59.000000","2019-08-10 00:25:17.000000",1.0,5.72,1.0,N,234.0,255.0,1.0,25.5,0.5,0.5,5.86,0.0,0.3,35.16,2.5
1.0,"2019-08-09 23:20:22.000000","2019-08-09 23:50:33.000000",0.0,5.1,1.0,N,234.0,255.0,1.0,22.5,3.0,0.5,5.25,0.0,0.3,31.55,2.5
2.0,"2019-08-10 00:12:22.000000","2019-08-10 00:39:47.000000",1.0,5.28,1.0,N,234.0,255.0,1.0,21.5,0.5,0.5,5.06,0.0,0.3,30.36,2.5
2.0,"2019-08-10 00:16:12.000000","2019-08-10 00:42:54.000000",1.0,5.25,1.0,N,234.0,255.0,1.0,21.0,0.5,0.5,4.0,0.0,0.3,28.8,2.5
1.0,"2019-08-10 01:38:21.000000","2019-08-10 02:05:44.000000",1.0,5.5,1.0,N,234.0,255.0,1.0,21.5,3.0,0.5,5.05,0.0,0.3,30.35,2.5
2.0,"2019-08-10 09:39:53.000000","2019-08-10 09:57:37.000000",1.0,4.1,1.0,N,234.0,255.0,1.0,15.5,0.0,0.5,3.76,0.0,0.3,22.56,2.5
1.0,"2019-08-10 15:48:30.000000","2019-08-10 16:15:16.000000",3.0,5.1,1.0,N,234.0,255.0,1.0,20.5,2.5,0.5,4.75,0.0,0.3,28.55,2.5
2.0,"2019-08-10 16:43:56.000000","2019-08-10 17:07:40.000000",1.0,4.97,1.0,N,234.0,255.0,1.0,19.5,0.0,0.5,2.0,0.0,0.3,24.8,2.5
2.0,"2019-08-10 17:35:34.000000","2019-08-10 18:05:29.000000",3.0,5.07,1.0,N,234.0,255.0,2.0,22.0,0.0,0.5,0.0,0.0,0.3,25.3,2.5
2.0,"2019-08-10 19:05:20.000000","2019-08-10 19:28:41.000000",1.0,4.1,1.0,N,234.0,255.0,1.0,18.0,0.0,0.5,4.26,0.0,0.3,25.56,2.5
1.0,"2019-08-10 19:27:59.000000","2019-08-10 19:46:36.000000",1.0,3.8,1.0,N,234.0,255.0,1.0,16.0,2.5,0.5,3.85,0.0,0.3,23.15,2.5
2.0,"2019-08-10 20:24:02.000000","2019-08-10 20:53:00.000000",1.0,4.2,1.0,N,234.0,255.0,1.0,20.5,0.5,0.5,4.86,0.0,0.3,29.16,2.5
2.0,"2019-08-10 21:14:37.000000","2019-08-10 21:36:55.000000",1.0,4.59,1.0,N,234.0,255.0,1.0,18.0,0.5,0.5,2.0,6.12,0.3,29.92,2.5
1.0,"2019-08-10 22:15:38.000000","2019-08-10 22:40:38.000000",1.0,4.7,1.0,N,234.0,255.0,1.0,19.0,3.0,0.5,1.0,6.12,0.3,29.92,2.5
2.0,"2019-08-10 21:27:31.000000","2019-08-11 20:55:14.000000",1.0,5.16,1.0,N,234.0,255.0,1.0,20.5,0.5,0.5,6.08,0.0,0.3,30.38,2.5
2.0,"2019-08-11 02:46:09.000000","2019-08-11 03:05:50.000000",5.0,4.69,1.0,N,234.0,255.0,1.0,18.0,0.5,0.5,4.36,0.0,0.3,26.16,2.5
2.0,"2019-08-11 03:32:28.000000","2019-08-11 03:52:38.000000",3.0,5.25,1.0,N,234.0,255.0,2.0,19.0,0.5,0.5,0.0,0.0,0.3,22.8,2.5
2.0,"2019-08-11 12:54:20.000000","2019-08-11 13:16:39.000000",1.0,5.11,1.0,N,234.0,255.0,1.0,19.5,0.0,0.5,4.56,0.0,0.3,27.36,2.5
2.0,"2019-08-11 15:08:17.000000","2019-08-11 15:33:46.000000",6.0,4.67,1.0,N,234.0,255.0,1.0,20.0,0.0,0.5,4.66,0.0,0.3,27.96,2.5
1.0,"2019-08-11 15:11:52.000000","2019-08-11 15:47:36.000000",1.0,5.5,1.0,N,234.0,255.0,1.0,25.5,2.5,0.5,7.2,0.0,0.3,36.0,2.5
1.0,"2019-08-11 17:22:29.000000","2019-08-11 17:48:05.000000",1.0,5.6,1.0,N,234.0,255.0,1.0,21.5,2.5,0.5,7.4,0.0,0.3,32.2,2.5
2.0,"2019-08-11 19:57:34.000000","2019-08-11 20:21:23.000000",1.0,4.73,1.0,N,234.0,255.0,1.0,19.0,0.0,0.5,4.46,0.0,0.3,26.76,2.5
1.0,"2019-08-11 20:26:31.000000","2019-08-11 20:41:57.000000",1.0,4.1,1.0,N,234.0,255.0,1.0,15.0,3.0,0.5,2.0,0.0,0.3,20.8,2.5
1.0,"2019-08-11 21:29:26.000000","2019-08-11 21:53:41.000000",1.0,4.5,1.0,N,234.0,255.0,1.0,19.0,3.0,0.5,2.0,0.0,0.3,24.8,2.5
2.0,"2019-08-12 00:11:02.000000","2019-08-12 00:25:23.000000",1.0,4.04,1.0,N,234.0,255.0,1.0,14.5,0.5,0.5,5.49,0.0,0.3,23.79,2.5
1.0,"2019-08-12 18:18:33.000000","2019-08-12 18:46:32.000000",1.0,4.8,1.0,N,234.0,255.0,1.0,21.5,3.5,0.5,5.16,0.0,0.3,30.96,2.5
2.0,"2019-08-12 18:26:39.000000","2019-08-12 18:54:41.000000",1.0,4.93,1.0,N,234.0,255.0,1.0,21.0,1.0,0.5,2.7,0.0,0.3,28.0,2.5
2.0,"2019-08-12 18:13:17.000000","2019-08-12 18:38:36.000000",1.0,5.01,1.0,N,234.0,255.0,1.0,20.0,1.0,0.5,4.86,0.0,0.3,29.16,2.5
2.0,"2019-08-12 18:12:10.000000","2019-08-12 18:37:29.000000",1.0,4.97,1.0,N,234.0,255.0,1.0,19.0,1.0,0.5,5.82,0.0,0.3,29.12,2.5
2.0,"2019-08-12 20:15:07.000000","2019-08-12 20:35:20.000000",4.0,4.53,1.0,N,234.0,255.0,1.0,17.0,0.5,0.5,4.16,0.0,0.3,24.96,2.5
2.0,"2019-08-12 20:17:15.000000","2019-08-12 20:37:55.000000",2.0,4.97,1.0,N,234.0,255.0,1.0,18.5,0.5,0.5,4.46,0.0,0.3,26.76,2.5
2.0,"2019-08-12 21:25:18.000000","2019-08-12 21:44:12.000000",1.0,6.61,1.0,N,234.0,255.0,1.0,21.5,0.5,0.5,5.06,0.0,0.3,30.36,2.5
1.0,"2019-08-12 21:52:33.000000","2019-08-12 22:13:11.000000",1.0,4.7,1.0,N,234.0,255.0,1.0,18.0,3.0,0.5,6.5,0.0,0.3,28.3,2.5
2.0,"2019-08-12 21:35:22.000000","2019-08-12 22:01:22.000000",1.0,4.78,1.0,N,234.0,255.0,2.0,20.0,0.5,0.5,0.0,0.0,0.3,23.8,2.5
1.0,"2019-08-12 21:33:36.000000","2019-08-12 22:02:26.000000",1.0,5.0,1.0,N,234.0,255.0,1.0,22.0,3.0,0.5,3.35,0.0,0.3,29.15,2.5
1.0,"2019-08-12 22:24:11.000000","2019-08-12 22:46:16.000000",1.0,4.9,1.0,N,234.0,255.0,1.0,19.0,3.0,0.5,4.56,0.0,0.3,27.36,2.5
1.0,"2019-08-12 22:01:43.000000","2019-08-12 22:23:07.000000",1.0,4.8,1.0,N,234.0,255.0,1.0,18.0,3.0,0.5,4.35,0.0,0.3,26.15,2.5
1.0,"2019-08-12 22:08:08.000000","2019-08-12 22:29:41.000000",1.0,4.2,1.0,N,234.0,255.0,1.0,17.5,3.0,0.5,2.13,0.0,0.3,23.43,2.5
1.0,"2019-08-12 22:40:01.000000","2019-08-12 23:00:02.000000",1.0,4.3,1.0,N,234.0,255.0,1.0,17.0,3.0,0.5,4.15,0.0,0.3,24.95,2.5
2.0,"2019-08-12 22:47:41.000000","2019-08-12 23:08:39.000000",1.0,4.42,1.0,N,234.0,255.0,1.0,17.5,0.5,0.5,2.0,0.0,0.3,23.3,2.5
2.0,"2019-08-12 22:50:20.000000","2019-08-12 23:13:25.000000",1.0,5.51,1.0,N,234.0,255.0,1.0,20.0,0.5,0.5,4.76,0.0,0.3,28.56,2.5
2.0,"2019-08-12 23:24:15.000000","2019-08-12 23:44:24.000000",2.0,4.57,1.0,N,234.0,255.0,1.0,17.5,0.5,0.5,5.33,0.0,0.3,26.63,2.5
1.0,"2019-08-13 02:10:14.000000","2019-08-13 02:25:58.000000",1.0,4.3,1.0,N,234.0,255.0,1.0,16.0,3.0,0.5,4.95,0.0,0.3,24.75,2.5
2.0,"2019-08-13 10:38:09.000000","2019-08-13 11:12:34.000000",1.0,5.23,1.0,N,234.0,255.0,2.0,24.5,0.0,0.5,0.0,0.0,0.3,27.8,2.5
2.0,"2019-08-13 11:41:28.000000","2019-08-13 12:05:37.000000",1.0,3.94,1.0,N,234.0,255.0,1.0,18.0,0.0,0.5,4.26,0.0,0.3,25.56,2.5
1.0,"2019-08-13 16:56:49.000000","2019-08-13 17:22:21.000000",2.0,4.8,1.0,Y,234.0,255.0,2.0,20.0,3.5,0.5,0.0,0.0,0.3,24.3,2.5
2.0,"2019-08-13 18:27:45.000000","2019-08-13 18:51:53.000000",1.0,4.87,1.0,N,234.0,255.0,1.0,19.5,1.0,0.5,4.76,0.0,0.3,28.56,2.5
1.0,"2019-08-13 18:02:18.000000","2019-08-13 18:31:53.000000",1.0,4.8,1.0,N,234.0,255.0,1.0,21.5,3.5,0.5,6.45,0.0,0.3,32.25,2.5
2.0,"2019-08-13 19:05:02.000000","2019-08-13 19:35:02.000000",1.0,5.47,1.0,N,234.0,255.0,1.0,23.0,1.0,0.5,4.0,0.0,0.3,31.3,2.5
2.0,"2019-08-13 21:38:51.000000","2019-08-13 22:03:12.000000",1.0,4.96,1.0,N,234.0,255.0,1.0,19.5,0.5,0.5,4.66,0.0,0.3,27.96,2.5
2.0,"2019-08-13 21:56:16.000000","2019-08-13 22:15:53.000000",1.0,5.0,1.0,N,234.0,255.0,1.0,18.0,0.5,0.5,6.54,0.0,0.3,28.34,2.5
2.0,"2019-08-13 22:11:03.000000","2019-08-13 22:30:54.000000",5.0,4.77,1.0,N,234.0,255.0,1.0,17.5,0.5,0.5,4.26,0.0,0.3,25.56,2.5
1.0,"2019-08-13 22:30:52.000000","2019-08-13 22:50:05.000000",1.0,4.1,1.0,N,234.0,255.0,1.0,16.5,3.0,0.5,4.05,0.0,0.3,24.35,2.5
1.0,"2019-08-13 22:59:10.000000","2019-08-13 23:18:59.000000",1.0,4.7,1.0,N,234.0,255.0,1.0,17.5,3.0,0.5,4.25,0.0,0.3,25.55,2.5
2.0,"2019-08-13 23:26:28.000000","2019-08-13 23:42:14.000000",3.0,3.85,1.0,N,234.0,255.0,1.0,15.0,0.5,0.5,3.76,0.0,0.3,22.56,2.5
1.0,"2019-08-13 23:48:55.000000","2019-08-14 00:08:27.000000",1.0,4.9,1.0,N,234.0,255.0,1.0,18.0,3.0,0.5,4.35,0.0,0.3,26.15,2.5
1.0,"2019-08-13 23:03:42.000000","2019-08-13 23:22:36.000000",1.0,4.3,1.0,N,234.0,255.0,1.0,17.0,3.0,0.5,4.15,0.0,0.3,24.95,2.5
2.0,"2019-08-13 23:04:36.000000","2019-08-13 23:22:04.000000",5.0,4.47,1.0,N,234.0,255.0,1.0,16.5,0.5,0.5,5.0,0.0,0.3,25.3,2.5
1.0,"2019-08-14 00:13:23.000000","2019-08-14 00:28:26.000000",2.0,4.5,1.0,N,234.0,255.0,1.0,15.0,3.0,0.5,6.2,6.12,0.3,31.12,2.5
2.0,"2019-08-14 00:24:34.000000","2019-08-14 00:49:36.000000",1.0,5.66,1.0,N,234.0,255.0,1.0,21.0,0.5,0.5,4.96,0.0,0.3,29.76,2.5
2.0,"2019-08-14 00:03:59.000000","2019-08-14 00:26:31.000000",2.0,4.49,1.0,N,234.0,255.0,1.0,18.5,0.5,0.5,4.46,0.0,0.3,26.76,2.5
1.0,"2019-08-14 15:05:37.000000","2019-08-14 15:27:37.000000",1.0,3.9,1.0,N,234.0,255.0,1.0,16.5,2.5,0.5,3.95,0.0,0.3,23.75,2.5
2.0,"2019-08-14 19:45:45.000000","2019-08-14 20:14:10.000000",1.0,4.97,1.0,N,234.0,255.0,1.0,21.5,1.0,0.5,5.16,0.0,0.3,30.96,2.5
2.0,"2019-08-14 19:27:37.000000","2019-08-14 19:58:13.000000",1.0,4.48,1.0,N,234.0,255.0,1.0,21.5,1.0,0.5,5.16,0.0,0.3,30.96,2.5
2.0,"2019-08-14 20:55:43.000000","2019-08-14 21:21:27.000000",2.0,5.43,1.0,N,234.0,255.0,1.0,21.0,0.5,0.5,4.96,0.0,0.3,29.76,2.5
1.0,"2019-08-14 21:18:54.000000","2019-08-14 21:44:19.000000",1.0,4.8,1.0,N,234.0,255.0,1.0,19.5,3.0,0.5,4.65,0.0,0.3,27.95,2.5
2.0,"2019-08-14 21:20:06.000000","2019-08-14 21:44:17.000000",2.0,5.34,1.0,N,234.0,255.0,1.0,20.0,0.5,0.5,3.5,0.0,0.3,27.3,2.5
1.0,"2019-08-14 21:59:20.000000","2019-08-14 22:18:04.000000",1.0,4.3,1.0,N,234.0,255.0,1.0,16.5,3.0,0.5,2.0,0.0,0.3,22.3,2.5
2.0,"2019-08-14 21:08:36.000000","2019-08-14 21:37:21.000000",1.0,5.93,1.0,N,234.0,255.0,1.0,23.5,0.5,0.5,5.46,0.0,0.3,32.76,2.5
2.0,"2019-08-14 22:27:43.000000","2019-08-14 22:49:32.000000",4.0,4.43,1.0,N,234.0,255.0,1.0,18.0,0.5,0.5,4.0,0.0,0.3,25.8,2.5
2.0,"2019-08-14 22:11:03.000000","2019-08-14 22:30:44.000000",1.0,4.17,1.0,N,234.0,255.0,1.0,16.5,0.5,0.5,2.03,0.0,0.3,22.33,2.5
2.0,"2019-08-14 22:07:36.000000","2019-08-14 22:29:44.000000",1.0,5.03,1.0,N,234.0,255.0,1.0,18.5,0.5,0.5,6.69,0.0,0.3,28.99,2.5
2.0,"2019-08-14 22:34:45.000000","2019-08-14 23:04:55.000000",1.0,5.47,1.0,N,234.0,255.0,1.0,23.0,0.5,0.5,5.36,0.0,0.3,32.16,2.5
2.0,"2019-08-14 23:30:49.000000","2019-08-14 23:56:14.000000",1.0,4.84,1.0,N,234.0,255.0,1.0,19.5,0.5,0.5,5.82,0.0,0.3,29.12,2.5
2.0,"2019-08-14 23:36:59.000000","2019-08-15 00:06:34.000000",1.0,4.92,1.0,N,234.0,255.0,1.0,21.0,0.5,0.5,7.44,0.0,0.3,32.24,2.5
2.0,"2019-08-15 00:00:05.000000","2019-08-15 00:18:33.000000",1.0,5.03,1.0,N,234.0,255.0,1.0,17.5,0.5,0.5,5.32,0.0,0.3,26.62,2.5
1.0,"2019-08-15 03:18:25.000000","2019-08-15 03:40:06.000000",1.0,6.0,1.0,N,234.0,255.0,1.0,21.0,3.0,0.5,4.95,0.0,0.3,29.75,2.5
2.0,"2019-08-15 10:54:33.000000","2019-08-15 11:23:01.000000",1.0,5.31,1.0,N,234.0,255.0,2.0,22.0,0.0,0.5,0.0,0.0,0.3,25.3,2.5
1.0,"2019-08-15 11:05:28.000000","2019-08-15 11:34:51.000000",2.0,5.1,1.0,N,234.0,255.0,1.0,22.0,2.5,0.5,5.05,0.0,0.3,30.35,2.5
1.0,"2019-08-15 14:25:05.000000","2019-08-15 15:06:02.000000",1.0,5.0,1.0,N,234.0,255.0,1.0,27.5,2.5,0.5,6.15,0.0,0.3,36.95,2.5
2.0,"2019-08-15 16:26:22.000000","2019-08-15 16:57:05.000000",2.0,4.0,1.0,N,234.0,255.0,2.0,21.5,1.0,0.5,0.0,0.0,0.3,25.8,2.5
2.0,"2019-08-15 16:17:45.000000","2019-08-15 16:50:37.000000",2.0,4.78,1.0,N,234.0,255.0,1.0,23.0,1.0,0.5,6.82,0.0,0.3,34.12,2.5
1.0,"2019-08-15 16:52:54.000000","2019-08-15 17:28:51.000000",1.0,5.1,1.0,N,234.0,255.0,1.0,25.0,3.5,0.5,0.0,0.0,0.3,29.3,2.5
2.0,"2019-08-15 17:22:42.000000","2019-08-15 17:54:13.000000",1.0,4.9,1.0,N,234.0,255.0,1.0,22.0,1.0,0.5,5.26,0.0,0.3,31.56,2.5
2.0,"2019-08-15 17:23:18.000000","2019-08-15 17:59:37.000000",1.0,4.54,1.0,N,234.0,255.0,2.0,24.0,1.0,0.5,0.0,0.0,0.3,28.3,2.5
2.0,"2019-08-15 18:57:40.000000","2019-08-15 19:15:59.000000",1.0,4.2,1.0,N,234.0,255.0,1.0,16.0,1.0,0.5,4.06,0.0,0.3,24.36,2.5
2.0,"2019-08-15 18:24:46.000000","2019-08-15 18:50:53.000000",1.0,4.71,1.0,N,234.0,255.0,1.0,20.0,1.0,0.5,6.08,0.0,0.3,30.38,2.5
2.0,"2019-08-15 20:35:39.000000","2019-08-15 21:01:16.000000",1.0,4.95,1.0,N,234.0,255.0,1.0,20.5,0.5,0.5,4.86,0.0,0.3,29.16,2.5
2.0,"2019-08-15 21:50:41.000000","2019-08-15 22:14:33.000000",1.0,4.49,1.0,N,234.0,255.0,1.0,18.5,0.5,0.5,2.0,0.0,0.3,24.3,2.5
2.0,"2019-08-15 21:17:57.000000","2019-08-15 21:44:59.000000",3.0,6.13,1.0,N,234.0,255.0,1.0,23.0,0.5,0.5,6.7,0.0,0.3,33.5,2.5
1.0,"2019-08-15 22:34:54.000000","2019-08-15 22:56:56.000000",1.0,4.5,1.0,N,234.0,255.0,1.0,18.0,3.0,0.5,4.35,0.0,0.3,26.15,2.5
1.0,"2019-08-15 22:19:40.000000","2019-08-15 22:44:12.000000",1.0,5.1,1.0,N,234.0,255.0,1.0,20.0,3.0,0.5,3.0,0.0,0.3,26.8,2.5
1.0,"2019-08-15 23:10:32.000000","2019-08-15 23:31:18.000000",1.0,4.4,1.0,N,234.0,255.0,1.0,17.0,3.0,0.5,4.15,0.0,0.3,24.95,2.5
2.0,"2019-08-15 23:08:22.000000","2019-08-15 23:30:25.000000",1.0,4.59,1.0,N,234.0,255.0,1.0,18.0,0.5,0.5,4.36,0.0,0.3,26.16,2.5
1.0,"2019-08-16 00:01:37.000000","2019-08-16 00:22:15.000000",0.0,4.9,1.0,N,234.0,255.0,1.0,18.0,3.0,0.5,2.0,0.0,0.3,23.8,2.5
2.0,"2019-08-16 13:50:03.000000","2019-08-16 14:19:55.000000",1.0,4.33,1.0,N,234.0,255.0,1.0,21.0,0.0,0.5,4.86,0.0,0.3,29.16,2.5
1.0,"2019-08-16 14:57:44.000000","2019-08-16 15:28:29.000000",1.0,5.0,1.0,N,234.0,255.0,1.0,22.0,2.5,0.5,3.0,0.0,0.3,28.3,2.5
1.0,"2019-08-16 15:26:54.000000","2019-08-16 15:51:56.000000",1.0,4.6,1.0,N,234.0,255.0,1.0,19.5,2.5,0.5,3.0,0.0,0.3,25.8,2.5
2.0,"2019-08-16 17:17:14.000000","2019-08-16 17:40:28.000000",1.0,5.01,1.0,N,234.0,255.0,1.0,19.0,1.0,0.5,4.66,0.0,0.3,27.96,2.5
1.0,"2019-08-16 17:48:11.000000","2019-08-16 18:22:23.000000",1.0,5.1,1.0,Y,234.0,255.0,1.0,24.0,3.5,0.5,5.65,0.0,0.3,33.95,2.5
2.0,"2019-08-16 18:08:40.000000","2019-08-16 18:31:27.000000",1.0,4.86,1.0,N,234.0,255.0,1.0,18.0,1.0,0.5,4.46,0.0,0.3,26.76,2.5
2.0,"2019-08-16 19:52:54.000000","2019-08-16 20:18:05.000000",1.0,4.8,1.0,N,234.0,255.0,1.0,19.5,1.0,0.5,4.76,0.0,0.3,28.56,2.5
2.0,"2019-08-16 20:09:24.000000","2019-08-16 20:44:48.000000",2.0,5.11,1.0,N,234.0,255.0,1.0,24.5,0.5,0.5,4.24,0.0,0.3,32.54,2.5
1.0,"2019-08-16 22:20:39.000000","2019-08-16 22:53:59.000000",1.0,5.7,1.0,N,234.0,255.0,1.0,25.5,3.0,0.5,2.0,0.0,0.3,31.3,2.5
2.0,"2019-08-16 22:37:54.000000","2019-08-16 23:07:42.000000",2.0,4.59,1.0,N,234.0,255.0,1.0,21.5,0.5,0.5,7.59,0.0,0.3,32.89,2.5
1.0,"2019-08-16 22:09:00.000000","2019-08-16 22:36:01.000000",3.0,4.1,1.0,N,234.0,255.0,1.0,20.0,3.0,0.5,4.75,0.0,0.3,28.55,2.5
2.0,"2019-08-16 22:45:06.000000","2019-08-16 23:13:16.000000",5.0,5.47,1.0,N,234.0,255.0,2.0,22.0,0.5,0.5,0.0,0.0,0.3,25.8,2.5
2.0,"2019-08-16 23:28:55.000000","2019-08-16 23:57:41.000000",4.0,4.06,1.0,N,234.0,255.0,1.0,20.0,0.5,0.5,4.76,0.0,0.3,28.56,2.5
1.0,"2019-08-17 09:36:15.000000","2019-08-17 09:54:25.000000",1.0,4.9,1.0,N,234.0,255.0,1.0,17.5,2.5,0.5,2.5,0.0,0.3,23.3,2.5
2.0,"2019-08-17 10:12:19.000000","2019-08-17 10:33:48.000000",1.0,4.6,1.0,N,234.0,255.0,2.0,18.0,0.0,0.5,0.0,0.0,0.3,21.3,2.5
2.0,"2019-08-17 14:20:19.000000","2019-08-17 14:37:44.000000",1.0,3.93,1.0,N,234.0,255.0,1.0,15.5,0.0,0.5,3.76,0.0,0.3,22.56,2.5
2.0,"2019-08-17 17:30:49.000000","2019-08-17 17:58:51.000000",2.0,6.17,1.0,N,234.0,255.0,1.0,24.0,0.0,0.5,5.46,0.0,0.3,32.76,2.5
1.0,"2019-08-17 22:37:44.000000","2019-08-17 23:06:04.000000",2.0,4.8,1.0,N,234.0,255.0,1.0,21.0,3.0,0.5,7.4,0.0,0.3,32.2,2.5
2.0,"2019-08-17 23:33:38.000000","2019-08-17 23:53:35.000000",1.0,4.12,1.0,N,234.0,255.0,1.0,16.5,0.5,0.5,2.0,0.0,0.3,22.3,2.5
2.0,"2019-08-17 23:40:08.000000","2019-08-18 00:01:30.000000",2.0,4.82,1.0,N,234.0,255.0,1.0,18.0,0.5,0.5,5.58,6.12,0.3,33.5,2.5
2.0,"2019-08-17 23:38:46.000000","2019-08-18 00:03:22.000000",1.0,4.88,1.0,N,234.0,255.0,1.0,19.0,0.5,0.5,4.56,0.0,0.3,27.36,2.5
2.0,"2019-08-18 12:47:24.000000","2019-08-18 13:10:31.000000",1.0,4.57,1.0,N,234.0,255.0,1.0,18.5,0.0,0.5,4.36,0.0,0.3,26.16,2.5
2.0,"2019-08-18 14:05:49.000000","2019-08-18 14:25:23.000000",1.0,4.1,1.0,N,234.0,255.0,2.0,16.5,0.0,0.5,0.0,0.0,0.3,19.8,2.5
2.0,"2019-08-18 14:09:04.000000","2019-08-18 14:29:49.000000",1.0,4.65,1.0,N,234.0,255.0,1.0,18.0,0.0,0.5,4.26,0.0,0.3,25.56,2.5
1.0,"2019-08-18 17:30:02.000000","2019-08-18 18:09:47.000000",4.0,4.4,1.0,N,234.0,255.0,1.0,26.0,2.5,0.5,8.75,0.0,0.3,38.05,2.5
2.0,"2019-08-18 18:20:38.000000","2019-08-18 18:49:11.000000",1.0,5.17,1.0,N,234.0,255.0,1.0,21.5,0.0,0.5,4.96,0.0,0.3,29.76,2.5
1.0,"2019-08-18 18:47:23.000000","2019-08-18 19:12:01.000000",2.0,4.2,1.0,N,234.0,255.0,1.0,19.0,2.5,0.5,4.45,0.0,0.3,26.75,2.5
2.0,"2019-08-18 19:23:19.000000","2019-08-18 19:47:43.000000",1.0,4.62,1.0,N,234.0,255.0,2.0,19.0,0.0,0.5,0.0,0.0,0.3,22.3,2.5
1.0,"2019-08-18 19:59:48.000000","2019-08-18 20:29:37.000000",3.0,4.8,1.0,N,234.0,255.0,1.0,21.5,3.0,0.5,5.05,0.0,0.3,30.35,2.5
2.0,"2019-08-19 11:41:19.000000","2019-08-19 12:00:06.000000",6.0,3.67,1.0,N,234.0,255.0,1.0,16.0,0.0,0.5,3.86,0.0,0.3,23.16,2.5
2.0,"2019-08-19 16:02:47.000000","2019-08-19 16:26:52.000000",5.0,4.91,1.0,N,234.0,255.0,1.0,19.5,1.0,0.5,1.0,0.0,0.3,24.8,2.5
2.0,"2019-08-19 18:28:07.000000","2019-08-19 18:53:44.000000",1.0,4.95,1.0,N,234.0,255.0,1.0,20.5,1.0,0.5,4.96,0.0,0.3,29.76,2.5
2.0,"2019-08-19 21:23:42.000000","2019-08-19 21:41:18.000000",4.0,3.93,1.0,N,234.0,255.0,1.0,15.5,0.5,0.5,3.86,0.0,0.3,23.16,2.5
1.0,"2019-08-19 21:46:48.000000","2019-08-19 22:07:27.000000",2.0,4.9,1.0,N,234.0,255.0,1.0,18.0,3.0,0.5,2.18,0.0,0.3,23.98,2.5
1.0,"2019-08-19 22:18:49.000000","2019-08-19 22:38:00.000000",1.0,4.4,1.0,N,234.0,255.0,1.0,17.0,3.0,0.5,4.15,0.0,0.3,24.95,2.5
1.0,"2019-08-19 22:53:59.000000","2019-08-19 23:13:13.000000",1.0,4.4,1.0,N,234.0,255.0,1.0,17.5,3.0,0.5,4.25,0.0,0.3,25.55,2.5
1.0,"2019-08-19 23:11:55.000000","2019-08-19 23:31:11.000000",1.0,4.7,1.0,N,234.0,255.0,1.0,17.0,3.0,0.5,6.2,0.0,0.3,27.0,2.5
2.0,"2019-08-19 23:05:26.000000","2019-08-19 23:20:59.000000",5.0,3.63,1.0,N,234.0,255.0,1.0,14.5,0.5,0.5,3.66,0.0,0.3,21.96,2.5
2.0,"2019-08-20 02:34:56.000000","2019-08-20 02:48:14.000000",1.0,4.27,1.0,N,234.0,255.0,1.0,15.0,0.5,0.5,3.76,0.0,0.3,22.56,2.5
2.0,"2019-08-20 07:18:46.000000","2019-08-20 07:44:53.000000",1.0,5.24,1.0,N,234.0,255.0,1.0,20.5,0.0,0.5,4.76,0.0,0.3,28.56,2.5
2.0,"2019-08-20 12:15:30.000000","2019-08-20 12:40:07.000000",5.0,5.09,1.0,N,234.0,255.0,2.0,20.0,0.0,0.5,0.0,0.0,0.3,23.3,2.5
1.0,"2019-08-20 13:33:00.000000","2019-08-20 13:59:49.000000",1.0,4.7,1.0,N,234.0,255.0,1.0,20.0,2.5,0.5,4.65,0.0,0.3,27.95,2.5
1.0,"2019-08-20 16:29:38.000000","2019-08-20 17:00:26.000000",1.0,5.9,1.0,N,234.0,255.0,1.0,23.5,3.5,0.5,5.55,0.0,0.3,33.35,2.5
2.0,"2019-08-20 18:53:52.000000","2019-08-20 19:20:29.000000",1.0,5.12,1.0,N,234.0,255.0,1.0,20.5,1.0,0.5,4.96,0.0,0.3,29.76,2.5
1.0,"2019-08-20 18:53:55.000000","2019-08-20 19:19:20.000000",2.0,5.0,1.0,N,234.0,255.0,1.0,20.5,3.5,0.5,4.95,0.0,0.3,29.75,2.5
2.0,"2019-08-20 20:25:06.000000","2019-08-20 20:47:24.000000",1.0,4.12,1.0,N,234.0,255.0,1.0,17.5,0.5,0.5,4.0,0.0,0.3,25.3,2.5
2.0,"2019-08-20 20:21:42.000000","2019-08-20 20:48:53.000000",1.0,6.31,1.0,N,234.0,255.0,1.0,23.5,0.5,0.5,5.0,0.0,0.3,32.3,2.5
2.0,"2019-08-20 21:20:11.000000","2019-08-20 21:41:33.000000",1.0,4.45,1.0,N,234.0,255.0,1.0,17.5,0.5,0.5,4.26,0.0,0.3,25.56,2.5
2.0,"2019-08-20 21:46:50.000000","2019-08-20 22:02:42.000000",1.0,3.84,1.0,N,234.0,255.0,1.0,15.0,0.5,0.5,3.76,0.0,0.3,22.56,2.5
2.0,"2019-08-20 21:32:27.000000","2019-08-20 21:51:26.000000",1.0,4.9,1.0,N,234.0,255.0,1.0,17.0,0.5,0.5,5.2,0.0,0.3,26.0,2.5
1.0,"2019-08-20 22:42:29.000000","2019-08-20 22:59:04.000000",1.0,4.0,1.0,N,234.0,255.0,1.0,15.5,3.0,0.5,3.0,0.0,0.3,22.3,2.5
2.0,"2019-08-20 22:27:54.000000","2019-08-20 22:48:47.000000",5.0,5.14,1.0,N,234.0,255.0,1.0,18.5,0.5,0.5,2.2,0.0,0.3,24.5,2.5
1.0,"2019-08-20 23:35:24.000000","2019-08-20 23:56:51.000000",1.0,4.7,1.0,N,234.0,255.0,2.0,18.5,3.0,0.5,0.0,0.0,0.3,22.3,2.5
2.0,"2019-08-21 00:47:53.000000","2019-08-21 01:04:09.000000",1.0,4.62,1.0,N,234.0,255.0,1.0,16.0,0.5,0.5,4.95,0.0,0.3,24.75,2.5
2.0,"2019-08-21 00:42:31.000000","2019-08-21 01:01:47.000000",1.0,5.22,1.0,N,234.0,255.0,1.0,18.0,0.5,0.5,4.36,0.0,0.3,26.16,2.5
1.0,"2019-08-21 07:19:08.000000","2019-08-21 07:41:21.000000",1.0,4.9,1.0,N,234.0,255.0,1.0,19.0,2.5,0.5,4.45,0.0,0.3,26.75,2.5
2.0,"2019-08-21 11:26:53.000000","2019-08-21 11:51:02.000000",1.0,5.35,1.0,N,234.0,255.0,1.0,20.5,0.0,0.5,4.76,0.0,0.3,28.56,2.5
2.0,"2019-08-21 13:50:03.000000","2019-08-21 14:14:29.000000",1.0,4.22,1.0,N,234.0,255.0,1.0,19.0,0.0,0.5,2.0,0.0,0.3,24.3,2.5
2.0,"2019-08-21 14:46:08.000000","2019-08-21 15:09:37.000000",1.0,4.23,1.0,N,234.0,255.0,1.0,18.0,0.0,0.5,4.26,0.0,0.3,25.56,2.5
2.0,"2019-08-21 18:52:33.000000","2019-08-21 19:16:08.000000",5.0,5.27,1.0,N,234.0,255.0,1.0,20.5,1.0,0.5,2.5,0.0,0.3,27.3,2.5
2.0,"2019-08-21 19:54:07.000000","2019-08-21 20:18:20.000000",1.0,4.35,1.0,N,234.0,255.0,1.0,18.5,1.0,0.5,2.0,0.0,0.3,24.8,2.5
2.0,"2019-08-21 19:44:00.000000","2019-08-21 20:05:06.000000",1.0,4.33,1.0,N,234.0,255.0,2.0,17.0,1.0,0.5,0.0,0.0,0.3,21.3,2.5
2.0,"2019-08-21 19:49:20.000000","2019-08-21 20:12:40.000000",1.0,4.58,1.0,N,234.0,255.0,1.0,18.5,1.0,0.5,3.42,0.0,0.3,26.22,2.5
2.0,"2019-08-21 20:14:40.000000","2019-08-21 20:44:30.000000",1.0,5.08,1.0,N,234.0,255.0,1.0,22.0,0.5,0.5,6.45,0.0,0.3,32.25,2.5
2.0,"2019-08-21 21:31:32.000000","2019-08-21 21:55:27.000000",1.0,4.97,1.0,N,234.0,255.0,1.0,19.5,0.5,0.5,5.82,0.0,0.3,29.12,2.5
2.0,"2019-08-21 21:00:43.000000","2019-08-21 21:25:52.000000",6.0,4.65,1.0,N,234.0,255.0,1.0,20.0,0.5,0.5,4.76,0.0,0.3,28.56,2.5
1.0,"2019-08-21 21:08:58.000000","2019-08-21 21:40:01.000000",3.0,6.0,1.0,N,234.0,255.0,1.0,25.0,3.0,0.5,5.75,0.0,0.3,34.55,2.5
2.0,"2019-08-21 21:04:11.000000","2019-08-21 21:24:34.000000",1.0,4.88,1.0,N,234.0,255.0,1.0,18.5,0.5,0.5,4.46,0.0,0.3,26.76,2.5
1.0,"2019-08-21 23:10:44.000000","2019-08-21 23:37:37.000000",1.0,4.6,1.0,N,234.0,255.0,1.0,21.0,3.0,0.5,4.96,0.0,0.3,29.76,2.5
1.0,"2019-08-21 23:21:55.000000","2019-08-21 23:47:02.000000",1.0,5.1,1.0,N,234.0,255.0,1.0,20.0,3.0,0.5,7.1,0.0,0.3,30.9,2.5
2.0,"2019-08-22 00:03:11.000000","2019-08-22 00:29:10.000000",1.0,8.05,1.0,N,234.0,255.0,1.0,25.5,0.5,0.5,5.86,0.0,0.3,35.16,2.5
2.0,"2019-08-22 00:37:44.000000","2019-08-22 00:54:35.000000",1.0,4.73,1.0,N,234.0,255.0,1.0,16.5,0.5,0.5,4.06,0.0,0.3,24.36,2.5
2.0,"2019-08-22 00:57:05.000000","2019-08-22 01:29:56.000000",1.0,6.37,1.0,N,234.0,255.0,1.0,24.5,0.5,0.5,2.83,0.0,0.3,31.13,2.5
1.0,"2019-08-22 03:58:41.000000","2019-08-22 04:11:56.000000",1.0,3.9,1.0,N,234.0,255.0,1.0,14.0,3.0,0.5,3.55,0.0,0.3,21.35,2.5
2.0,"2019-08-22 10:23:16.000000","2019-08-22 10:51:59.000000",2.0,6.1,1.0,N,234.0,255.0,1.0,23.5,0.0,0.5,4.02,0.0,0.3,30.82,2.5
1.0,"2019-08-22 11:18:19.000000","2019-08-22 11:52:31.000000",1.0,4.9,1.0,N,234.0,255.0,1.0,23.0,2.5,0.5,5.25,0.0,0.3,31.55,2.5
1.0,"2019-08-22 14:41:19.000000","2019-08-22 15:15:08.000000",1.0,5.2,1.0,N,234.0,255.0,1.0,24.5,2.5,0.5,5.0,0.0,0.3,32.8,2.5
1.0,"2019-08-22 16:05:04.000000","2019-08-22 16:35:26.000000",1.0,4.7,1.0,N,234.0,255.0,1.0,22.5,3.5,0.5,5.35,0.0,0.3,32.15,2.5
2.0,"2019-08-22 19:04:55.000000","2019-08-22 19:24:17.000000",1.0,4.22,1.0,N,234.0,255.0,1.0,16.5,1.0,0.5,4.16,0.0,0.3,24.96,2.5
2.0,"2019-08-22 20:51:25.000000","2019-08-22 21:19:15.000000",1.0,4.73,1.0,N,234.0,255.0,1.0,20.5,0.5,0.5,3.64,0.0,0.3,29.89,2.5
2.0,"2019-08-22 20:57:05.000000","2019-08-22 21:19:03.000000",1.0,4.23,1.0,N,234.0,255.0,1.0,17.0,0.5,0.5,4.16,0.0,0.3,24.96,2.5
2.0,"2019-08-22 21:59:31.000000","2019-08-22 22:24:05.000000",1.0,5.09,1.0,N,234.0,255.0,1.0,19.0,0.5,0.5,5.0,0.0,0.3,27.8,2.5
1.0,"2019-08-22 22:16:39.000000","2019-08-22 22:45:05.000000",1.0,5.3,1.0,N,234.0,255.0,1.0,21.5,3.0,0.5,5.05,0.0,0.3,30.35,2.5
1.0,"2019-08-22 23:17:46.000000","2019-08-22 23:50:50.000000",1.0,4.7,1.0,N,234.0,255.0,1.0,23.5,3.0,0.5,1.0,0.0,0.3,28.3,2.5
2.0,"2019-08-22 23:51:33.000000","2019-08-23 00:21:25.000000",2.0,5.57,1.0,N,234.0,255.0,1.0,22.5,0.5,0.5,4.0,0.0,0.3,30.3,2.5
2.0,"2019-08-22 23:03:51.000000","2019-08-22 23:28:34.000000",6.0,5.16,1.0,N,234.0,255.0,1.0,20.0,0.5,0.5,4.0,0.0,0.3,27.8,2.5
1.0,"2019-08-22 23:10:42.000000","2019-08-22 23:45:11.000000",1.0,4.9,1.0,N,234.0,255.0,1.0,24.5,3.0,0.5,5.66,0.0,0.3,33.96,2.5
2.0,"2019-08-22 23:53:24.000000","2019-08-23 00:16:06.000000",1.0,4.75,1.0,N,234.0,255.0,1.0,18.5,0.5,0.5,5.58,0.0,0.3,27.88,2.5
2.0,"2019-08-22 23:11:04.000000","2019-08-22 23:51:05.000000",5.0,4.94,1.0,N,234.0,255.0,1.0,27.0,0.5,0.5,2.0,0.0,0.3,32.8,2.5
2.0,"2019-08-22 23:52:22.000000","2019-08-23 00:19:52.000000",5.0,4.53,1.0,N,234.0,255.0,1.0,20.5,0.5,0.5,6.08,0.0,0.3,30.38,2.5
2.0,"2019-08-23 00:32:16.000000","2019-08-23 00:57:44.000000",2.0,5.97,1.0,N,234.0,255.0,1.0,22.5,0.5,0.5,5.26,0.0,0.3,31.56,2.5
2.0,"2019-08-23 00:12:09.000000","2019-08-23 00:41:23.000000",1.0,5.47,1.0,N,234.0,255.0,1.0,22.5,0.5,0.5,5.26,0.0,0.3,31.56,2.5
2.0,"2019-08-23 02:51:06.000000","2019-08-23 03:08:00.000000",1.0,4.77,1.0,N,234.0,255.0,1.0,16.5,0.5,0.5,4.06,0.0,0.3,24.36,2.5
2.0,"2019-08-23 03:12:27.000000","2019-08-23 03:27:37.000000",4.0,4.67,1.0,N,234.0,255.0,1.0,16.5,0.5,0.5,4.06,0.0,0.3,24.36,2.5
2.0,"2019-08-23 15:56:21.000000","2019-08-23 16:22:02.000000",1.0,5.02,1.0,N,234.0,255.0,1.0,19.5,0.0,0.5,5.78,6.12,0.3,34.7,2.5
1.0,"2019-08-23 17:11:45.000000","2019-08-23 17:40:17.000000",1.0,4.6,1.0,N,234.0,255.0,2.0,21.0,3.5,0.5,0.0,0.0,0.3,25.3,2.5
1.0,"2019-08-23 18:45:19.000000","2019-08-23 19:17:07.000000",1.0,4.8,1.0,N,234.0,255.0,1.0,22.5,3.5,0.5,5.35,0.0,0.3,32.15,2.5
2.0,"2019-08-23 18:03:50.000000","2019-08-23 18:38:39.000000",6.0,6.16,1.0,N,234.0,255.0,1.0,26.5,1.0,0.5,6.16,0.0,0.3,36.96,2.5
2.0,"2019-08-23 19:55:23.000000","2019-08-23 20:51:44.000000",2.0,10.29,1.0,N,234.0,255.0,1.0,40.5,1.0,0.5,13.44,0.0,0.3,58.24,2.5
1.0,"2019-08-23 19:41:42.000000","2019-08-23 20:09:10.000000",1.0,5.7,1.0,N,234.0,255.0,1.0,22.5,3.5,0.5,5.35,0.0,0.3,32.15,2.5
1.0,"2019-08-23 20:06:59.000000","2019-08-23 20:32:03.000000",2.0,6.1,1.0,N,234.0,255.0,1.0,22.5,3.0,0.5,2.0,0.0,0.3,28.3,2.5
2.0,"2019-08-23 20:38:57.000000","2019-08-23 21:07:18.000000",1.0,4.86,1.0,N,234.0,255.0,1.0,21.0,0.5,0.5,4.96,0.0,0.3,29.76,2.5
1.0,"2019-08-23 21:02:01.000000","2019-08-23 21:25:45.000000",1.0,4.0,1.0,N,234.0,255.0,1.0,18.0,3.0,0.5,2.0,0.0,0.3,23.8,2.5
2.0,"2019-08-23 22:42:55.000000","2019-08-23 23:17:42.000000",2.0,5.37,1.0,N,234.0,255.0,1.0,24.5,0.5,0.5,5.66,0.0,0.3,33.96,2.5
2.0,"2019-08-24 00:08:56.000000","2019-08-24 00:34:53.000000",6.0,5.06,1.0,N,234.0,255.0,1.0,20.5,0.5,0.5,4.86,0.0,0.3,29.16,2.5
2.0,"2019-08-24 00:41:36.000000","2019-08-24 01:07:33.000000",1.0,4.64,1.0,N,234.0,255.0,1.0,19.0,0.5,0.5,5.7,0.0,0.3,28.5,2.5
1.0,"2019-08-24 03:56:23.000000","2019-08-24 04:16:22.000000",1.0,4.6,1.0,N,234.0,255.0,1.0,17.5,3.0,0.5,4.25,0.0,0.3,25.55,2.5
2.0,"2019-08-24 10:06:44.000000","2019-08-24 10:29:51.000000",1.0,5.29,1.0,N,234.0,255.0,2.0,19.5,0.0,0.5,0.0,0.0,0.3,22.8,2.5
1.0,"2019-08-24 11:04:04.000000","2019-08-24 11:29:06.000000",2.0,4.9,1.0,N,234.0,255.0,2.0,19.5,2.5,0.5,0.0,0.0,0.3,22.8,2.5
2.0,"2019-08-24 13:17:02.000000","2019-08-24 13:38:28.000000",2.0,4.03,1.0,N,234.0,255.0,1.0,17.0,0.0,0.5,3.0,0.0,0.3,23.3,2.5
1.0,"2019-08-24 15:44:58.000000","2019-08-24 16:16:29.000000",1.0,4.8,1.0,N,234.0,255.0,1.0,22.5,2.5,0.5,2.5,0.0,0.3,28.3,2.5
1.0,"2019-08-24 15:09:16.000000","2019-08-24 15:40:14.000000",1.0,7.1,1.0,N,234.0,255.0,1.0,26.5,2.5,0.5,8.9,0.0,0.3,38.7,2.5
1.0,"2019-08-24 15:39:00.000000","2019-08-24 16:18:47.000000",1.0,5.4,1.0,N,234.0,255.0,1.0,27.0,2.5,0.5,6.0,0.0,0.3,36.3,2.5
2.0,"2019-08-24 16:34:24.000000","2019-08-24 17:02:06.000000",2.0,4.52,1.0,N,234.0,255.0,1.0,21.0,0.0,0.5,4.86,0.0,0.3,29.16,2.5
2.0,"2019-08-24 16:26:29.000000","2019-08-24 16:57:27.000000",1.0,4.27,1.0,N,234.0,255.0,1.0,22.5,0.0,0.5,5.16,0.0,0.3,30.96,2.5
2.0,"2019-08-24 17:47:39.000000","2019-08-24 18:16:10.000000",2.0,4.91,1.0,N,234.0,255.0,2.0,22.0,0.0,0.5,0.0,0.0,0.3,25.3,2.5
1.0,"2019-08-24 21:33:13.000000","2019-08-24 21:55:35.000000",2.0,3.6,1.0,N,234.0,255.0,1.0,17.0,3.0,0.5,4.0,0.0,0.3,24.8,2.5
2.0,"2019-08-24 21:38:39.000000","2019-08-24 22:01:52.000000",2.0,4.61,1.0,N,234.0,255.0,2.0,18.0,0.5,0.5,0.0,0.0,0.3,21.8,2.5
2.0,"2019-08-25 08:46:22.000000","2019-08-25 09:04:48.000000",1.0,4.75,1.0,N,234.0,255.0,2.0,17.5,0.0,0.5,0.0,0.0,0.3,20.8,2.5
2.0,"2019-08-25 11:10:56.000000","2019-08-25 11:29:30.000000",1.0,4.27,1.0,N,234.0,255.0,1.0,16.5,0.0,0.5,2.0,0.0,0.3,21.8,2.5
2.0,"2019-08-25 12:26:12.000000","2019-08-25 12:54:59.000000",1.0,5.32,1.0,N,234.0,255.0,1.0,22.0,0.0,0.5,5.06,0.0,0.3,30.36,2.5
2.0,"2019-08-25 15:12:52.000000","2019-08-25 15:35:58.000000",5.0,4.39,1.0,N,234.0,255.0,1.0,18.5,0.0,0.5,4.36,0.0,0.3,26.16,2.5
2.0,"2019-08-25 16:15:20.000000","2019-08-25 16:41:46.000000",1.0,4.53,1.0,N,234.0,255.0,1.0,20.0,0.0,0.5,5.82,0.0,0.3,29.12,2.5
2.0,"2019-08-25 16:51:04.000000","2019-08-25 17:16:13.000000",1.0,4.93,1.0,N,234.0,255.0,1.0,20.0,0.0,0.5,4.66,0.0,0.3,27.96,2.5
1.0,"2019-08-25 17:07:11.000000","2019-08-25 17:32:44.000000",1.0,4.7,1.0,N,234.0,255.0,2.0,19.0,2.5,0.5,0.0,0.0,0.3,22.3,2.5
1.0,"2019-08-25 18:24:05.000000","2019-08-25 18:51:11.000000",1.0,5.1,1.0,N,234.0,255.0,1.0,20.5,2.5,0.5,4.75,0.0,0.3,28.55,2.5
2.0,"2019-08-25 19:01:51.000000","2019-08-25 19:22:32.000000",1.0,4.15,1.0,N,234.0,255.0,1.0,17.0,0.0,0.5,3.0,0.0,0.3,23.3,2.5
1.0,"2019-08-25 22:34:49.000000","2019-08-25 23:00:38.000000",1.0,4.8,1.0,N,234.0,255.0,1.0,20.0,3.0,0.5,4.75,0.0,0.3,28.55,2.5
2.0,"2019-08-25 22:54:35.000000","2019-08-25 23:12:52.000000",2.0,4.32,1.0,N,234.0,255.0,1.0,16.5,0.5,0.5,4.06,0.0,0.3,24.36,2.5
1.0,"2019-08-26 17:46:43.000000","2019-08-26 18:13:01.000000",1.0,5.0,1.0,N,234.0,255.0,2.0,20.5,3.5,0.5,0.0,0.0,0.3,24.8,2.5
2.0,"2019-08-26 17:42:41.000000","2019-08-26 18:08:49.000000",1.0,4.82,1.0,N,234.0,255.0,1.0,20.0,1.0,0.5,4.86,0.0,0.3,29.16,2.5
2.0,"2019-08-26 18:53:16.000000","2019-08-26 19:16:05.000000",2.0,4.71,1.0,N,234.0,255.0,1.0,18.5,1.0,0.5,5.78,6.12,0.3,34.7,2.5
2.0,"2019-08-26 19:42:30.000000","2019-08-26 20:07:11.000000",2.0,5.03,1.0,N,234.0,255.0,1.0,20.0,1.0,0.5,4.86,0.0,0.3,29.16,2.5
2.0,"2019-08-26 21:22:22.000000","2019-08-26 21:43:23.000000",1.0,4.67,1.0,N,234.0,255.0,1.0,18.0,0.5,0.5,4.36,0.0,0.3,26.16,2.5
1.0,"2019-08-26 21:34:19.000000","2019-08-26 21:53:08.000000",2.0,4.4,1.0,N,234.0,255.0,1.0,17.0,3.0,0.5,6.2,0.0,0.3,27.0,2.5
2.0,"2019-08-26 21:13:38.000000","2019-08-26 21:39:41.000000",5.0,5.46,1.0,N,234.0,255.0,1.0,21.0,0.5,0.5,4.96,0.0,0.3,29.76,2.5
2.0,"2019-08-26 23:15:14.000000","2019-08-26 23:35:30.000000",1.0,4.57,1.0,N,234.0,255.0,1.0,17.5,0.5,0.5,2.13,0.0,0.3,23.43,2.5
1.0,"2019-08-27 00:29:35.000000","2019-08-27 00:45:34.000000",2.0,4.8,1.0,N,234.0,255.0,1.0,16.0,3.0,0.5,3.95,0.0,0.3,23.75,2.5
2.0,"2019-08-27 10:30:31.000000","2019-08-27 10:51:19.000000",1.0,3.84,1.0,N,234.0,255.0,1.0,16.5,0.0,0.5,5.94,0.0,0.3,25.74,2.5
1.0,"2019-08-27 12:56:49.000000","2019-08-27 13:26:32.000000",1.0,4.9,1.0,N,234.0,255.0,1.0,22.0,2.5,0.5,3.0,0.0,0.3,28.3,2.5
2.0,"2019-08-27 14:40:44.000000","2019-08-27 15:10:53.000000",5.0,4.59,1.0,N,234.0,255.0,1.0,21.5,0.0,0.5,3.0,0.0,0.3,27.8,2.5
1.0,"2019-08-27 15:10:38.000000","2019-08-27 15:39:36.000000",0.0,4.7,1.0,N,234.0,255.0,1.0,21.0,2.5,0.5,4.85,0.0,0.3,29.15,2.5
1.0,"2019-08-27 17:18:13.000000","2019-08-27 17:57:54.000000",0.0,5.6,1.0,Y,234.0,255.0,3.0,27.5,3.5,0.5,0.0,0.0,0.3,31.8,2.5
2.0,"2019-08-27 18:47:33.000000","2019-08-27 19:13:56.000000",1.0,4.66,1.0,N,234.0,255.0,1.0,20.5,1.0,0.5,4.96,0.0,0.3,29.76,2.5
1.0,"2019-08-27 19:21:26.000000","2019-08-27 19:41:27.000000",1.0,4.4,1.0,N,234.0,255.0,1.0,17.0,3.5,0.5,4.25,0.0,0.3,25.55,2.5
2.0,"2019-08-27 20:33:59.000000","2019-08-27 21:00:51.000000",1.0,4.96,1.0,N,234.0,255.0,1.0,20.5,0.5,0.5,6.08,0.0,0.3,30.38,2.5
2.0,"2019-08-27 20:33:08.000000","2019-08-27 21:02:35.000000",2.0,5.82,1.0,N,234.0,255.0,2.0,22.5,0.5,0.5,0.0,0.0,0.3,26.3,2.5
1.0,"2019-08-27 21:04:45.000000","2019-08-27 21:28:02.000000",1.0,4.7,1.0,N,234.0,255.0,1.0,19.0,3.0,0.5,4.55,0.0,0.3,27.35,2.5
2.0,"2019-08-27 21:13:58.000000","2019-08-27 21:38:38.000000",1.0,5.3,1.0,N,234.0,255.0,1.0,20.0,0.5,0.5,4.76,0.0,0.3,28.56,2.5
2.0,"2019-08-27 21:41:14.000000","2019-08-27 22:05:51.000000",1.0,4.65,1.0,N,234.0,255.0,1.0,19.5,0.5,0.5,4.66,0.0,0.3,27.96,2.5
1.0,"2019-08-27 21:41:28.000000","2019-08-27 22:06:23.000000",1.0,4.8,1.0,N,234.0,255.0,1.0,20.0,3.0,0.5,3.0,0.0,0.3,26.8,2.5
1.0,"2019-08-27 22:39:11.000000","2019-08-27 22:56:06.000000",1.0,4.8,1.0,N,234.0,255.0,1.0,16.0,3.0,0.5,3.0,6.12,0.3,28.92,2.5
2.0,"2019-08-27 22:21:38.000000","2019-08-27 22:49:57.000000",1.0,5.03,1.0,N,234.0,255.0,1.0,22.0,0.5,0.5,5.16,0.0,0.3,30.96,2.5
1.0,"2019-08-27 22:17:58.000000","2019-08-27 22:37:19.000000",1.0,4.1,1.0,N,234.0,255.0,1.0,17.0,3.0,0.5,4.15,0.0,0.3,24.95,2.5
2.0,"2019-08-27 22:12:25.000000","2019-08-27 22:32:52.000000",2.0,4.9,1.0,N,234.0,255.0,2.0,18.0,0.5,0.5,0.0,0.0,0.3,21.8,2.5
1.0,"2019-08-28 01:55:25.000000","2019-08-28 02:10:08.000000",1.0,5.7,1.0,N,234.0,255.0,1.0,18.5,3.0,0.5,4.45,0.0,0.3,26.75,2.5
2.0,"2019-08-28 13:27:33.000000","2019-08-28 14:06:55.000000",6.0,5.78,1.0,N,234.0,255.0,1.0,26.5,0.0,0.5,2.98,0.0,0.3,32.78,2.5
1.0,"2019-08-28 15:26:49.000000","2019-08-28 15:56:59.000000",1.0,6.0,1.0,N,234.0,255.0,1.0,23.5,2.5,0.5,5.35,0.0,0.3,32.15,2.5
2.0,"2019-08-28 17:35:02.000000","2019-08-28 18:14:40.000000",2.0,5.17,1.0,N,234.0,255.0,2.0,26.5,1.0,0.5,0.0,0.0,0.3,30.8,2.5
1.0,"2019-08-28 18:16:15.000000","2019-08-28 18:51:39.000000",0.0,4.4,1.0,N,234.0,255.0,1.0,23.0,3.5,0.5,5.45,0.0,0.3,32.75,2.5
1.0,"2019-08-28 18:26:14.000000","2019-08-28 18:53:43.000000",1.0,5.4,1.0,N,234.0,255.0,1.0,22.0,3.5,0.5,5.25,0.0,0.3,31.55,2.5
1.0,"2019-08-28 20:08:58.000000","2019-08-28 20:37:56.000000",1.0,4.3,1.0,N,234.0,255.0,1.0,20.5,3.0,0.5,1.0,0.0,0.3,25.3,2.5
2.0,"2019-08-28 20:56:38.000000","2019-08-28 21:21:08.000000",1.0,4.35,1.0,N,234.0,255.0,1.0,18.5,0.5,0.5,4.0,0.0,0.3,26.3,2.5
2.0,"2019-08-28 20:18:41.000000","2019-08-28 20:45:42.000000",1.0,4.64,1.0,N,234.0,255.0,1.0,20.0,0.5,0.5,2.0,0.0,0.3,25.8,2.5
1.0,"2019-08-28 22:05:34.000000","2019-08-28 22:26:30.000000",1.0,4.5,1.0,N,234.0,255.0,1.0,17.5,3.0,0.5,1.07,0.0,0.3,22.37,2.5
2.0,"2019-08-28 22:22:35.000000","2019-08-28 22:42:28.000000",1.0,4.91,1.0,N,234.0,255.0,1.0,17.5,0.5,0.5,2.0,0.0,0.3,23.3,2.5
1.0,"2019-08-28 22:33:21.000000","2019-08-28 22:52:21.000000",0.0,4.9,1.0,N,234.0,255.0,1.0,17.5,3.0,0.5,3.0,0.0,0.3,24.3,2.5
1.0,"2019-08-28 23:44:11.000000","2019-08-29 00:00:26.000000",1.0,4.3,1.0,N,234.0,255.0,1.0,16.0,3.0,0.5,3.95,0.0,0.3,23.75,2.5
1.0,"2019-08-28 23:09:10.000000","2019-08-28 23:36:15.000000",1.0,5.4,1.0,N,234.0,255.0,1.0,21.0,3.0,0.5,2.5,0.0,0.3,27.3,2.5
2.0,"2019-08-28 23:13:01.000000","2019-08-28 23:31:28.000000",1.0,5.22,1.0,N,234.0,255.0,2.0,17.5,0.5,0.5,0.0,0.0,0.3,21.3,2.5
2.0,"2019-08-29 01:55:59.000000","2019-08-29 02:15:31.000000",1.0,4.98,1.0,N,234.0,255.0,2.0,18.0,0.5,0.5,0.0,0.0,0.3,21.8,2.5
1.0,"2019-08-29 16:42:28.000000","2019-08-29 17:23:38.000000",1.0,4.5,1.0,N,234.0,255.0,2.0,27.0,3.5,0.5,0.0,0.0,0.3,31.3,2.5
1.0,"2019-08-29 18:40:22.000000","2019-08-29 19:07:04.000000",1.0,4.2,1.0,N,234.0,255.0,1.0,20.0,3.5,0.5,3.0,0.0,0.3,27.3,2.5
1.0,"2019-08-29 18:30:17.000000","2019-08-29 18:58:38.000000",1.0,6.3,1.0,N,234.0,255.0,1.0,23.5,3.5,0.5,5.55,0.0,0.3,33.35,2.5
1.0,"2019-08-29 21:05:30.000000","2019-08-29 21:29:04.000000",2.0,4.5,1.0,Y,234.0,255.0,1.0,19.0,3.0,0.5,4.55,0.0,0.3,27.35,2.5
1.0,"2019-08-29 21:42:52.000000","2019-08-29 22:09:27.000000",2.0,4.8,1.0,N,234.0,255.0,1.0,20.5,3.0,0.5,4.85,0.0,0.3,29.15,2.5
1.0,"2019-08-29 21:51:05.000000","2019-08-29 22:17:24.000000",1.0,4.6,1.0,N,234.0,255.0,1.0,20.0,3.0,0.5,4.75,0.0,0.3,28.55,2.5
2.0,"2019-08-29 21:22:10.000000","2019-08-29 21:51:42.000000",6.0,5.64,1.0,N,234.0,255.0,1.0,23.0,0.5,0.5,5.36,0.0,0.3,32.16,2.5
2.0,"2019-08-29 21:22:25.000000","2019-08-29 21:46:35.000000",1.0,5.01,1.0,N,234.0,255.0,2.0,19.5,0.5,0.5,0.0,0.0,0.3,23.3,2.5
2.0,"2019-08-29 22:21:03.000000","2019-08-29 22:39:24.000000",1.0,4.89,1.0,N,234.0,255.0,1.0,17.0,0.5,0.5,4.16,0.0,0.3,24.96,2.5
2.0,"2019-08-29 22:40:15.000000","2019-08-29 23:02:29.000000",1.0,5.57,1.0,N,234.0,255.0,1.0,20.0,0.5,0.5,5.98,6.12,0.3,35.9,2.5
2.0,"2019-08-29 22:01:57.000000","2019-08-29 22:23:19.000000",1.0,4.91,1.0,N,234.0,255.0,1.0,18.5,0.5,0.5,4.46,0.0,0.3,26.76,2.5
1.0,"2019-08-29 23:35:33.000000","2019-08-29 23:57:39.000000",2.0,4.9,1.0,N,234.0,255.0,1.0,18.0,3.0,0.5,2.0,0.0,0.3,23.8,2.5
2.0,"2019-08-30 01:18:54.000000","2019-08-30 01:37:33.000000",1.0,4.17,1.0,N,234.0,255.0,1.0,17.0,0.5,0.5,4.16,0.0,0.3,24.96,2.5
1.0,"2019-08-30 03:43:15.000000","2019-08-30 04:00:47.000000",1.0,4.7,1.0,N,234.0,255.0,2.0,17.5,3.0,0.5,0.0,0.0,0.3,21.3,2.5
1.0,"2019-08-30 05:43:16.000000","2019-08-30 05:56:50.000000",1.0,4.4,1.0,N,234.0,255.0,1.0,15.0,3.0,0.5,4.7,0.0,0.3,23.5,2.5
2.0,"2019-08-30 13:31:12.000000","2019-08-30 13:58:06.000000",1.0,5.0,1.0,N,234.0,255.0,1.0,20.5,0.0,0.5,4.76,0.0,0.3,28.56,2.5
1.0,"2019-08-30 15:43:48.000000","2019-08-30 16:16:26.000000",1.0,4.8,1.0,N,234.0,255.0,1.0,23.0,2.5,0.5,5.25,0.0,0.3,31.55,2.5
2.0,"2019-08-30 15:48:41.000000","2019-08-30 16:19:40.000000",1.0,4.26,1.0,N,234.0,255.0,1.0,21.0,0.0,0.5,0.0,0.0,0.3,24.3,2.5
2.0,"2019-08-30 18:42:28.000000","2019-08-30 19:13:03.000000",5.0,3.89,1.0,N,234.0,255.0,1.0,21.0,1.0,0.5,5.06,0.0,0.3,30.36,2.5
2.0,"2019-08-30 18:50:30.000000","2019-08-30 19:14:19.000000",1.0,4.06,1.0,N,234.0,255.0,1.0,18.0,1.0,0.5,4.46,0.0,0.3,26.76,2.5
1.0,"2019-08-30 18:47:07.000000","2019-08-30 19:18:07.000000",1.0,4.3,1.0,N,234.0,255.0,1.0,22.0,3.5,0.5,3.0,0.0,0.3,29.3,2.5
2.0,"2019-08-30 18:46:16.000000","2019-08-30 19:12:53.000000",1.0,4.31,1.0,N,234.0,255.0,1.0,19.5,1.0,0.5,5.95,0.0,0.3,29.75,2.5
2.0,"2019-08-30 18:49:05.000000","2019-08-30 19:20:08.000000",1.0,4.24,1.0,N,234.0,255.0,1.0,22.0,1.0,0.5,5.26,0.0,0.3,31.56,2.5
1.0,"2019-08-30 18:20:45.000000","2019-08-30 18:40:51.000000",1.0,4.6,1.0,N,234.0,255.0,1.0,17.5,3.5,0.5,3.0,0.0,0.3,24.8,2.5
1.0,"2019-08-30 18:59:18.000000","2019-08-30 19:29:12.000000",1.0,4.2,1.0,N,234.0,255.0,1.0,21.5,3.5,0.5,5.15,0.0,0.3,30.95,2.5
2.0,"2019-08-30 18:55:58.000000","2019-08-30 19:17:16.000000",1.0,3.61,1.0,N,234.0,255.0,1.0,16.5,1.0,0.5,4.16,0.0,0.3,24.96,2.5
1.0,"2019-08-30 18:10:39.000000","2019-08-30 18:31:19.000000",1.0,4.1,1.0,N,234.0,255.0,1.0,17.0,3.5,0.5,1.0,0.0,0.3,22.3,2.5
2.0,"2019-08-30 18:58:21.000000","2019-08-30 19:24:40.000000",1.0,4.31,1.0,N,234.0,255.0,1.0,19.5,1.0,0.5,4.76,0.0,0.3,28.56,2.5
2.0,"2019-08-30 19:27:47.000000","2019-08-30 20:09:50.000000",6.0,4.25,1.0,N,234.0,255.0,1.0,26.5,1.0,0.5,6.16,0.0,0.3,36.96,2.5
2.0,"2019-08-30 19:14:12.000000","2019-08-30 19:50:19.000000",2.0,5.64,1.0,N,234.0,255.0,1.0,25.5,1.0,0.5,5.96,0.0,0.3,35.76,2.5
1.0,"2019-08-30 19:03:12.000000","2019-08-30 19:30:09.000000",1.0,4.1,1.0,N,234.0,255.0,2.0,19.5,3.5,0.5,0.0,0.0,0.3,23.8,2.5
1.0,"2019-08-30 19:53:08.000000","2019-08-30 20:19:19.000000",1.0,3.9,1.0,N,234.0,255.0,1.0,19.0,3.5,0.5,4.65,0.0,0.3,27.95,2.5
2.0,"2019-08-30 19:15:32.000000","2019-08-30 19:48:59.000000",1.0,4.23,1.0,N,234.0,255.0,1.0,22.5,1.0,0.5,5.36,0.0,0.3,32.16,2.5
2.0,"2019-08-30 19:17:54.000000","2019-08-30 19:51:08.000000",1.0,4.02,1.0,N,234.0,255.0,1.0,22.5,1.0,0.5,5.0,0.0,0.3,31.8,2.5
1.0,"2019-08-30 19:17:43.000000","2019-08-30 19:55:09.000000",1.0,4.0,1.0,N,234.0,255.0,1.0,24.5,3.5,0.5,0.0,0.0,0.3,28.8,2.5
2.0,"2019-08-30 19:48:22.000000","2019-08-30 20:29:15.000000",1.0,5.15,1.0,N,234.0,255.0,1.0,27.0,1.0,0.5,6.26,0.0,0.3,37.56,2.5
1.0,"2019-08-30 20:36:23.000000","2019-08-30 21:05:17.000000",1.0,4.5,1.0,Y,234.0,255.0,1.0,21.0,3.0,0.5,2.0,0.0,0.3,26.8,2.5
2.0,"2019-08-30 20:50:52.000000","2019-08-30 21:16:51.000000",5.0,3.94,1.0,N,234.0,255.0,1.0,19.0,0.5,0.5,5.7,0.0,0.3,28.5,2.5
1.0,"2019-08-30 20:32:11.000000","2019-08-30 20:57:52.000000",1.0,4.0,1.0,N,234.0,255.0,1.0,19.0,3.0,0.5,3.0,0.0,0.3,25.8,2.5
2.0,"2019-08-30 20:07:57.000000","2019-08-30 20:40:03.000000",1.0,4.09,1.0,N,234.0,255.0,1.0,22.0,0.5,0.5,5.16,0.0,0.3,30.96,2.5
2.0,"2019-08-30 20:27:21.000000","2019-08-30 20:54:12.000000",1.0,4.08,1.0,N,234.0,255.0,1.0,19.5,0.5,0.5,4.66,0.0,0.3,27.96,2.5
1.0,"2019-08-30 20:17:42.000000","2019-08-30 20:41:06.000000",1.0,3.4,1.0,N,234.0,255.0,1.0,17.5,3.0,0.5,4.25,0.0,0.3,25.55,2.5
2.0,"2019-08-30 21:05:48.000000","2019-08-30 21:27:53.000000",1.0,4.03,1.0,N,234.0,255.0,1.0,18.0,0.5,0.5,2.0,0.0,0.3,23.8,2.5
1.0,"2019-08-30 22:32:14.000000","2019-08-30 22:56:30.000000",1.0,4.0,1.0,Y,234.0,255.0,1.0,18.0,3.0,0.5,6.5,0.0,0.3,28.3,2.5
2.0,"2019-08-30 23:41:10.000000","2019-08-31 00:08:57.000000",1.0,5.39,1.0,N,234.0,255.0,1.0,23.0,0.5,0.5,5.36,0.0,0.3,32.16,2.5
1.0,"2019-08-30 23:09:59.000000","2019-08-30 23:34:08.000000",1.0,5.4,1.0,N,234.0,255.0,1.0,20.0,3.0,0.5,0.0,6.12,0.3,29.92,2.5
1.0,"2019-08-30 23:41:04.000000","2019-08-31 00:05:16.000000",1.0,4.3,1.0,N,234.0,255.0,1.0,18.5,3.0,0.5,1.0,0.0,0.3,23.3,2.5
2.0,"2019-08-31 00:52:13.000000","2019-08-31 01:16:51.000000",1.0,4.68,1.0,N,234.0,255.0,1.0,19.0,0.5,0.5,1.0,0.0,0.3,23.8,2.5
2.0,"2019-08-31 00:32:17.000000","2019-08-31 00:50:58.000000",1.0,4.43,1.0,N,234.0,255.0,1.0,16.5,0.5,0.5,5.08,0.0,0.3,25.38,2.5
2.0,"2019-08-31 01:03:16.000000","2019-08-31 01:20:18.000000",1.0,4.25,1.0,N,234.0,255.0,1.0,16.0,0.5,0.5,2.0,0.0,0.3,21.8,2.5
1.0,"2019-08-31 01:47:54.000000","2019-08-31 02:07:52.000000",1.0,4.2,1.0,N,234.0,255.0,1.0,17.5,3.0,0.5,4.0,0.0,0.3,25.3,2.5
2.0,"2019-08-31 02:56:29.000000","2019-08-31 03:18:33.000000",1.0,5.77,1.0,N,234.0,255.0,1.0,21.0,0.5,0.5,4.96,0.0,0.3,29.76,2.5
2.0,"2019-08-31 08:11:38.000000","2019-08-31 08:33:57.000000",1.0,5.09,1.0,N,234.0,255.0,1.0,20.0,0.0,0.5,5.82,0.0,0.3,29.12,2.5
2.0,"2019-08-31 09:26:14.000000","2019-08-31 09:41:26.000000",1.0,4.06,1.0,N,234.0,255.0,2.0,15.0,0.0,0.5,0.0,0.0,0.3,18.3,2.5
2.0,"2019-08-31 11:19:50.000000","2019-08-31 11:38:48.000000",1.0,4.21,1.0,N,234.0,255.0,1.0,16.5,0.0,0.5,2.97,0.0,0.3,22.77,2.5
2.0,"2019-08-31 13:47:45.000000","2019-08-31 14:10:18.000000",1.0,4.92,1.0,N,234.0,255.0,1.0,19.0,0.0,0.5,2.0,0.0,0.3,24.3,2.5
2.0,"2019-08-31 14:09:48.000000","2019-08-31 14:36:34.000000",3.0,6.79,1.0,N,234.0,255.0,1.0,23.0,0.0,0.5,7.89,0.0,0.3,34.19,2.5
1.0,"2019-08-31 15:50:26.000000","2019-08-31 16:14:19.000000",2.0,4.5,1.0,N,234.0,255.0,1.0,19.5,2.5,0.5,4.55,0.0,0.3,27.35,2.5
2.0,"2019-08-31 15:03:54.000000","2019-08-31 15:23:21.000000",1.0,4.95,1.0,N,234.0,255.0,1.0,17.5,0.0,0.5,5.2,0.0,0.3,26.0,2.5
1.0,"2019-08-31 17:43:09.000000","2019-08-31 18:04:36.000000",2.0,4.4,1.0,N,234.0,255.0,1.0,17.5,2.5,0.5,4.15,0.0,0.3,24.95,2.5
2.0,"2019-08-31 18:17:27.000000","2019-08-31 18:46:51.000000",2.0,5.54,1.0,N,234.0,255.0,1.0,23.5,0.0,0.5,3.0,0.0,0.3,29.8,2.5
2.0,"2019-08-31 19:49:07.000000","2019-08-31 20:08:36.000000",1.0,6.25,1.0,N,234.0,255.0,1.0,20.5,0.0,0.5,4.76,0.0,0.3,28.56,2.5
2.0,"2019-08-31 19:29:50.000000","2019-08-31 19:55:54.000000",6.0,5.47,1.0,N,234.0,255.0,2.0,21.0,0.0,0.5,0.0,0.0,0.3,24.3,2.5
2.0,"2019-08-31 20:01:20.000000","2019-08-31 20:26:40.000000",1.0,4.21,1.0,N,234.0,255.0,1.0,19.5,0.0,0.5,2.5,0.0,0.3,25.3,2.5
2.0,"2019-08-31 20:12:35.000000","2019-08-31 20:37:23.000000",1.0,5.26,1.0,N,234.0,255.0,2.0,19.5,0.5,0.5,0.0,0.0,0.3,23.3,2.5
2.0,"2019-08-31 20:57:07.000000","2019-08-31 21:25:54.000000",1.0,4.7,1.0,N,234.0,255.0,2.0,21.5,0.5,0.5,0.0,0.0,0.3,25.3,2.5
2.0,"2019-08-31 21:19:27.000000","2019-08-31 21:41:55.000000",1.0,4.44,1.0,N,234.0,255.0,1.0,18.5,0.5,0.5,4.0,0.0,0.3,26.3,2.5
,"2019-08-01 21:14:00.000000","2019-08-01 21:39:00.000000",,4.87,,,234.0,255.0,,25.45,2.75,0.5,0.0,0.0,0.3,29.0,0.0
