2.0,"2019-08-01 00:32:51.000000","2019-08-01 00:51:42.000000",2.0,4.06,1.0,N,234.0,256.0,1.0,16.5,0.5,0.5,2.0,0.0,0.3,22.3,2.5
1.0,"2019-08-01 00:10:05.000000","2019-08-01 00:30:17.000000",1.0,4.0,1.0,N,234.0,256.0,1.0,17.0,3.0,0.5,4.15,0.0,0.3,24.95,2.5
1.0,"2019-08-01 00:05:39.000000","2019-08-01 00:22:35.000000",1.0,3.9,1.0,N,234.0,256.0,1.0,15.0,3.0,0.5,0.88,0.0,0.3,19.68,2.5
2.0,"2019-08-01 00:31:58.000000","2019-08-01 00:49:22.000000",3.0,4.23,1.0,N,234.0,256.0,1.0,16.0,0.5,0.5,3.5,0.0,0.3,23.3,2.5
2.0,"2019-08-01 17:07:14.000000","2019-08-01 17:35:24.000000",1.0,4.18,1.0,N,234.0,256.0,1.0,21.0,1.0,0.5,5.06,0.0,0.3,30.36,2.5
2.0,"2019-08-01 17:48:42.000000","2019-08-01 18:17:24.000000",1.0,3.68,1.0,N,234.0,256.0,1.0,20.0,1.0,0.5,2.43,0.0,0.3,26.73,2.5
2.0,"2019-08-01 17:28:53.000000","2019-08-01 17:56:39.000000",1.0,3.58,1.0,N,234.0,256.0,1.0,20.0,1.0,0.5,6.08,0.0,0.3,30.38,2.5
1.0,"2019-08-01 18:13:27.000000","2019-08-01 18:49:30.000000",1.0,4.4,1.0,N,234.0,256.0,3.0,24.0,3.5,0.5,0.0,0.0,0.3,28.3,2.5
2.0,"2019-08-01 14:24:20.000000","2019-08-01 15:00:48.000000",1.0,3.74,1.0,N,234.0,256.0,1.0,23.5,1.0,0.5,2.0,0.0,0.3,29.8,2.5
2.0,"2019-08-01 18:22:31.000000","2019-08-01 18:53:16.000000",1.0,3.65,1.0,N,234.0,256.0,1.0,21.0,1.0,0.5,5.06,0.0,0.3,30.36,2.5
1.0,"2019-08-01 18:14:55.000000","2019-08-01 18:42:40.000000",1.0,3.8,1.0,N,234.0,256.0,1.0,20.5,3.5,0.5,4.95,0.0,0.3,29.75,2.5
2.0,"2019-08-01 19:33:09.000000","2019-08-01 19:55:00.000000",1.0,4.0,1.0,N,234.0,256.0,1.0,17.5,1.0,0.5,2.18,0.0,0.3,23.98,2.5
1.0,"2019-08-01 20:14:56.000000","2019-08-01 20:37:37.000000",1.0,6.6,1.0,N,234.0,256.0,1.0,22.5,3.0,0.5,5.84,6.12,0.3,38.26,2.5
2.0,"2019-08-01 21:48:12.000000","2019-08-01 22:07:53.000000",2.0,4.15,1.0,N,234.0,256.0,1.0,16.5,0.5,0.5,3.75,0.0,0.3,24.05,2.5
1.0,"2019-08-01 22:16:21.000000","2019-08-01 22:40:54.000000",1.0,4.3,1.0,N,234.0,256.0,1.0,19.0,3.0,0.5,3.0,0.0,0.3,25.8,2.5
1.0,"2019-08-01 22:56:51.000000","2019-08-01 23:15:14.000000",1.0,4.3,1.0,N,234.0,256.0,1.0,16.5,3.0,0.5,4.05,0.0,0.3,24.35,2.5
2.0,"2019-08-01 23:03:29.000000","2019-08-01 23:25:23.000000",4.0,4.13,1.0,N,234.0,256.0,1.0,17.0,0.5,0.5,3.0,0.0,0.3,23.8,2.5
1.0,"2019-08-01 23:50:26.000000","2019-08-02 00:11:48.000000",1.0,4.5,1.0,N,234.0,256.0,1.0,18.0,3.0,0.5,4.35,0.0,0.3,26.15,2.5
2.0,"2019-08-01 23:30:16.000000","2019-08-01 23:47:01.000000",1.0,3.88,1.0,N,234.0,256.0,1.0,15.0,0.5,0.5,3.76,0.0,0.3,22.56,2.5
1.0,"2019-08-01 23:19:04.000000","2019-08-01 23:39:02.000000",1.0,4.5,1.0,N,234.0,256.0,1.0,17.5,3.0,0.5,5.3,0.0,0.3,26.6,2.5
2.0,"2019-08-02 01:01:58.000000","2019-08-02 01:17:51.000000",1.0,3.93,1.0,N,234.0,256.0,1.0,15.0,0.5,0.5,3.76,0.0,0.3,22.56,2.5
2.0,"2019-08-02 01:26:52.000000","2019-08-02 01:41:58.000000",1.0,5.38,1.0,N,234.0,256.0,1.0,17.5,0.5,0.5,1.0,0.0,0.3,22.3,2.5
2.0,"2019-08-02 02:43:39.000000","2019-08-02 03:00:18.000000",2.0,3.82,1.0,N,234.0,256.0,1.0,15.5,0.5,0.5,3.86,0.0,0.3,23.16,2.5
2.0,"2019-08-02 02:02:57.000000","2019-08-02 02:22:53.000000",4.0,4.11,1.0,N,234.0,256.0,1.0,17.0,0.5,0.5,2.08,0.0,0.3,22.88,2.5
2.0,"2019-08-02 03:18:14.000000","2019-08-02 03:35:29.000000",1.0,4.09,1.0,N,234.0,256.0,1.0,16.0,0.5,0.5,2.0,0.0,0.3,21.8,2.5
1.0,"2019-08-02 06:15:30.000000","2019-08-02 06:24:15.000000",1.0,3.3,1.0,N,234.0,256.0,1.0,11.5,2.5,0.5,2.95,0.0,0.3,17.75,2.5
2.0,"2019-08-02 12:18:01.000000","2019-08-02 12:50:28.000000",1.0,6.34,1.0,N,234.0,256.0,1.0,25.5,0.0,0.5,0.0,0.0,0.3,28.8,2.5
2.0,"2019-08-02 13:11:42.000000","2019-08-02 13:36:20.000000",1.0,4.29,1.0,N,234.0,256.0,1.0,18.5,0.0,0.5,4.36,0.0,0.3,26.16,2.5
1.0,"2019-08-02 14:16:24.000000","2019-08-02 14:38:38.000000",1.0,3.4,1.0,N,234.0,256.0,1.0,17.0,2.5,0.5,3.0,0.0,0.3,23.3,2.5
1.0,"2019-08-02 15:50:12.000000","2019-08-02 16:10:45.000000",1.0,4.0,1.0,N,234.0,256.0,1.0,16.5,2.5,0.5,2.0,0.0,0.3,21.8,2.5
2.0,"2019-08-02 16:57:53.000000","2019-08-02 17:17:43.000000",5.0,3.56,1.0,N,234.0,256.0,1.0,16.5,1.0,0.5,4.0,0.0,0.3,24.8,2.5
2.0,"2019-08-02 17:41:14.000000","2019-08-02 18:08:34.000000",1.0,4.24,1.0,N,234.0,256.0,2.0,19.5,1.0,0.5,0.0,0.0,0.3,23.8,2.5
2.0,"2019-08-02 19:17:17.000000","2019-08-02 19:34:23.000000",1.0,3.64,1.0,N,234.0,256.0,2.0,15.0,1.0,0.5,0.0,0.0,0.3,19.3,2.5
2.0,"2019-08-02 20:49:44.000000","2019-08-02 21:13:09.000000",1.0,3.84,1.0,N,234.0,256.0,1.0,17.5,0.5,0.5,4.26,0.0,0.3,25.56,2.5
2.0,"2019-08-02 22:38:18.000000","2019-08-02 22:58:04.000000",1.0,4.09,1.0,N,234.0,256.0,1.0,16.5,0.5,0.5,4.06,0.0,0.3,24.36,2.5
2.0,"2019-08-02 23:23:26.000000","2019-08-02 23:47:47.000000",3.0,3.86,1.0,N,234.0,256.0,1.0,18.5,0.5,0.5,4.46,0.0,0.3,26.76,2.5
1.0,"2019-08-03 01:18:39.000000","2019-08-03 01:39:19.000000",2.0,4.8,1.0,N,234.0,256.0,1.0,18.0,3.0,0.5,2.0,0.0,0.3,23.8,2.5
2.0,"2019-08-03 01:17:24.000000","2019-08-03 01:33:00.000000",2.0,3.78,1.0,N,234.0,256.0,1.0,14.5,0.5,0.5,3.66,0.0,0.3,21.96,2.5
1.0,"2019-08-03 05:21:07.000000","2019-08-03 05:36:02.000000",1.0,4.1,1.0,N,234.0,256.0,1.0,15.0,3.0,0.5,3.75,0.0,0.3,22.55,2.5
2.0,"2019-08-03 12:19:28.000000","2019-08-03 12:43:39.000000",1.0,4.32,1.0,N,234.0,256.0,1.0,19.0,0.0,0.5,3.0,0.0,0.3,25.3,2.5
1.0,"2019-08-03 13:53:32.000000","2019-08-03 14:15:17.000000",1.0,4.8,1.0,N,234.0,256.0,1.0,19.0,2.5,0.5,2.0,0.0,0.3,24.3,2.5
2.0,"2019-08-03 13:27:20.000000","2019-08-03 13:52:33.000000",3.0,4.29,1.0,N,234.0,256.0,1.0,19.0,0.0,0.5,3.0,0.0,0.3,25.3,2.5
2.0,"2019-08-03 14:42:33.000000","2019-08-03 15:06:11.000000",1.0,4.06,1.0,N,234.0,256.0,1.0,18.0,0.0,0.5,4.26,0.0,0.3,25.56,2.5
2.0,"2019-08-03 21:40:04.000000","2019-08-03 22:08:56.000000",1.0,4.41,1.0,N,234.0,256.0,1.0,21.0,0.5,0.5,1.24,0.0,0.3,26.04,2.5
2.0,"2019-08-03 22:31:59.000000","2019-08-03 22:55:04.000000",1.0,3.55,1.0,N,234.0,256.0,1.0,17.0,0.5,0.5,4.16,0.0,0.3,24.96,2.5
1.0,"2019-08-04 00:40:44.000000","2019-08-04 01:02:18.000000",1.0,4.0,1.0,N,234.0,256.0,1.0,17.5,3.0,0.5,3.5,0.0,0.3,24.8,2.5
2.0,"2019-08-04 02:08:47.000000","2019-08-04 02:28:11.000000",1.0,4.1,1.0,N,234.0,256.0,1.0,16.5,0.5,0.5,3.0,0.0,0.3,23.3,2.5
2.0,"2019-08-04 02:03:20.000000","2019-08-04 02:22:14.000000",1.0,5.28,1.0,N,234.0,256.0,1.0,19.5,0.5,0.5,4.66,0.0,0.3,27.96,2.5
2.0,"2019-08-04 12:59:02.000000","2019-08-04 13:19:05.000000",1.0,4.92,1.0,N,234.0,256.0,1.0,19.0,0.0,0.5,1.0,0.0,0.3,23.3,2.5
1.0,"2019-08-04 16:48:17.000000","2019-08-04 17:11:20.000000",2.0,3.9,1.0,N,234.0,256.0,1.0,18.0,2.5,0.5,4.0,0.0,0.3,25.3,2.5
1.0,"2019-08-04 19:24:37.000000","2019-08-04 19:53:58.000000",1.0,5.3,1.0,N,234.0,256.0,1.0,23.5,2.5,0.5,5.35,0.0,0.3,32.15,2.5
2.0,"2019-08-04 19:48:55.000000","2019-08-04 20:12:48.000000",1.0,4.36,1.0,N,234.0,256.0,1.0,18.5,0.0,0.5,4.36,0.0,0.3,26.16,2.5
1.0,"2019-08-04 20:09:32.000000","2019-08-04 20:34:16.000000",1.0,4.5,1.0,N,234.0,256.0,2.0,19.0,3.0,0.5,0.0,0.0,0.3,22.8,2.5
2.0,"2019-08-04 23:47:51.000000","2019-08-05 00:04:04.000000",5.0,3.72,1.0,N,234.0,256.0,1.0,15.0,0.5,0.5,3.76,0.0,0.3,22.56,2.5
2.0,"2019-08-05 10:31:41.000000","2019-08-05 11:01:57.000000",1.0,6.16,1.0,N,234.0,256.0,2.0,24.0,0.0,0.5,0.0,0.0,0.3,27.3,2.5
1.0,"2019-08-05 12:36:01.000000","2019-08-05 13:01:40.000000",1.0,4.3,1.0,N,234.0,256.0,1.0,20.0,2.5,0.5,0.0,0.0,0.3,23.3,2.5
2.0,"2019-08-05 16:15:21.000000","2019-08-05 16:40:36.000000",5.0,3.78,1.0,N,234.0,256.0,1.0,18.5,1.0,0.5,4.56,0.0,0.3,27.36,2.5
2.0,"2019-08-05 18:03:50.000000","2019-08-05 18:28:46.000000",1.0,4.63,1.0,N,234.0,256.0,2.0,19.5,1.0,0.5,0.0,0.0,0.3,23.8,2.5
2.0,"2019-08-05 18:30:12.000000","2019-08-05 18:54:41.000000",1.0,4.29,1.0,N,234.0,256.0,1.0,19.0,1.0,0.5,3.5,0.0,0.3,26.8,2.5
1.0,"2019-08-05 18:42:46.000000","2019-08-05 19:02:13.000000",1.0,4.0,1.0,N,234.0,256.0,1.0,16.0,3.5,0.5,4.05,0.0,0.3,24.35,2.5
1.0,"2019-08-05 20:40:04.000000","2019-08-05 21:00:57.000000",1.0,4.0,1.0,N,234.0,256.0,1.0,17.0,3.0,0.5,2.0,0.0,0.3,22.8,2.5
2.0,"2019-08-05 22:47:12.000000","2019-08-05 23:04:24.000000",1.0,3.9,1.0,N,234.0,256.0,1.0,15.5,0.5,0.5,3.86,0.0,0.3,23.16,2.5
2.0,"2019-08-05 23:29:07.000000","2019-08-05 23:49:19.000000",1.0,4.9,1.0,N,234.0,256.0,1.0,18.0,0.5,0.5,2.0,0.0,0.3,23.8,2.5
2.0,"2019-08-05 23:46:34.000000","2019-08-06 00:02:39.000000",5.0,3.91,1.0,N,234.0,256.0,2.0,14.5,0.5,0.5,0.0,0.0,0.3,18.3,2.5
2.0,"2019-08-06 01:57:19.000000","2019-08-06 02:11:25.000000",1.0,4.41,1.0,N,234.0,256.0,1.0,15.5,0.5,0.5,3.86,0.0,0.3,23.16,2.5
1.0,"2019-08-06 12:04:29.000000","2019-08-06 12:23:01.000000",1.0,3.8,1.0,N,234.0,256.0,3.0,16.0,2.5,0.5,0.0,0.0,0.3,19.3,2.5
1.0,"2019-08-06 14:26:12.000000","2019-08-06 14:55:40.000000",0.0,4.2,1.0,N,234.0,256.0,1.0,21.0,2.5,0.5,4.85,0.0,0.3,29.15,2.5
1.0,"2019-08-06 15:24:52.000000","2019-08-06 15:49:33.000000",1.0,3.7,1.0,N,234.0,256.0,1.0,18.0,2.5,0.5,3.0,0.0,0.3,24.3,2.5
2.0,"2019-08-06 16:04:57.000000","2019-08-06 16:39:06.000000",2.0,4.57,1.0,N,234.0,256.0,2.0,24.0,1.0,0.5,0.0,0.0,0.3,28.3,2.5
1.0,"2019-08-06 18:58:37.000000","2019-08-06 19:19:20.000000",1.0,4.1,1.0,N,234.0,256.0,1.0,17.0,3.5,0.5,4.25,0.0,0.3,25.55,2.5
1.0,"2019-08-06 18:55:01.000000","2019-08-06 19:21:10.000000",1.0,3.8,1.0,N,234.0,256.0,1.0,19.0,3.5,0.5,4.65,0.0,0.3,27.95,2.5
2.0,"2019-08-06 18:29:50.000000","2019-08-06 18:46:14.000000",1.0,3.19,1.0,N,234.0,256.0,1.0,14.5,1.0,0.5,3.76,0.0,0.3,22.56,2.5
1.0,"2019-08-06 19:34:25.000000","2019-08-06 20:10:35.000000",1.0,4.9,1.0,N,234.0,256.0,2.0,23.5,3.5,0.5,0.0,0.0,0.3,27.8,2.5
2.0,"2019-08-06 19:11:56.000000","2019-08-06 19:38:05.000000",2.0,4.23,1.0,N,234.0,256.0,1.0,19.5,1.0,0.5,2.38,0.0,0.3,28.13,2.5
2.0,"2019-08-06 20:47:24.000000","2019-08-06 21:12:26.000000",1.0,4.24,1.0,N,234.0,256.0,1.0,18.5,0.5,0.5,4.46,0.0,0.3,26.76,2.5
2.0,"2019-08-06 20:29:34.000000","2019-08-06 20:50:45.000000",1.0,4.31,1.0,N,234.0,256.0,1.0,17.5,0.5,0.5,5.32,0.0,0.3,26.62,2.5
2.0,"2019-08-06 21:24:48.000000","2019-08-06 21:48:37.000000",1.0,3.94,1.0,N,234.0,256.0,1.0,18.0,0.5,0.5,4.0,0.0,0.3,25.8,2.5
2.0,"2019-08-06 21:41:40.000000","2019-08-06 22:02:06.000000",1.0,3.95,1.0,N,234.0,256.0,1.0,17.0,0.5,0.5,6.24,0.0,0.3,27.04,2.5
2.0,"2019-08-06 21:35:34.000000","2019-08-06 22:01:45.000000",1.0,4.38,1.0,N,234.0,256.0,1.0,20.0,0.5,0.5,4.76,0.0,0.3,28.56,2.5
1.0,"2019-08-06 21:48:04.000000","2019-08-06 22:06:09.000000",1.0,3.7,1.0,N,234.0,256.0,1.0,16.0,3.0,0.5,0.0,0.0,0.3,19.8,2.5
2.0,"2019-08-06 22:56:48.000000","2019-08-06 23:29:27.000000",5.0,4.09,1.0,N,234.0,256.0,1.0,22.5,0.5,0.5,6.58,0.0,0.3,32.88,2.5
1.0,"2019-08-06 23:13:29.000000","2019-08-06 23:37:44.000000",1.0,4.4,1.0,N,234.0,256.0,1.0,18.5,3.0,0.5,3.35,0.0,0.3,25.65,2.5
2.0,"2019-08-06 23:18:44.000000","2019-08-06 23:44:18.000000",1.0,4.15,1.0,N,234.0,256.0,1.0,18.5,0.5,0.5,4.46,0.0,0.3,26.76,2.5
1.0,"2019-08-07 00:22:38.000000","2019-08-07 00:36:57.000000",3.0,3.7,1.0,N,234.0,256.0,1.0,14.0,3.0,0.5,3.55,0.0,0.3,21.35,2.5
1.0,"2019-08-07 05:05:53.000000","2019-08-07 05:17:54.000000",1.0,3.6,1.0,N,234.0,256.0,1.0,13.5,3.0,0.5,4.3,0.0,0.3,21.6,2.5
1.0,"2019-08-07 11:33:00.000000","2019-08-07 11:54:29.000000",1.0,3.8,1.0,Y,234.0,256.0,2.0,17.0,2.5,0.5,0.0,0.0,0.3,20.3,2.5
2.0,"2019-08-07 12:03:48.000000","2019-08-07 12:33:28.000000",6.0,4.62,1.0,N,234.0,256.0,1.0,22.0,0.0,0.5,3.8,0.0,0.3,29.1,2.5
2.0,"2019-08-07 12:48:39.000000","2019-08-07 13:07:40.000000",1.0,3.43,1.0,N,234.0,256.0,2.0,16.0,0.0,0.5,0.0,0.0,0.3,19.3,2.5
2.0,"2019-08-07 20:43:57.000000","2019-08-07 21:03:35.000000",1.0,5.05,1.0,N,234.0,256.0,1.0,18.0,0.5,0.5,4.36,0.0,0.3,26.16,2.5
1.0,"2019-08-07 20:50:06.000000","2019-08-07 21:11:37.000000",1.0,3.8,1.0,N,234.0,256.0,1.0,17.0,3.0,0.5,4.15,0.0,0.3,24.95,2.5
1.0,"2019-08-07 20:45:58.000000","2019-08-07 21:07:26.000000",1.0,3.8,1.0,N,234.0,256.0,1.0,17.0,3.0,0.5,4.15,0.0,0.3,24.95,2.5
2.0,"2019-08-07 21:27:53.000000","2019-08-07 21:52:03.000000",1.0,4.0,1.0,N,234.0,256.0,1.0,18.5,0.5,0.5,4.46,0.0,0.3,26.76,2.5
2.0,"2019-08-07 21:50:14.000000","2019-08-07 22:12:48.000000",1.0,4.07,1.0,N,234.0,256.0,1.0,17.5,0.5,0.5,4.26,0.0,0.3,25.56,2.5
2.0,"2019-08-07 21:46:26.000000","2019-08-07 22:09:06.000000",4.0,3.82,1.0,N,234.0,256.0,1.0,17.0,0.5,0.5,4.16,0.0,0.3,24.96,2.5
2.0,"2019-08-07 21:58:51.000000","2019-08-07 22:15:15.000000",4.0,4.07,1.0,N,234.0,256.0,1.0,15.5,0.5,0.5,4.82,0.0,0.3,24.12,2.5
2.0,"2019-08-07 21:40:00.000000","2019-08-08 21:35:30.000000",1.0,4.5,1.0,N,234.0,256.0,1.0,18.0,0.5,0.5,4.36,0.0,0.3,26.16,2.5
2.0,"2019-08-07 22:11:09.000000","2019-08-07 22:30:55.000000",1.0,4.08,1.0,N,234.0,256.0,1.0,17.0,0.5,0.5,4.16,0.0,0.3,24.96,2.5
2.0,"2019-08-07 22:30:51.000000","2019-08-07 22:49:17.000000",1.0,4.41,1.0,N,234.0,256.0,1.0,16.5,0.5,0.5,4.06,0.0,0.3,24.36,2.5
2.0,"2019-08-07 22:00:37.000000","2019-08-07 22:21:58.000000",4.0,4.27,1.0,N,234.0,256.0,1.0,17.5,0.5,0.5,4.26,0.0,0.3,25.56,2.5
1.0,"2019-08-07 23:49:33.000000","2019-08-08 00:03:46.000000",1.0,3.6,1.0,N,234.0,256.0,1.0,13.5,3.0,0.5,3.0,0.0,0.3,20.3,2.5
2.0,"2019-08-08 00:33:27.000000","2019-08-08 00:53:50.000000",1.0,4.42,1.0,N,234.0,256.0,1.0,17.5,0.5,0.5,4.26,0.0,0.3,25.56,2.5
2.0,"2019-08-08 00:36:54.000000","2019-08-08 00:53:24.000000",1.0,4.28,1.0,N,234.0,256.0,1.0,16.0,0.5,0.5,3.96,0.0,0.3,23.76,2.5
2.0,"2019-08-07 23:58:21.000000","2019-08-08 00:11:54.000000",1.0,3.97,1.0,N,234.0,256.0,1.0,14.0,0.5,0.5,3.56,0.0,0.3,21.36,2.5
1.0,"2019-08-08 10:20:13.000000","2019-08-08 10:47:53.000000",1.0,3.7,1.0,Y,234.0,256.0,1.0,19.5,2.5,0.5,4.55,0.0,0.3,27.35,2.5
1.0,"2019-08-08 13:55:32.000000","2019-08-08 14:32:05.000000",1.0,4.6,1.0,N,234.0,256.0,1.0,24.5,2.5,0.5,4.17,0.0,0.3,31.97,2.5
1.0,"2019-08-08 14:33:35.000000","2019-08-08 14:59:49.000000",1.0,4.4,1.0,N,234.0,256.0,2.0,20.0,2.5,0.5,0.0,0.0,0.3,23.3,2.5
1.0,"2019-08-08 16:28:11.000000","2019-08-08 16:56:38.000000",1.0,4.0,1.0,Y,234.0,256.0,1.0,20.5,3.5,0.5,4.95,0.0,0.3,29.75,2.5
1.0,"2019-08-08 18:58:02.000000","2019-08-08 19:28:15.000000",1.0,4.4,1.0,N,234.0,256.0,1.0,21.5,1.0,0.5,0.0,0.0,0.3,23.3,0.0
2.0,"2019-08-08 18:43:20.000000","2019-08-08 19:05:45.000000",2.0,3.77,1.0,N,234.0,256.0,1.0,17.5,1.0,0.5,4.36,0.0,0.3,26.16,2.5
2.0,"2019-08-08 18:33:37.000000","2019-08-08 18:57:18.000000",1.0,3.86,1.0,N,234.0,256.0,1.0,18.5,1.0,0.5,5.7,0.0,0.3,28.5,2.5
1.0,"2019-08-08 19:32:06.000000","2019-08-08 19:57:24.000000",1.0,5.4,1.0,Y,234.0,256.0,1.0,21.5,3.5,0.5,5.15,0.0,0.3,30.95,2.5
2.0,"2019-08-08 21:50:37.000000","2019-08-08 22:11:23.000000",1.0,3.77,1.0,N,234.0,256.0,1.0,17.0,0.5,0.5,4.16,0.0,0.3,24.96,2.5
1.0,"2019-08-08 22:51:44.000000","2019-08-08 23:13:22.000000",1.0,3.8,1.0,N,234.0,256.0,1.0,17.0,3.0,0.5,4.15,0.0,0.3,24.95,2.5
1.0,"2019-08-08 23:10:07.000000","2019-08-08 23:33:02.000000",1.0,4.9,1.0,N,234.0,256.0,1.0,19.0,3.0,0.5,4.55,0.0,0.3,27.35,2.5
1.0,"2019-08-08 23:42:31.000000","2019-08-09 00:13:46.000000",0.0,4.4,1.0,N,234.0,256.0,1.0,22.5,3.0,0.5,4.0,0.0,0.3,30.3,2.5
1.0,"2019-08-08 23:57:51.000000","2019-08-09 00:18:08.000000",2.0,4.6,1.0,N,234.0,256.0,1.0,18.0,3.0,0.5,4.35,0.0,0.3,26.15,2.5
2.0,"2019-08-09 00:21:12.000000","2019-08-09 00:37:52.000000",1.0,4.28,1.0,N,234.0,256.0,1.0,16.0,0.5,0.5,3.96,0.0,0.3,23.76,2.5
2.0,"2019-08-09 01:14:31.000000","2019-08-09 01:30:56.000000",1.0,3.63,1.0,N,234.0,256.0,2.0,15.5,0.5,0.5,0.0,0.0,0.3,19.3,2.5
1.0,"2019-08-09 01:16:18.000000","2019-08-09 01:34:10.000000",1.0,4.4,1.0,N,234.0,256.0,2.0,16.5,3.0,0.5,0.0,0.0,0.3,20.3,2.5
2.0,"2019-08-09 02:15:32.000000","2019-08-09 02:35:06.000000",1.0,4.36,1.0,N,234.0,256.0,1.0,17.0,0.5,0.5,3.0,0.0,0.3,23.8,2.5
1.0,"2019-08-09 12:00:24.000000","2019-08-09 12:25:19.000000",1.0,4.5,1.0,N,234.0,256.0,1.0,19.5,2.5,0.5,4.55,0.0,0.3,27.35,2.5
2.0,"2019-08-09 15:24:49.000000","2019-08-09 15:44:13.000000",1.0,3.94,1.0,N,234.0,256.0,2.0,16.0,0.0,0.5,0.0,0.0,0.3,19.3,2.5
1.0,"2019-08-09 17:01:03.000000","2019-08-09 17:27:58.000000",1.0,4.2,1.0,N,234.0,256.0,1.0,20.0,3.5,0.5,4.86,0.0,0.3,29.16,2.5
1.0,"2019-08-09 19:45:55.000000","2019-08-09 20:04:00.000000",2.0,3.8,1.0,N,234.0,256.0,1.0,15.0,3.5,0.5,3.86,0.0,0.3,23.16,2.5
2.0,"2019-08-09 19:40:23.000000","2019-08-09 20:01:32.000000",5.0,4.28,1.0,N,234.0,256.0,2.0,17.5,1.0,0.5,0.0,0.0,0.3,21.8,2.5
1.0,"2019-08-09 21:52:30.000000","2019-08-09 22:16:43.000000",1.0,4.5,1.0,N,234.0,256.0,1.0,19.0,3.0,0.5,4.55,0.0,0.3,27.35,2.5
2.0,"2019-08-09 21:08:17.000000","2019-08-09 21:29:28.000000",2.0,4.2,1.0,N,234.0,256.0,1.0,17.0,0.5,0.5,4.16,0.0,0.3,24.96,2.5
1.0,"2019-08-09 21:38:20.000000","2019-08-09 22:03:45.000000",1.0,4.1,1.0,N,234.0,256.0,1.0,19.0,3.0,0.5,3.42,0.0,0.3,26.22,2.5
1.0,"2019-08-09 22:39:16.000000","2019-08-09 22:59:48.000000",2.0,3.6,1.0,N,234.0,256.0,1.0,16.5,3.0,0.5,4.05,0.0,0.3,24.35,2.5
2.0,"2019-08-09 23:52:47.000000","2019-08-10 00:16:31.000000",2.0,4.24,1.0,N,234.0,256.0,2.0,18.0,0.5,0.5,0.0,0.0,0.3,21.8,2.5
2.0,"2019-08-09 22:57:09.000000","2019-08-09 23:16:01.000000",1.0,3.24,1.0,N,234.0,256.0,1.0,15.0,0.5,0.5,4.7,0.0,0.3,23.5,2.5
1.0,"2019-08-10 00:59:41.000000","2019-08-10 01:17:35.000000",1.0,3.9,1.0,N,234.0,256.0,2.0,16.0,3.0,0.5,0.0,0.0,0.3,19.8,2.5
2.0,"2019-08-10 00:50:49.000000","2019-08-10 01:12:23.000000",6.0,4.15,1.0,N,234.0,256.0,1.0,17.0,0.5,0.5,5.2,0.0,0.3,26.0,2.5
2.0,"2019-08-10 00:28:58.000000","2019-08-10 00:46:00.000000",1.0,3.58,1.0,N,234.0,256.0,1.0,15.0,0.5,0.5,3.76,0.0,0.3,22.56,2.5
1.0,"2019-08-10 01:52:58.000000","2019-08-10 02:12:33.000000",1.0,4.4,1.0,Y,234.0,256.0,1.0,17.5,3.0,0.5,1.7,0.0,0.3,23.0,2.5
2.0,"2019-08-10 10:52:23.000000","2019-08-10 11:06:38.000000",1.0,3.79,1.0,N,234.0,256.0,1.0,14.0,0.0,0.5,3.46,0.0,0.3,20.76,2.5
1.0,"2019-08-10 10:39:57.000000","2019-08-10 11:00:47.000000",1.0,3.9,1.0,N,234.0,256.0,1.0,17.5,2.5,0.5,4.15,0.0,0.3,24.95,2.5
2.0,"2019-08-10 16:20:16.000000","2019-08-10 16:41:35.000000",1.0,4.25,1.0,N,234.0,256.0,1.0,17.5,0.0,0.5,4.16,0.0,0.3,24.96,2.5
1.0,"2019-08-10 19:42:44.000000","2019-08-10 20:01:17.000000",1.0,3.8,1.0,N,234.0,256.0,1.0,15.5,2.5,0.5,3.75,0.0,0.3,22.55,2.5
2.0,"2019-08-10 19:00:36.000000","2019-08-10 19:29:41.000000",1.0,4.25,1.0,N,234.0,256.0,1.0,21.0,0.0,0.5,4.86,0.0,0.3,29.16,2.5
1.0,"2019-08-10 22:57:18.000000","2019-08-10 23:25:48.000000",1.0,4.4,1.0,N,234.0,256.0,1.0,21.0,3.0,0.5,3.0,0.0,0.3,27.8,2.5
1.0,"2019-08-10 23:42:03.000000","2019-08-11 00:04:13.000000",1.0,3.9,1.0,N,234.0,256.0,1.0,17.5,3.0,0.5,4.25,0.0,0.3,25.55,2.5
2.0,"2019-08-10 23:30:10.000000","2019-08-10 23:49:41.000000",6.0,3.92,1.0,N,234.0,256.0,1.0,16.5,0.5,0.5,4.06,0.0,0.3,24.36,2.5
2.0,"2019-08-11 01:58:01.000000","2019-08-11 02:17:56.000000",2.0,4.39,1.0,N,234.0,256.0,1.0,17.0,0.5,0.5,4.16,0.0,0.3,24.96,2.5
2.0,"2019-08-11 03:58:06.000000","2019-08-11 04:10:47.000000",1.0,3.67,1.0,N,234.0,256.0,1.0,13.5,0.5,0.5,4.0,0.0,0.3,21.3,2.5
2.0,"2019-08-11 10:56:59.000000","2019-08-11 11:15:45.000000",1.0,4.13,1.0,N,234.0,256.0,1.0,16.5,0.0,0.5,3.96,0.0,0.3,23.76,2.5
1.0,"2019-08-11 15:57:24.000000","2019-08-11 16:16:14.000000",1.0,4.0,1.0,N,234.0,256.0,2.0,16.5,2.5,0.5,0.0,0.0,0.3,19.8,2.5
2.0,"2019-08-11 15:02:21.000000","2019-08-11 15:23:53.000000",1.0,4.33,1.0,N,234.0,256.0,2.0,18.5,0.0,0.5,0.0,0.0,0.3,21.8,2.5
2.0,"2019-08-11 16:18:58.000000","2019-08-11 16:38:56.000000",5.0,3.99,1.0,N,234.0,256.0,1.0,16.5,0.0,0.5,1.0,0.0,0.3,20.8,2.5
2.0,"2019-08-11 18:37:30.000000","2019-08-11 19:04:18.000000",1.0,4.24,1.0,N,234.0,256.0,1.0,19.5,0.0,0.5,4.56,0.0,0.3,27.36,2.5
2.0,"2019-08-11 18:07:48.000000","2019-08-11 18:30:00.000000",1.0,5.33,1.0,N,234.0,256.0,2.0,19.5,0.0,0.5,0.0,0.0,0.3,22.8,2.5
2.0,"2019-08-11 21:38:02.000000","2019-08-11 21:59:27.000000",1.0,4.56,1.0,N,234.0,256.0,1.0,18.0,0.0,0.5,4.26,0.0,0.3,25.56,2.5
2.0,"2019-08-11 22:12:19.000000","2019-08-11 22:29:36.000000",1.0,4.5,1.0,N,234.0,256.0,1.0,16.5,0.5,0.5,1.0,0.0,0.3,21.3,2.5
2.0,"2019-08-12 06:23:06.000000","2019-08-12 06:38:23.000000",1.0,4.54,1.0,N,234.0,256.0,4.0,-16.0,0.0,-0.5,1.0,0.0,-0.3,-18.3,-2.5
2.0,"2019-08-12 06:23:06.000000","2019-08-12 06:38:23.000000",1.0,4.54,1.0,N,234.0,256.0,2.0,16.0,0.0,0.5,0.0,0.0,0.3,19.3,2.5
1.0,"2019-08-12 18:50:52.000000","2019-08-12 19:13:22.000000",1.0,4.2,1.0,N,234.0,256.0,1.0,18.0,3.5,0.5,4.45,0.0,0.3,26.75,2.5
2.0,"2019-08-12 18:51:49.000000","2019-08-12 19:07:19.000000",2.0,3.89,1.0,N,234.0,256.0,1.0,14.5,1.0,0.5,3.76,0.0,0.3,22.56,2.5
2.0,"2019-08-12 19:48:58.000000","2019-08-12 20:05:31.000000",1.0,4.17,1.0,N,234.0,256.0,1.0,15.5,1.0,0.5,3.96,0.0,0.3,23.76,2.5
1.0,"2019-08-12 22:21:42.000000","2019-08-12 22:38:27.000000",3.0,4.0,1.0,N,234.0,256.0,1.0,15.5,3.0,0.5,4.0,0.0,0.3,23.3,2.5
1.0,"2019-08-12 22:34:35.000000","2019-08-12 22:48:39.000000",1.0,3.2,1.0,N,234.0,256.0,1.0,13.5,3.0,0.5,3.45,0.0,0.3,20.75,2.5
2.0,"2019-08-12 22:09:03.000000","2019-08-12 22:24:42.000000",1.0,4.01,1.0,N,234.0,256.0,1.0,15.5,0.5,0.5,3.86,0.0,0.3,23.16,2.5
1.0,"2019-08-12 23:04:33.000000","2019-08-12 23:24:21.000000",1.0,3.8,1.0,N,234.0,256.0,1.0,16.5,3.0,0.5,4.05,0.0,0.3,24.35,2.5
2.0,"2019-08-13 01:57:48.000000","2019-08-13 02:12:26.000000",5.0,3.8,1.0,N,234.0,256.0,1.0,14.5,0.5,0.5,4.0,0.0,0.3,22.3,2.5
2.0,"2019-08-13 01:48:05.000000","2019-08-13 02:01:43.000000",1.0,3.82,1.0,N,234.0,256.0,2.0,14.5,0.5,0.5,0.0,0.0,0.3,18.3,2.5
2.0,"2019-08-13 08:06:03.000000","2019-08-13 08:34:09.000000",1.0,5.44,1.0,N,234.0,256.0,1.0,23.0,0.0,0.5,2.89,0.0,0.3,29.19,2.5
2.0,"2019-08-13 13:51:59.000000","2019-08-13 14:08:17.000000",2.0,3.28,1.0,N,234.0,256.0,2.0,14.0,0.0,0.5,0.0,0.0,0.3,17.3,2.5
1.0,"2019-08-13 14:42:26.000000","2019-08-13 15:01:31.000000",1.0,4.1,1.0,N,234.0,256.0,1.0,17.0,2.5,0.5,4.05,0.0,0.3,24.35,2.5
1.0,"2019-08-13 15:02:40.000000","2019-08-13 15:22:00.000000",1.0,4.4,1.0,N,234.0,256.0,1.0,17.0,2.5,0.5,4.05,0.0,0.3,24.35,2.5
2.0,"2019-08-13 15:18:39.000000","2019-08-13 15:44:40.000000",1.0,4.04,1.0,N,234.0,256.0,1.0,19.5,0.0,0.5,4.56,0.0,0.3,27.36,2.5
1.0,"2019-08-13 16:19:18.000000","2019-08-13 16:41:28.000000",0.0,4.3,1.0,N,234.0,256.0,1.0,18.5,3.5,0.5,1.14,0.0,0.3,23.94,2.5
1.0,"2019-08-13 18:51:47.000000","2019-08-13 19:07:50.000000",1.0,3.5,1.0,N,234.0,256.0,1.0,14.0,3.5,0.5,3.65,0.0,0.3,21.95,2.5
1.0,"2019-08-13 19:37:57.000000","2019-08-13 19:59:27.000000",1.0,4.1,1.0,N,234.0,256.0,1.0,17.5,3.5,0.5,4.35,0.0,0.3,26.15,2.5
2.0,"2019-08-13 20:41:53.000000","2019-08-13 20:58:35.000000",6.0,4.17,1.0,N,234.0,256.0,1.0,15.5,0.5,0.5,3.86,0.0,0.3,23.16,2.5
1.0,"2019-08-13 22:03:28.000000","2019-08-13 22:23:44.000000",0.0,4.2,1.0,N,234.0,256.0,1.0,17.0,3.0,0.5,4.15,0.0,0.3,24.95,2.5
2.0,"2019-08-13 23:39:29.000000","2019-08-13 23:57:31.000000",1.0,4.07,1.0,N,234.0,256.0,1.0,16.5,0.5,0.5,4.06,0.0,0.3,24.36,2.5
1.0,"2019-08-13 23:56:56.000000","2019-08-14 00:15:31.000000",1.0,4.7,1.0,N,234.0,256.0,1.0,18.0,3.0,0.5,4.36,0.0,0.3,26.16,2.5
2.0,"2019-08-13 23:47:02.000000","2019-08-14 00:02:03.000000",5.0,3.94,1.0,N,234.0,256.0,1.0,15.0,0.5,0.5,3.76,0.0,0.3,22.56,2.5
1.0,"2019-08-14 00:01:52.000000","2019-08-14 00:22:48.000000",1.0,4.7,1.0,N,234.0,256.0,1.0,18.5,3.0,0.5,5.55,0.0,0.3,27.85,2.5
2.0,"2019-08-14 14:16:39.000000","2019-08-14 14:36:39.000000",1.0,4.04,1.0,N,234.0,256.0,1.0,16.5,0.0,0.5,3.0,0.0,0.3,22.8,2.5
2.0,"2019-08-14 16:59:46.000000","2019-08-14 17:27:18.000000",1.0,4.15,1.0,N,234.0,256.0,1.0,20.0,1.0,0.5,3.64,0.0,0.3,27.94,2.5
2.0,"2019-08-14 18:56:00.000000","2019-08-14 19:16:56.000000",1.0,3.78,1.0,N,234.0,256.0,1.0,17.0,1.0,0.5,1.08,0.0,0.3,22.38,2.5
2.0,"2019-08-14 18:46:56.000000","2019-08-14 19:11:18.000000",1.0,4.12,1.0,N,234.0,256.0,1.0,19.0,1.0,0.5,4.66,0.0,0.3,27.96,2.5
1.0,"2019-08-14 19:50:17.000000","2019-08-14 20:13:50.000000",1.0,4.4,1.0,N,234.0,256.0,1.0,18.5,3.0,0.5,2.23,0.0,0.3,24.53,2.5
1.0,"2019-08-14 20:07:41.000000","2019-08-14 20:32:51.000000",2.0,4.7,1.0,N,234.0,256.0,1.0,19.5,3.0,0.5,4.65,0.0,0.3,27.95,2.5
2.0,"2019-08-14 20:28:34.000000","2019-08-14 20:51:03.000000",5.0,3.75,1.0,N,234.0,256.0,2.0,17.0,0.5,0.5,0.0,0.0,0.3,20.8,2.5
2.0,"2019-08-14 20:06:44.000000","2019-08-14 20:24:51.000000",1.0,4.0,1.0,N,234.0,256.0,1.0,15.5,0.5,0.5,3.0,0.0,0.3,22.3,2.5
1.0,"2019-08-14 22:12:46.000000","2019-08-14 22:32:29.000000",1.0,4.4,1.0,Y,234.0,256.0,1.0,17.0,3.0,0.5,4.15,0.0,0.3,24.95,2.5
2.0,"2019-08-14 23:59:17.000000","2019-08-15 00:19:56.000000",1.0,4.44,1.0,N,234.0,256.0,1.0,18.0,0.5,0.5,3.27,0.0,0.3,25.07,2.5
2.0,"2019-08-14 23:31:45.000000","2019-08-14 23:50:41.000000",6.0,4.24,1.0,N,234.0,256.0,1.0,16.5,0.5,0.5,3.0,0.0,0.3,23.3,2.5
2.0,"2019-08-15 11:03:11.000000","2019-08-15 11:29:17.000000",1.0,4.21,1.0,N,234.0,256.0,1.0,19.5,0.0,0.5,4.56,0.0,0.3,27.36,2.5
2.0,"2019-08-15 12:20:08.000000","2019-08-15 12:57:49.000000",5.0,5.47,1.0,N,234.0,256.0,1.0,25.0,0.0,0.5,3.0,0.0,0.3,31.3,2.5
1.0,"2019-08-15 14:44:05.000000","2019-08-15 15:06:21.000000",1.0,3.9,1.0,N,234.0,256.0,1.0,17.5,2.5,0.5,4.15,0.0,0.3,24.95,2.5
1.0,"2019-08-15 17:24:51.000000","2019-08-15 17:58:58.000000",2.0,4.6,1.0,N,234.0,256.0,1.0,24.0,3.5,0.5,5.65,0.0,0.3,33.95,2.5
1.0,"2019-08-15 18:17:08.000000","2019-08-15 18:39:14.000000",1.0,4.2,1.0,N,234.0,256.0,1.0,17.5,3.5,0.5,4.35,0.0,0.3,26.15,2.5
2.0,"2019-08-15 19:49:46.000000","2019-08-15 20:11:27.000000",1.0,4.22,1.0,N,234.0,256.0,1.0,17.5,1.0,0.5,5.45,0.0,0.3,27.25,2.5
2.0,"2019-08-15 19:21:54.000000","2019-08-15 19:47:51.000000",2.0,4.16,1.0,N,234.0,256.0,1.0,19.0,1.0,0.5,4.0,0.0,0.3,27.3,2.5
1.0,"2019-08-15 21:59:26.000000","2019-08-15 22:23:23.000000",1.0,4.5,1.0,N,234.0,256.0,1.0,19.0,3.0,0.5,5.7,0.0,0.3,28.5,2.5
1.0,"2019-08-15 22:14:24.000000","2019-08-15 22:48:15.000000",1.0,4.0,1.0,N,234.0,256.0,2.0,18.5,3.0,0.5,0.0,0.0,0.3,22.3,2.5
1.0,"2019-08-15 23:43:22.000000","2019-08-16 00:02:14.000000",1.0,4.3,1.0,N,234.0,256.0,1.0,16.5,3.0,0.5,2.0,0.0,0.3,22.3,2.5
2.0,"2019-08-15 23:49:29.000000","2019-08-16 00:11:19.000000",1.0,4.6,1.0,N,234.0,256.0,1.0,18.5,0.5,0.5,4.46,0.0,0.3,26.76,2.5
2.0,"2019-08-16 00:10:18.000000","2019-08-16 00:26:04.000000",1.0,4.14,1.0,N,234.0,256.0,1.0,15.0,0.5,0.5,3.76,0.0,0.3,22.56,2.5
1.0,"2019-08-16 02:24:48.000000","2019-08-16 02:41:17.000000",2.0,4.1,1.0,N,234.0,256.0,2.0,16.0,3.0,0.5,0.0,0.0,0.3,19.8,2.5
2.0,"2019-08-16 11:54:22.000000","2019-08-16 12:26:55.000000",1.0,4.72,1.0,N,234.0,256.0,1.0,23.0,0.0,0.5,5.26,0.0,0.3,31.56,2.5
2.0,"2019-08-16 14:21:43.000000","2019-08-16 14:38:56.000000",1.0,3.58,1.0,N,234.0,256.0,1.0,14.5,0.0,0.5,3.56,0.0,0.3,21.36,2.5
1.0,"2019-08-16 14:19:15.000000","2019-08-16 14:40:24.000000",1.0,4.1,1.0,N,234.0,256.0,1.0,17.0,2.5,0.5,4.05,0.0,0.3,24.35,2.5
2.0,"2019-08-16 15:15:49.000000","2019-08-16 15:36:39.000000",1.0,3.89,1.0,N,234.0,256.0,1.0,16.5,0.0,0.5,3.96,0.0,0.3,23.76,2.5
2.0,"2019-08-16 15:16:41.000000","2019-08-16 15:40:45.000000",3.0,5.36,1.0,N,234.0,256.0,2.0,21.0,0.0,0.5,0.0,0.0,0.3,24.3,2.5
2.0,"2019-08-16 15:04:42.000000","2019-08-16 15:23:18.000000",2.0,4.07,1.0,N,234.0,256.0,1.0,16.0,0.0,0.5,3.0,0.0,0.3,22.3,2.5
2.0,"2019-08-16 15:46:46.000000","2019-08-16 16:05:51.000000",1.0,3.75,1.0,N,234.0,256.0,1.0,16.0,0.0,0.5,5.79,0.0,0.3,25.09,2.5
2.0,"2019-08-16 16:29:47.000000","2019-08-16 16:51:26.000000",2.0,4.28,1.0,N,234.0,256.0,2.0,18.0,1.0,0.5,0.0,0.0,0.3,22.3,2.5
1.0,"2019-08-16 18:12:41.000000","2019-08-16 18:31:08.000000",2.0,3.6,1.0,N,234.0,256.0,1.0,15.0,3.5,0.5,2.9,0.0,0.3,22.2,2.5
1.0,"2019-08-16 21:33:47.000000","2019-08-16 21:53:17.000000",2.0,3.9,1.0,N,234.0,256.0,2.0,16.5,3.0,0.5,0.0,0.0,0.3,20.3,2.5
2.0,"2019-08-16 22:00:53.000000","2019-08-16 22:29:48.000000",2.0,4.37,1.0,N,234.0,256.0,1.0,21.5,0.5,0.5,2.7,0.0,0.3,28.0,2.5
1.0,"2019-08-16 23:42:01.000000","2019-08-17 00:07:01.000000",0.0,4.2,1.0,N,234.0,256.0,1.0,19.0,3.0,0.5,2.0,0.0,0.3,24.8,2.5
1.0,"2019-08-16 23:17:08.000000","2019-08-16 23:47:54.000000",1.0,5.6,1.0,Y,234.0,256.0,2.0,24.0,3.0,0.5,0.0,0.0,0.3,27.8,2.5
2.0,"2019-08-16 23:00:58.000000","2019-08-16 23:25:35.000000",1.0,4.25,1.0,N,234.0,256.0,1.0,18.5,0.5,0.5,1.0,0.0,0.3,23.3,2.5
1.0,"2019-08-17 02:12:02.000000","2019-08-17 02:34:11.000000",1.0,4.6,1.0,N,234.0,256.0,1.0,18.0,3.0,0.5,4.35,0.0,0.3,26.15,2.5
2.0,"2019-08-17 02:20:18.000000","2019-08-17 02:37:19.000000",2.0,3.81,1.0,N,234.0,256.0,1.0,15.0,0.5,0.5,3.76,0.0,0.3,22.56,2.5
2.0,"2019-08-17 03:02:46.000000","2019-08-17 03:22:54.000000",1.0,4.79,1.0,N,234.0,256.0,1.0,18.0,0.5,0.5,4.36,0.0,0.3,26.16,2.5
1.0,"2019-08-17 03:23:47.000000","2019-08-17 03:44:39.000000",1.0,3.9,1.0,N,234.0,256.0,1.0,17.0,3.0,0.5,3.2,0.0,0.3,24.0,2.5
2.0,"2019-08-17 06:05:16.000000","2019-08-17 06:15:47.000000",1.0,3.77,1.0,N,234.0,256.0,1.0,13.0,0.0,0.5,3.26,0.0,0.3,19.56,2.5
2.0,"2019-08-17 11:38:55.000000","2019-08-17 12:06:08.000000",1.0,4.48,1.0,N,234.0,256.0,1.0,21.0,0.0,0.5,4.86,0.0,0.3,29.16,2.5
1.0,"2019-08-17 15:33:52.000000","2019-08-17 15:54:43.000000",2.0,3.9,1.0,N,234.0,256.0,1.0,17.0,2.5,0.5,4.05,0.0,0.3,24.35,2.5
1.0,"2019-08-17 16:10:05.000000","2019-08-17 16:30:18.000000",1.0,4.3,1.0,Y,234.0,256.0,1.0,17.0,2.5,0.5,2.0,0.0,0.3,22.3,2.5
1.0,"2019-08-17 19:34:30.000000","2019-08-17 19:56:11.000000",1.0,3.8,1.0,N,234.0,256.0,1.0,17.0,2.5,0.5,0.02,0.0,0.3,20.32,2.5
1.0,"2019-08-18 00:35:30.000000","2019-08-18 00:54:23.000000",1.0,4.8,1.0,N,234.0,256.0,1.0,18.0,3.0,0.5,5.0,0.0,0.3,26.8,2.5
2.0,"2019-08-18 00:12:29.000000","2019-08-18 00:31:32.000000",2.0,3.54,1.0,N,234.0,256.0,2.0,15.5,0.5,0.5,0.0,0.0,0.3,19.3,2.5
1.0,"2019-08-18 01:26:50.000000","2019-08-18 01:45:27.000000",1.0,3.7,1.0,N,234.0,256.0,1.0,16.5,3.0,0.5,4.05,0.0,0.3,24.35,2.5
1.0,"2019-08-18 01:46:44.000000","2019-08-18 02:06:31.000000",1.0,4.0,1.0,N,234.0,256.0,1.0,17.0,3.0,0.5,4.15,0.0,0.3,24.95,2.5
2.0,"2019-08-18 17:49:52.000000","2019-08-18 18:18:12.000000",1.0,4.26,1.0,N,234.0,256.0,1.0,21.0,0.0,0.5,7.29,0.0,0.3,31.59,2.5
1.0,"2019-08-18 17:43:40.000000","2019-08-18 18:07:47.000000",1.0,5.2,1.0,N,234.0,256.0,1.0,21.0,2.5,0.5,3.0,0.0,0.3,27.3,2.5
2.0,"2019-08-18 19:20:24.000000","2019-08-18 19:43:38.000000",1.0,4.04,1.0,N,234.0,256.0,1.0,18.0,0.0,0.5,3.2,0.0,0.3,24.5,2.5
1.0,"2019-08-18 23:26:22.000000","2019-08-18 23:46:09.000000",1.0,4.4,1.0,N,234.0,256.0,1.0,17.0,3.0,0.5,4.15,0.0,0.3,24.95,2.5
2.0,"2019-08-19 13:06:00.000000","2019-08-19 13:30:10.000000",1.0,4.13,1.0,N,234.0,256.0,1.0,18.5,0.0,0.5,4.36,0.0,0.3,26.16,2.5
2.0,"2019-08-19 17:41:22.000000","2019-08-19 18:00:23.000000",3.0,4.12,1.0,N,234.0,256.0,1.0,16.5,1.0,0.5,4.16,0.0,0.3,24.96,2.5
2.0,"2019-08-19 18:13:00.000000","2019-08-19 18:38:11.000000",1.0,3.86,1.0,N,234.0,256.0,1.0,19.0,1.0,0.5,6.99,0.0,0.3,30.29,2.5
2.0,"2019-08-19 18:15:47.000000","2019-08-19 18:42:44.000000",3.0,4.04,1.0,N,234.0,256.0,1.0,19.5,1.0,0.5,4.76,0.0,0.3,28.56,2.5
1.0,"2019-08-19 20:12:21.000000","2019-08-19 20:29:39.000000",1.0,4.0,1.0,N,234.0,256.0,1.0,15.5,3.0,0.5,3.0,0.0,0.3,22.3,2.5
1.0,"2019-08-19 21:28:24.000000","2019-08-19 21:49:38.000000",1.0,4.0,1.0,N,234.0,256.0,1.0,17.5,3.0,0.5,4.25,0.0,0.3,25.55,2.5
2.0,"2019-08-19 22:47:50.000000","2019-08-19 23:08:32.000000",1.0,4.25,1.0,N,234.0,256.0,1.0,17.5,0.5,0.5,2.5,0.0,0.3,23.8,2.5
2.0,"2019-08-19 22:34:51.000000","2019-08-19 22:53:01.000000",1.0,4.27,1.0,N,234.0,256.0,1.0,16.5,0.5,0.5,4.06,0.0,0.3,24.36,2.5
2.0,"2019-08-19 23:40:44.000000","2019-08-19 23:56:55.000000",1.0,4.09,1.0,N,234.0,256.0,1.0,15.5,0.5,0.5,1.0,0.0,0.3,20.3,2.5
2.0,"2019-08-19 22:59:04.000000","2019-08-19 23:20:08.000000",1.0,4.14,1.0,N,234.0,256.0,1.0,17.5,0.5,0.5,4.26,0.0,0.3,25.56,2.5
2.0,"2019-08-20 13:12:37.000000","2019-08-20 13:37:23.000000",1.0,4.14,1.0,N,234.0,256.0,1.0,18.5,0.0,0.5,4.36,0.0,0.3,26.16,2.5
1.0,"2019-08-20 15:07:52.000000","2019-08-20 15:32:38.000000",1.0,3.8,1.0,Y,234.0,256.0,2.0,18.5,3.5,0.5,0.0,0.0,0.3,22.8,2.5
2.0,"2019-08-20 17:06:14.000000","2019-08-20 17:25:51.000000",1.0,3.71,1.0,N,234.0,256.0,1.0,16.5,1.0,0.5,1.2,0.0,0.3,22.0,2.5
2.0,"2019-08-20 18:49:37.000000","2019-08-20 19:08:56.000000",5.0,4.54,1.0,N,234.0,256.0,1.0,17.0,1.0,0.5,4.26,0.0,0.3,25.56,2.5
1.0,"2019-08-20 18:01:15.000000","2019-08-20 18:23:12.000000",1.0,4.2,1.0,N,234.0,256.0,1.0,18.0,3.5,0.5,5.55,0.0,0.3,27.85,2.5
1.0,"2019-08-20 19:32:14.000000","2019-08-20 19:57:12.000000",1.0,5.0,1.0,N,234.0,256.0,1.0,20.5,3.5,0.5,4.95,0.0,0.3,29.75,2.5
1.0,"2019-08-20 21:11:24.000000","2019-08-20 21:34:06.000000",1.0,4.5,1.0,N,234.0,256.0,1.0,18.5,3.0,0.5,5.55,0.0,0.3,27.85,2.5
1.0,"2019-08-20 21:00:01.000000","2019-08-20 21:21:17.000000",1.0,4.3,1.0,N,234.0,256.0,1.0,17.5,3.0,0.5,4.25,0.0,0.3,25.55,2.5
1.0,"2019-08-20 21:05:22.000000","2019-08-20 21:23:41.000000",1.0,4.1,1.0,N,234.0,256.0,1.0,16.5,3.0,0.5,4.05,0.0,0.3,24.35,2.5
2.0,"2019-08-20 21:46:03.000000","2019-08-20 22:06:11.000000",1.0,4.5,1.0,N,234.0,256.0,1.0,17.0,0.5,0.5,4.16,0.0,0.3,24.96,2.5
2.0,"2019-08-20 22:49:12.000000","2019-08-20 23:08:22.000000",5.0,4.68,1.0,N,234.0,256.0,1.0,17.5,0.5,0.5,4.26,0.0,0.3,25.56,2.5
2.0,"2019-08-20 23:33:35.000000","2019-08-20 23:50:18.000000",1.0,3.86,1.0,N,234.0,256.0,1.0,15.0,0.5,0.5,3.76,0.0,0.3,22.56,2.5
1.0,"2019-08-21 04:03:50.000000","2019-08-21 04:15:51.000000",1.0,3.7,1.0,N,234.0,256.0,1.0,13.5,3.0,0.5,4.0,0.0,0.3,21.3,2.5
1.0,"2019-08-21 13:03:19.000000","2019-08-21 13:27:37.000000",1.0,4.2,1.0,N,234.0,256.0,1.0,18.0,2.5,0.5,0.0,0.0,0.3,21.3,2.5
1.0,"2019-08-21 16:00:41.000000","2019-08-21 16:28:31.000000",0.0,4.5,1.0,N,234.0,256.0,1.0,20.5,1.0,0.5,0.0,0.0,0.3,22.3,0.0
1.0,"2019-08-21 18:23:45.000000","2019-08-21 18:51:25.000000",1.0,6.2,1.0,N,234.0,256.0,2.0,24.0,3.5,0.5,0.0,0.0,0.3,28.3,2.5
2.0,"2019-08-21 19:53:28.000000","2019-08-21 20:12:52.000000",1.0,3.68,1.0,N,234.0,256.0,1.0,15.5,1.0,0.5,3.96,0.0,0.3,23.76,2.5
2.0,"2019-08-21 19:53:07.000000","2019-08-21 20:11:04.000000",1.0,4.28,1.0,N,234.0,256.0,1.0,16.0,1.0,0.5,4.06,0.0,0.3,24.36,2.5
2.0,"2019-08-21 20:09:12.000000","2019-08-21 20:28:55.000000",1.0,3.7,1.0,N,234.0,256.0,1.0,15.5,0.5,0.5,3.86,0.0,0.3,23.16,2.5
2.0,"2019-08-21 20:04:49.000000","2019-08-21 20:24:50.000000",1.0,3.85,1.0,N,234.0,256.0,1.0,16.0,0.5,0.5,4.95,0.0,0.3,24.75,2.5
1.0,"2019-08-21 21:07:55.000000","2019-08-21 21:26:24.000000",0.0,3.9,1.0,N,234.0,256.0,2.0,16.0,3.0,0.5,0.0,0.0,0.3,19.8,2.5
1.0,"2019-08-21 21:51:18.000000","2019-08-21 22:07:32.000000",1.0,4.2,1.0,N,234.0,256.0,1.0,15.5,3.0,0.5,3.85,0.0,0.3,23.15,2.5
2.0,"2019-08-21 21:22:29.000000","2019-08-21 21:43:03.000000",1.0,4.05,1.0,N,234.0,256.0,1.0,17.0,0.5,0.5,0.0,0.0,0.3,20.8,2.5
2.0,"2019-08-21 21:18:33.000000","2019-08-21 21:38:10.000000",3.0,4.5,1.0,N,234.0,256.0,1.0,17.5,0.5,0.5,5.32,0.0,0.3,26.62,2.5
2.0,"2019-08-21 22:51:51.000000","2019-08-21 23:13:15.000000",1.0,4.24,1.0,N,234.0,256.0,1.0,17.5,0.5,0.5,4.26,0.0,0.3,25.56,2.5
2.0,"2019-08-21 23:11:10.000000","2019-08-21 23:29:23.000000",2.0,3.9,1.0,N,234.0,256.0,1.0,16.0,0.5,0.5,3.96,0.0,0.3,23.76,2.5
1.0,"2019-08-22 01:58:58.000000","2019-08-22 02:15:51.000000",1.0,3.6,1.0,Y,234.0,256.0,1.0,15.0,3.0,0.5,0.0,0.0,0.3,18.8,2.5
1.0,"2019-08-22 10:01:41.000000","2019-08-22 10:35:41.000000",1.0,6.2,1.0,N,234.0,256.0,2.0,26.0,2.5,0.5,0.0,0.0,0.3,29.3,2.5
2.0,"2019-08-22 17:41:10.000000","2019-08-22 17:58:08.000000",1.0,3.59,1.0,N,234.0,256.0,2.0,15.0,1.0,0.5,0.0,0.0,0.3,19.3,2.5
1.0,"2019-08-22 20:18:22.000000","2019-08-22 20:42:12.000000",1.0,4.1,1.0,N,234.0,256.0,1.0,18.5,3.0,0.5,1.0,0.0,0.3,23.3,2.5
1.0,"2019-08-22 20:56:28.000000","2019-08-22 21:25:00.000000",1.0,3.9,1.0,N,234.0,256.0,1.0,20.0,3.0,0.5,0.0,0.0,0.3,23.8,2.5
2.0,"2019-08-22 21:31:36.000000","2019-08-22 21:51:31.000000",1.0,3.98,1.0,N,234.0,256.0,1.0,16.0,0.5,0.5,3.96,0.0,0.3,23.76,2.5
1.0,"2019-08-22 21:56:23.000000","2019-08-22 22:20:27.000000",1.0,5.3,1.0,N,234.0,256.0,1.0,20.0,3.0,0.5,4.75,0.0,0.3,28.55,2.5
1.0,"2019-08-22 22:55:26.000000","2019-08-22 23:26:04.000000",1.0,5.6,1.0,N,234.0,256.0,1.0,24.5,3.0,0.5,5.66,0.0,0.3,33.96,2.5
2.0,"2019-08-22 22:32:19.000000","2019-08-22 22:56:08.000000",1.0,4.12,1.0,N,234.0,256.0,1.0,18.0,0.5,0.5,4.36,0.0,0.3,26.16,2.5
1.0,"2019-08-22 22:58:26.000000","2019-08-22 23:25:17.000000",1.0,3.8,1.0,N,234.0,256.0,1.0,20.0,3.0,0.5,3.0,0.0,0.3,26.8,2.5
1.0,"2019-08-22 22:46:27.000000","2019-08-22 23:12:30.000000",1.0,4.0,1.0,N,234.0,256.0,1.0,19.0,3.0,0.5,4.55,0.0,0.3,27.35,2.5
2.0,"2019-08-22 22:18:58.000000","2019-08-22 22:46:03.000000",1.0,5.81,1.0,N,234.0,256.0,2.0,22.5,0.5,0.5,0.0,0.0,0.3,26.3,2.5
2.0,"2019-08-22 23:16:11.000000","2019-08-22 23:48:22.000000",4.0,4.48,1.0,N,234.0,256.0,1.0,22.5,0.5,0.5,5.26,0.0,0.3,31.56,2.5
1.0,"2019-08-22 23:26:02.000000","2019-08-22 23:56:26.000000",2.0,6.3,1.0,N,234.0,256.0,1.0,25.5,3.0,0.5,4.0,0.0,0.3,33.3,2.5
2.0,"2019-08-22 23:10:48.000000","2019-08-22 23:35:33.000000",1.0,3.67,1.0,N,234.0,256.0,1.0,18.5,0.5,0.5,5.58,0.0,0.3,27.88,2.5
2.0,"2019-08-23 00:01:13.000000","2019-08-23 00:23:40.000000",1.0,4.01,1.0,N,234.0,256.0,2.0,17.5,0.5,0.5,0.0,0.0,0.3,21.3,2.5
2.0,"2019-08-23 01:54:15.000000","2019-08-23 02:11:45.000000",3.0,4.03,1.0,N,234.0,256.0,1.0,16.0,0.5,0.5,3.96,0.0,0.3,23.76,2.5
1.0,"2019-08-23 01:31:26.000000","2019-08-23 01:52:05.000000",1.0,4.2,1.0,N,234.0,256.0,2.0,17.5,3.0,0.5,0.0,0.0,0.3,21.3,2.5
2.0,"2019-08-23 02:29:57.000000","2019-08-23 02:46:21.000000",1.0,3.91,1.0,N,234.0,256.0,2.0,16.0,0.5,0.5,0.0,0.0,0.3,19.8,2.5
2.0,"2019-08-23 13:15:58.000000","2019-08-23 13:32:24.000000",1.0,3.39,1.0,N,234.0,256.0,1.0,14.5,0.0,0.5,2.0,0.0,0.3,19.8,2.5
1.0,"2019-08-23 16:14:35.000000","2019-08-23 16:48:23.000000",1.0,4.4,1.0,N,234.0,256.0,1.0,23.5,1.0,0.5,0.0,0.0,0.3,25.3,0.0
2.0,"2019-08-23 16:24:48.000000","2019-08-23 16:55:07.000000",1.0,3.59,1.0,N,234.0,256.0,1.0,20.5,1.0,0.5,4.96,0.0,0.3,29.76,2.5
2.0,"2019-08-23 17:22:55.000000","2019-08-23 17:48:54.000000",1.0,4.34,1.0,N,234.0,256.0,2.0,20.0,1.0,0.5,0.0,0.0,0.3,24.3,2.5
1.0,"2019-08-23 17:40:02.000000","2019-08-23 18:00:45.000000",2.0,3.8,1.0,N,234.0,256.0,2.0,16.5,3.5,0.5,0.0,0.0,0.3,20.8,2.5
2.0,"2019-08-23 18:27:22.000000","2019-08-23 18:54:59.000000",1.0,4.35,1.0,N,234.0,256.0,1.0,20.0,1.0,0.5,4.86,0.0,0.3,29.16,2.5
2.0,"2019-08-23 20:47:59.000000","2019-08-23 21:11:54.000000",1.0,4.29,1.0,N,234.0,256.0,1.0,18.0,0.5,0.5,5.45,0.0,0.3,27.25,2.5
2.0,"2019-08-23 23:58:44.000000","2019-08-24 00:23:14.000000",1.0,3.82,1.0,N,234.0,256.0,2.0,19.0,0.5,0.5,0.0,0.0,0.3,22.8,2.5
2.0,"2019-08-23 23:20:13.000000","2019-08-23 23:51:37.000000",1.0,4.57,1.0,N,234.0,256.0,1.0,22.0,0.5,0.5,7.74,0.0,0.3,33.54,2.5
2.0,"2019-08-24 00:51:18.000000","2019-08-24 01:10:00.000000",1.0,3.97,1.0,N,234.0,256.0,2.0,16.5,0.5,0.5,0.0,0.0,0.3,20.3,2.5
2.0,"2019-08-24 04:59:06.000000","2019-08-24 05:24:28.000000",2.0,7.98,1.0,N,234.0,256.0,2.0,26.0,0.5,0.5,0.0,0.0,0.3,29.8,2.5
1.0,"2019-08-24 12:08:37.000000","2019-08-24 12:25:24.000000",2.0,3.4,1.0,N,234.0,256.0,1.0,14.5,2.5,0.5,3.55,0.0,0.3,21.35,2.5
2.0,"2019-08-24 13:01:13.000000","2019-08-24 13:19:39.000000",5.0,3.96,1.0,N,234.0,256.0,1.0,16.0,0.0,0.5,4.82,0.0,0.3,24.12,2.5
1.0,"2019-08-24 14:45:50.000000","2019-08-24 15:07:36.000000",1.0,4.4,1.0,N,234.0,256.0,2.0,18.0,2.5,0.5,0.0,0.0,0.3,21.3,2.5
2.0,"2019-08-24 15:18:31.000000","2019-08-24 15:38:28.000000",1.0,3.49,1.0,N,234.0,256.0,1.0,16.0,0.0,0.5,3.86,0.0,0.3,23.16,2.5
1.0,"2019-08-24 18:02:07.000000","2019-08-24 18:25:06.000000",1.0,3.7,1.0,N,234.0,256.0,1.0,17.5,2.5,0.5,4.15,0.0,0.3,24.95,2.5
1.0,"2019-08-24 19:55:50.000000","2019-08-24 20:16:49.000000",1.0,3.7,1.0,N,234.0,256.0,1.0,16.0,3.0,0.5,3.95,0.0,0.3,23.75,2.5
2.0,"2019-08-24 20:29:59.000000","2019-08-24 20:57:33.000000",1.0,4.93,1.0,N,234.0,256.0,1.0,21.0,0.5,0.5,4.96,0.0,0.3,29.76,2.5
2.0,"2019-08-24 19:59:58.000000","2019-08-24 20:19:44.000000",1.0,3.89,1.0,N,234.0,256.0,1.0,16.0,0.5,0.5,3.96,0.0,0.3,23.76,2.5
2.0,"2019-08-24 21:30:04.000000","2019-08-24 21:52:22.000000",1.0,3.94,1.0,N,234.0,256.0,1.0,17.5,0.5,0.5,4.26,0.0,0.3,25.56,2.5
2.0,"2019-08-25 00:56:36.000000","2019-08-25 01:20:01.000000",1.0,5.13,1.0,N,234.0,256.0,1.0,20.0,0.5,0.5,4.76,0.0,0.3,28.56,2.5
2.0,"2019-08-25 00:05:04.000000","2019-08-25 00:25:20.000000",1.0,4.05,1.0,N,234.0,256.0,1.0,16.5,0.5,0.5,3.0,0.0,0.3,23.3,2.5
2.0,"2019-08-25 01:36:56.000000","2019-08-25 01:56:16.000000",1.0,4.21,1.0,N,234.0,256.0,2.0,16.5,0.5,0.5,0.0,0.0,0.3,20.3,2.5
2.0,"2019-08-25 03:33:34.000000","2019-08-25 03:48:17.000000",2.0,4.25,1.0,N,234.0,256.0,1.0,15.5,0.5,0.5,3.86,0.0,0.3,23.16,2.5
1.0,"2019-08-25 04:07:53.000000","2019-08-25 04:23:56.000000",1.0,3.7,1.0,N,234.0,256.0,1.0,15.0,3.0,0.5,5.6,0.0,0.3,24.4,2.5
2.0,"2019-08-25 09:20:08.000000","2019-08-25 09:34:07.000000",1.0,3.52,1.0,N,234.0,256.0,1.0,13.5,0.0,0.5,3.36,0.0,0.3,20.16,2.5
2.0,"2019-08-25 11:37:26.000000","2019-08-25 11:58:54.000000",1.0,4.54,1.0,N,234.0,256.0,1.0,18.0,0.0,0.5,2.13,0.0,0.3,23.43,2.5
1.0,"2019-08-25 11:24:50.000000","2019-08-25 11:44:02.000000",2.0,3.9,1.0,N,234.0,256.0,2.0,16.5,2.5,0.5,0.0,0.0,0.3,19.8,2.5
2.0,"2019-08-25 15:02:03.000000","2019-08-25 15:27:06.000000",1.0,4.47,1.0,N,234.0,256.0,2.0,19.0,0.0,0.5,0.0,0.0,0.3,22.3,2.5
2.0,"2019-08-25 15:18:16.000000","2019-08-25 15:39:40.000000",1.0,4.71,1.0,N,234.0,256.0,1.0,18.5,0.0,0.5,4.36,0.0,0.3,26.16,2.5
2.0,"2019-08-25 16:27:47.000000","2019-08-25 16:48:58.000000",2.0,4.37,1.0,N,234.0,256.0,2.0,17.5,0.0,0.5,0.0,0.0,0.3,20.8,2.5
2.0,"2019-08-25 17:52:10.000000","2019-08-25 18:14:44.000000",1.0,3.74,1.0,N,234.0,256.0,2.0,17.0,0.0,0.5,0.0,0.0,0.3,20.3,2.5
1.0,"2019-08-25 19:04:16.000000","2019-08-25 19:25:16.000000",1.0,3.4,1.0,N,234.0,256.0,1.0,16.5,3.5,0.5,4.15,0.0,0.3,24.95,2.5
2.0,"2019-08-25 19:16:54.000000","2019-08-25 19:46:40.000000",2.0,4.7,1.0,N,234.0,256.0,1.0,22.0,0.0,0.5,5.06,0.0,0.3,32.31,2.5
2.0,"2019-08-25 19:18:26.000000","2019-08-25 19:43:11.000000",1.0,3.52,1.0,N,234.0,256.0,1.0,18.0,0.0,0.5,3.0,0.0,0.3,24.3,2.5
2.0,"2019-08-25 21:04:40.000000","2019-08-25 21:23:36.000000",1.0,4.23,1.0,N,234.0,256.0,1.0,17.0,0.5,0.5,2.0,0.0,0.3,22.8,2.5
2.0,"2019-08-25 22:32:50.000000","2019-08-25 22:52:32.000000",1.0,4.0,1.0,N,234.0,256.0,1.0,16.5,0.5,0.5,2.0,0.0,0.3,22.3,2.5
2.0,"2019-08-26 09:38:27.000000","2019-08-26 09:57:50.000000",1.0,3.48,1.0,N,234.0,256.0,1.0,15.5,0.0,0.5,4.7,0.0,0.3,23.5,2.5
1.0,"2019-08-26 11:10:52.000000","2019-08-26 11:35:17.000000",0.0,4.7,1.0,N,234.0,256.0,2.0,20.0,2.5,0.5,0.0,0.0,0.3,23.3,2.5
2.0,"2019-08-26 14:34:42.000000","2019-08-26 15:04:29.000000",1.0,4.21,1.0,N,234.0,256.0,1.0,19.5,0.0,0.5,6.84,0.0,0.3,29.64,2.5
2.0,"2019-08-26 17:51:16.000000","2019-08-27 17:35:01.000000",1.0,3.54,1.0,N,234.0,256.0,2.0,18.0,1.0,0.5,0.0,0.0,0.3,22.3,2.5
1.0,"2019-08-26 17:25:51.000000","2019-08-26 17:49:14.000000",1.0,4.2,1.0,N,234.0,256.0,1.0,18.0,1.0,0.5,0.0,0.0,0.3,19.8,0.0
2.0,"2019-08-26 17:52:11.000000","2019-08-26 18:20:11.000000",1.0,4.18,1.0,N,234.0,256.0,1.0,20.0,1.0,0.5,4.86,0.0,0.3,29.16,2.5
1.0,"2019-08-26 17:41:04.000000","2019-08-26 18:06:48.000000",1.0,4.1,1.0,N,234.0,256.0,1.0,19.5,3.5,0.5,4.75,0.0,0.3,28.55,2.5
1.0,"2019-08-26 18:56:47.000000","2019-08-26 19:11:37.000000",1.0,4.1,1.0,N,234.0,256.0,1.0,14.5,3.5,0.5,3.75,0.0,0.3,22.55,2.5
2.0,"2019-08-26 18:44:14.000000","2019-08-26 19:06:05.000000",1.0,4.39,1.0,N,234.0,256.0,1.0,18.0,1.0,0.5,0.0,0.0,0.3,22.3,2.5
2.0,"2019-08-26 18:27:33.000000","2019-08-26 18:45:44.000000",2.0,3.85,1.0,N,234.0,256.0,1.0,15.5,1.0,0.5,3.96,0.0,0.3,23.76,2.5
2.0,"2019-08-26 19:50:49.000000","2019-08-26 20:09:09.000000",1.0,4.84,1.0,N,234.0,256.0,1.0,18.0,1.0,0.5,4.0,0.0,0.3,26.3,2.5
2.0,"2019-08-26 19:33:23.000000","2019-08-26 19:57:28.000000",1.0,4.31,1.0,N,234.0,256.0,1.0,18.5,1.0,0.5,4.56,0.0,0.3,27.36,2.5
2.0,"2019-08-26 21:29:09.000000","2019-08-26 21:48:37.000000",5.0,4.57,1.0,N,234.0,256.0,2.0,17.0,0.5,0.5,0.0,0.0,0.3,20.8,2.5
1.0,"2019-08-26 21:22:17.000000","2019-08-26 21:39:04.000000",1.0,3.7,1.0,N,234.0,256.0,1.0,15.0,3.0,0.5,3.75,0.0,0.3,22.55,2.5
2.0,"2019-08-26 22:00:55.000000","2019-08-26 22:24:31.000000",1.0,4.67,1.0,N,234.0,256.0,1.0,18.5,0.5,0.5,4.46,0.0,0.3,26.76,2.5
1.0,"2019-08-26 23:03:17.000000","2019-08-26 23:22:43.000000",1.0,4.2,1.0,N,234.0,256.0,1.0,16.5,3.0,0.5,4.05,0.0,0.3,24.35,2.5
2.0,"2019-08-26 23:36:24.000000","2019-08-26 23:50:39.000000",1.0,3.67,1.0,N,234.0,256.0,1.0,14.0,0.5,0.5,2.2,0.0,0.3,20.0,2.5
1.0,"2019-08-27 01:49:42.000000","2019-08-27 02:05:57.000000",1.0,4.2,1.0,N,234.0,256.0,2.0,16.0,3.0,0.5,0.0,0.0,0.3,19.8,2.5
2.0,"2019-08-27 12:46:32.000000","2019-08-27 13:20:29.000000",1.0,4.49,1.0,N,234.0,256.0,1.0,23.0,0.0,0.5,1.5,0.0,0.3,27.8,2.5
1.0,"2019-08-27 14:31:12.000000","2019-08-27 15:02:21.000000",1.0,3.9,1.0,N,234.0,256.0,1.0,21.5,2.5,0.5,4.95,0.0,0.3,29.75,2.5
1.0,"2019-08-27 16:23:02.000000","2019-08-27 16:48:39.000000",1.0,4.5,1.0,N,234.0,256.0,1.0,19.5,3.5,0.5,1.19,0.0,0.3,24.99,2.5
2.0,"2019-08-27 20:22:40.000000","2019-08-27 20:41:04.000000",1.0,4.26,1.0,N,234.0,256.0,1.0,16.5,0.5,0.5,4.06,0.0,0.3,24.36,2.5
2.0,"2019-08-27 20:22:42.000000","2019-08-27 20:51:43.000000",1.0,5.5,1.0,N,234.0,256.0,1.0,23.0,0.5,0.5,3.0,0.0,0.3,29.8,2.5
2.0,"2019-08-27 20:19:25.000000","2019-08-27 20:40:28.000000",1.0,4.14,1.0,N,234.0,256.0,1.0,17.5,0.5,0.5,4.26,0.0,0.3,25.56,2.5
1.0,"2019-08-27 20:26:29.000000","2019-08-27 20:46:29.000000",1.0,4.0,1.0,N,234.0,256.0,1.0,16.5,3.0,0.5,4.06,0.0,0.3,24.36,2.5
1.0,"2019-08-27 21:32:20.000000","2019-08-27 21:59:19.000000",1.0,4.9,1.0,N,234.0,256.0,1.0,21.0,3.0,0.5,6.2,0.0,0.3,31.0,2.5
1.0,"2019-08-27 22:32:49.000000","2019-08-27 22:49:23.000000",1.0,4.2,1.0,N,234.0,256.0,1.0,15.5,3.0,0.5,3.85,0.0,0.3,23.15,2.5
2.0,"2019-08-27 23:01:19.000000","2019-08-27 23:18:52.000000",3.0,3.89,1.0,N,234.0,256.0,1.0,15.5,0.5,0.5,3.86,0.0,0.3,23.16,2.5
2.0,"2019-08-27 23:45:11.000000","2019-08-28 00:01:47.000000",1.0,4.22,1.0,N,234.0,256.0,1.0,16.0,0.5,0.5,2.0,0.0,0.3,21.8,2.5
2.0,"2019-08-27 23:49:05.000000","2019-08-28 00:05:44.000000",1.0,3.77,1.0,N,234.0,256.0,1.0,15.0,0.5,0.5,3.76,0.0,0.3,22.56,2.5
2.0,"2019-08-28 16:40:16.000000","2019-08-28 17:15:16.000000",1.0,4.81,1.0,N,234.0,256.0,1.0,23.0,1.0,0.5,0.03,0.0,0.3,27.33,2.5
1.0,"2019-08-28 18:48:10.000000","2019-08-28 19:12:18.000000",1.0,4.2,1.0,N,234.0,256.0,1.0,19.0,3.5,0.5,4.65,0.0,0.3,27.95,2.5
1.0,"2019-08-28 18:15:43.000000","2019-08-28 18:41:22.000000",1.0,3.8,1.0,N,234.0,256.0,1.0,18.5,3.5,0.5,4.55,0.0,0.3,27.35,2.5
2.0,"2019-08-28 19:43:44.000000","2019-08-28 20:08:47.000000",4.0,3.96,1.0,N,234.0,256.0,1.0,18.5,1.0,0.5,5.7,0.0,0.3,28.5,2.5
2.0,"2019-08-28 19:24:47.000000","2019-08-28 19:50:08.000000",1.0,4.99,1.0,N,234.0,256.0,2.0,20.5,1.0,0.5,0.0,0.0,0.3,24.8,2.5
2.0,"2019-08-28 20:00:20.000000","2019-08-28 20:24:24.000000",3.0,4.18,1.0,N,234.0,256.0,1.0,18.0,0.5,0.5,4.36,0.0,0.3,26.16,2.5
2.0,"2019-08-28 20:08:30.000000","2019-08-28 20:32:29.000000",1.0,4.45,1.0,N,234.0,256.0,1.0,18.5,0.5,0.5,4.46,0.0,0.3,26.76,2.5
2.0,"2019-08-28 21:12:17.000000","2019-08-28 21:31:14.000000",5.0,4.33,1.0,N,234.0,256.0,1.0,16.5,0.5,0.5,4.06,0.0,0.3,24.36,2.5
1.0,"2019-08-28 21:55:53.000000","2019-08-28 22:15:27.000000",1.0,4.2,1.0,N,234.0,256.0,1.0,17.0,3.0,0.5,4.15,0.0,0.3,24.95,2.5
2.0,"2019-08-28 21:23:21.000000","2019-08-28 21:41:01.000000",1.0,3.96,1.0,N,234.0,256.0,1.0,15.5,0.5,0.5,3.86,0.0,0.3,23.16,2.5
1.0,"2019-08-28 22:48:19.000000","2019-08-28 23:03:09.000000",1.0,3.7,1.0,N,234.0,256.0,1.0,14.5,3.0,0.5,3.5,0.0,0.3,21.8,2.5
2.0,"2019-08-28 22:34:07.000000","2019-08-28 22:53:04.000000",2.0,4.35,1.0,N,234.0,256.0,1.0,17.0,0.5,0.5,4.16,0.0,0.3,24.96,2.5
1.0,"2019-08-28 23:54:33.000000","2019-08-29 00:11:31.000000",2.0,4.6,1.0,N,234.0,256.0,1.0,16.5,3.0,0.5,4.05,0.0,0.3,24.35,2.5
2.0,"2019-08-29 00:23:40.000000","2019-08-29 00:37:01.000000",2.0,4.08,1.0,N,234.0,256.0,2.0,14.5,0.5,0.5,0.0,0.0,0.3,18.3,2.5
2.0,"2019-08-29 00:35:23.000000","2019-08-29 00:54:51.000000",1.0,4.43,1.0,N,234.0,256.0,1.0,17.0,0.5,0.5,4.16,0.0,0.3,24.96,2.5
2.0,"2019-08-29 01:06:01.000000","2019-08-29 01:20:17.000000",1.0,3.81,1.0,N,234.0,256.0,2.0,14.0,0.5,0.5,0.0,0.0,0.3,17.8,2.5
2.0,"2019-08-29 06:54:52.000000","2019-08-29 07:08:43.000000",5.0,3.62,1.0,N,234.0,256.0,2.0,14.0,0.0,0.5,0.0,0.0,0.3,17.3,2.5
1.0,"2019-08-29 08:42:17.000000","2019-08-29 08:58:17.000000",1.0,3.8,1.0,N,234.0,256.0,1.0,15.0,2.5,0.5,1.0,0.0,0.3,19.3,2.5
2.0,"2019-08-29 12:49:01.000000","2019-08-29 13:29:21.000000",1.0,4.41,1.0,N,234.0,256.0,2.0,27.0,0.0,0.5,0.0,0.0,0.3,30.3,2.5
2.0,"2019-08-29 14:28:32.000000","2019-08-29 14:48:23.000000",1.0,4.97,1.0,N,234.0,256.0,1.0,18.0,0.0,0.5,2.0,0.0,0.3,23.3,2.5
1.0,"2019-08-29 16:38:54.000000","2019-08-29 17:17:14.000000",1.0,4.5,1.0,N,234.0,256.0,1.0,25.5,1.0,0.5,0.0,0.0,0.3,27.3,0.0
1.0,"2019-08-29 17:15:20.000000","2019-08-29 17:44:15.000000",1.0,3.9,1.0,Y,234.0,256.0,1.0,20.5,3.5,0.5,4.95,0.0,0.3,29.75,2.5
2.0,"2019-08-29 18:40:56.000000","2019-08-29 19:07:16.000000",1.0,4.29,1.0,N,234.0,256.0,1.0,20.0,1.0,0.5,4.86,0.0,0.3,29.16,2.5
2.0,"2019-08-29 18:33:34.000000","2019-08-29 19:03:22.000000",1.0,4.78,1.0,N,234.0,256.0,1.0,22.5,1.0,0.5,5.36,0.0,0.3,32.16,2.5
2.0,"2019-08-29 18:44:46.000000","2019-08-29 19:09:31.000000",1.0,4.26,1.0,N,234.0,256.0,1.0,19.0,1.0,0.5,4.66,0.0,0.3,27.96,2.5
2.0,"2019-08-29 19:06:40.000000","2019-08-29 19:29:58.000000",1.0,3.99,1.0,N,234.0,256.0,1.0,18.0,1.0,0.5,4.46,0.0,0.3,26.76,2.5
2.0,"2019-08-29 21:50:09.000000","2019-08-29 22:12:09.000000",1.0,4.51,1.0,N,234.0,256.0,1.0,18.0,0.5,0.5,4.36,0.0,0.3,26.16,2.5
2.0,"2019-08-29 21:54:52.000000","2019-08-29 22:16:05.000000",2.0,5.0,1.0,N,234.0,256.0,1.0,19.5,0.5,0.5,4.66,0.0,0.3,27.96,2.5
2.0,"2019-08-29 21:31:52.000000","2019-08-29 21:51:43.000000",1.0,4.42,1.0,N,234.0,256.0,1.0,17.0,0.5,0.5,3.0,0.0,0.3,23.8,2.5
2.0,"2019-08-29 21:20:26.000000","2019-08-29 21:38:42.000000",1.0,3.85,1.0,N,234.0,256.0,1.0,16.0,0.5,0.5,3.96,0.0,0.3,23.76,2.5
1.0,"2019-08-29 23:12:19.000000","2019-08-29 23:41:15.000000",1.0,4.3,1.0,N,234.0,256.0,1.0,21.0,3.0,0.5,3.72,0.0,0.3,28.52,2.5
2.0,"2019-08-30 00:31:48.000000","2019-08-30 00:45:41.000000",1.0,4.01,1.0,N,234.0,256.0,1.0,14.5,0.5,0.5,4.58,0.0,0.3,22.88,2.5
2.0,"2019-08-30 08:55:43.000000","2019-08-30 09:20:41.000000",1.0,4.31,1.0,N,234.0,256.0,1.0,18.5,0.0,0.5,5.45,0.0,0.3,27.25,2.5
1.0,"2019-08-30 13:46:04.000000","2019-08-30 14:11:22.000000",1.0,4.9,1.0,N,234.0,256.0,1.0,21.0,2.5,0.5,3.65,0.0,0.3,27.95,2.5
2.0,"2019-08-30 18:54:11.000000","2019-08-30 19:20:11.000000",5.0,3.93,1.0,N,234.0,256.0,2.0,19.0,1.0,0.5,0.0,0.0,0.3,23.3,2.5
2.0,"2019-08-30 18:36:47.000000","2019-08-30 18:56:44.000000",1.0,3.89,1.0,N,234.0,256.0,2.0,17.0,1.0,0.5,0.0,0.0,0.3,21.3,2.5
2.0,"2019-08-30 18:54:58.000000","2019-08-30 19:13:06.000000",1.0,3.51,1.0,N,234.0,256.0,2.0,15.0,1.0,0.5,0.0,0.0,0.3,19.3,2.5
1.0,"2019-08-30 18:48:59.000000","2019-08-30 19:09:04.000000",1.0,3.5,1.0,N,234.0,256.0,1.0,15.5,3.5,0.5,3.95,0.0,0.3,23.75,2.5
1.0,"2019-08-30 19:58:55.000000","2019-08-30 20:31:49.000000",1.0,4.3,1.0,N,234.0,256.0,1.0,22.5,3.0,0.5,4.73,0.0,0.3,31.03,2.5
1.0,"2019-08-30 19:03:10.000000","2019-08-30 19:31:55.000000",1.0,3.8,1.0,N,234.0,256.0,1.0,20.5,3.5,0.5,4.95,0.0,0.3,29.75,2.5
2.0,"2019-08-30 19:16:45.000000","2019-08-30 19:42:07.000000",1.0,3.8,1.0,N,234.0,256.0,1.0,18.5,1.0,0.5,4.56,0.0,0.3,27.36,2.5
2.0,"2019-08-30 19:21:28.000000","2019-08-30 19:43:27.000000",1.0,3.47,1.0,N,234.0,256.0,1.0,16.5,1.0,0.5,4.16,0.0,0.3,24.96,2.5
2.0,"2019-08-30 19:24:19.000000","2019-08-30 20:00:02.000000",1.0,4.41,1.0,N,234.0,256.0,2.0,24.0,1.0,0.5,0.0,0.0,0.3,28.3,2.5
2.0,"2019-08-30 19:02:25.000000","2019-08-30 19:22:49.000000",1.0,3.71,1.0,N,234.0,256.0,1.0,16.5,1.0,0.5,4.16,0.0,0.3,24.96,2.5
2.0,"2019-08-30 19:14:29.000000","2019-08-30 19:43:48.000000",1.0,3.94,1.0,N,234.0,256.0,1.0,20.5,1.0,0.5,4.96,0.0,0.3,29.76,2.5
1.0,"2019-08-30 19:00:38.000000","2019-08-30 19:31:50.000000",1.0,4.2,1.0,N,234.0,256.0,1.0,21.5,3.5,0.5,2.58,0.0,0.3,28.38,2.5
2.0,"2019-08-30 20:30:32.000000","2019-08-30 20:56:48.000000",5.0,3.51,1.0,N,234.0,256.0,2.0,19.0,0.5,0.5,0.0,0.0,0.3,22.8,2.5
2.0,"2019-08-30 20:43:40.000000","2019-08-30 21:06:49.000000",1.0,4.15,1.0,N,234.0,256.0,1.0,18.5,0.5,0.5,4.46,0.0,0.3,26.76,2.5
2.0,"2019-08-30 20:49:04.000000","2019-08-30 21:12:42.000000",1.0,3.82,1.0,N,234.0,256.0,2.0,18.0,0.5,0.5,0.0,0.0,0.3,21.8,2.5
1.0,"2019-08-30 20:45:16.000000","2019-08-30 21:04:26.000000",1.0,3.7,1.0,N,234.0,256.0,1.0,16.0,3.0,0.5,4.95,0.0,0.3,24.75,2.5
2.0,"2019-08-30 20:31:58.000000","2019-08-30 20:56:15.000000",1.0,3.67,1.0,N,234.0,256.0,2.0,18.0,0.5,0.5,0.0,0.0,0.3,21.8,2.5
2.0,"2019-08-30 20:39:42.000000","2019-08-30 21:04:21.000000",1.0,3.49,1.0,N,234.0,256.0,1.0,18.0,0.5,0.5,4.36,0.0,0.3,26.16,2.5
2.0,"2019-08-30 20:49:16.000000","2019-08-30 21:14:31.000000",1.0,4.32,1.0,N,234.0,256.0,1.0,19.0,0.5,0.5,3.0,0.0,0.3,25.8,2.5
1.0,"2019-08-30 22:09:24.000000","2019-08-30 22:33:21.000000",1.0,4.1,1.0,N,234.0,256.0,1.0,18.0,3.0,0.5,1.0,0.0,0.3,22.8,2.5
2.0,"2019-08-30 22:11:27.000000","2019-08-30 22:35:34.000000",4.0,4.72,1.0,N,234.0,256.0,1.0,19.0,0.5,0.5,4.56,0.0,0.3,27.36,2.5
2.0,"2019-08-30 23:51:29.000000","2019-08-31 00:09:41.000000",1.0,3.79,1.0,N,234.0,256.0,1.0,15.5,0.5,0.5,3.86,0.0,0.3,23.16,2.5
2.0,"2019-08-31 01:18:52.000000","2019-08-31 01:37:32.000000",5.0,4.21,1.0,N,234.0,256.0,1.0,16.5,0.5,0.5,4.06,0.0,0.3,24.36,2.5
1.0,"2019-08-31 11:25:45.000000","2019-08-31 11:42:23.000000",1.0,3.9,1.0,N,234.0,256.0,2.0,15.5,2.5,0.5,0.0,0.0,0.3,18.8,2.5
2.0,"2019-08-31 11:08:00.000000","2019-08-31 11:26:51.000000",1.0,4.21,1.0,N,234.0,256.0,1.0,16.5,0.0,0.5,3.96,0.0,0.3,23.76,2.5
2.0,"2019-08-31 11:34:26.000000","2019-08-31 11:54:11.000000",2.0,3.61,1.0,N,234.0,256.0,1.0,16.0,0.0,0.5,3.86,0.0,0.3,23.16,2.5
2.0,"2019-08-31 18:03:52.000000","2019-08-31 18:25:47.000000",2.0,4.49,1.0,N,234.0,256.0,1.0,17.5,0.0,0.5,4.16,0.0,0.3,24.96,2.5
1.0,"2019-08-31 18:58:58.000000","2019-08-31 19:19:20.000000",1.0,4.3,1.0,N,234.0,256.0,2.0,17.5,2.5,0.5,0.0,0.0,0.3,20.8,2.5
2.0,"2019-08-31 20:27:17.000000","2019-08-31 20:48:40.000000",2.0,3.75,1.0,N,234.0,256.0,1.0,17.0,0.5,0.5,4.16,0.0,0.3,24.96,2.5
1.0,"2019-08-31 21:12:31.000000","2019-08-31 21:35:42.000000",1.0,4.3,1.0,N,234.0,256.0,1.0,18.0,3.0,0.5,2.5,0.0,0.3,24.3,2.5
2.0,"2019-08-31 21:40:59.000000","2019-08-31 22:01:33.000000",1.0,5.48,1.0,N,234.0,256.0,1.0,20.5,0.5,0.5,4.86,0.0,0.3,29.16,2.5
2.0,"2019-08-31 22:12:02.000000","2019-08-31 22:39:31.000000",1.0,4.47,1.0,N,234.0,256.0,1.0,20.5,0.5,0.5,4.86,0.0,0.3,29.16,2.5
2.0,"2019-08-31 23:42:22.000000","2019-09-01 00:12:15.000000",1.0,4.88,1.0,N,234.0,256.0,2.0,22.5,0.5,0.5,0.0,0.0,0.3,26.3,2.5
2.0,"2019-08-31 23:05:06.000000","2019-08-31 23:28:36.000000",1.0,3.98,1.0,N,234.0,256.0,1.0,17.5,0.5,0.5,2.0,0.0,0.3,23.3,2.5
,"2019-08-02 18:54:47.000000","2019-08-02 19:17:58.000000",,4.29,,,234.0,256.0,,24.06,2.75,0.0,0.0,0.0,0.3,27.11,0.0
,"2019-08-12 12:33:00.000000","2019-08-12 12:56:00.000000",,3.61,,,234.0,256.0,,24.05,2.75,0.5,0.0,0.0,0.3,27.6,0.0
,"2019-08-11 16:11:00.000000","2019-08-11 16:31:00.000000",,4.45,,,234.0,256.0,,23.56,2.75,0.5,0.0,0.0,0.3,27.11,0.0
,"2019-08-13 18:41:00.000000","2019-08-13 19:04:00.000000",,4.2,,,234.0,256.0,,23.56,2.75,0.5,0.0,0.0,0.3,27.11,0.0
,"2019-08-10 19:40:00.000000","2019-08-10 20:03:00.000000",,4.39,,,234.0,256.0,,23.56,2.75,0.5,0.0,0.0,0.3,27.11,0.0
,"2019-08-24 16:06:00.000000","2019-08-24 16:36:00.000000",,4.22,,,234.0,256.0,,23.56,2.75,0.5,0.0,0.0,0.3,27.11,0.0
,"2019-08-28 18:50:00.000000","2019-08-28 19:12:00.000000",,5.34,,,234.0,256.0,,33.56,2.75,0.5,0.0,0.0,0.3,37.11,0.0
