2.0,"2019-08-01 01:14:42.000000","2019-08-01 01:14:44.000000",1.0,0.0,5.0,N,234.0,264.0,1.0,64.0,0.0,0.0,16.08,0.0,0.3,80.38,0.0
2.0,"2019-08-01 07:10:18.000000","2019-08-01 07:25:07.000000",1.0,1.6,1.0,N,234.0,264.0,1.0,10.0,2.5,0.5,2.0,0.0,0.3,15.3,0.0
1.0,"2019-08-01 07:50:15.000000","2019-08-01 07:50:15.000000",1.0,0.0,1.0,N,234.0,264.0,2.0,5.0,2.5,0.5,0.0,0.0,0.3,8.3,2.5
2.0,"2019-08-01 10:53:45.000000","2019-08-01 10:53:49.000000",1.0,0.0,1.0,N,234.0,264.0,2.0,2.5,0.0,0.5,0.0,0.0,0.3,3.3,0.0
2.0,"2019-08-01 15:45:17.000000","2019-08-01 15:45:25.000000",4.0,0.0,5.0,N,234.0,264.0,1.0,65.0,0.0,0.5,13.16,0.0,0.3,78.96,0.0
1.0,"2019-08-01 16:38:25.000000","2019-08-01 16:38:25.000000",1.0,0.0,1.0,Y,234.0,264.0,2.0,29.0,0.0,0.0,0.0,0.0,0.0,29.0,0.0
2.0,"2019-08-01 16:16:56.000000","2019-08-01 16:40:32.000000",1.0,1.9,1.0,N,234.0,264.0,2.0,11.0,3.5,0.5,0.0,0.0,0.3,15.3,0.0
1.0,"2019-08-01 17:05:45.000000","2019-08-01 17:05:45.000000",1.0,0.0,1.0,Y,234.0,264.0,2.0,6.0,3.5,0.5,0.0,0.0,0.3,10.3,2.5
1.0,"2019-08-01 18:45:00.000000","2019-08-01 18:45:00.000000",1.0,0.0,1.0,Y,234.0,264.0,2.0,8.0,3.5,0.5,0.0,0.0,0.3,12.3,2.5
1.0,"2019-08-01 20:49:27.000000","2019-08-01 20:49:27.000000",2.0,0.0,1.0,Y,234.0,264.0,2.0,6.0,3.0,0.5,0.0,0.0,0.3,9.8,2.5
2.0,"2019-08-01 20:50:57.000000","2019-08-01 20:50:59.000000",1.0,0.0,5.0,N,234.0,264.0,1.0,65.0,0.0,0.5,16.45,0.0,0.3,82.25,0.0
1.0,"2019-08-02 02:03:53.000000","2019-08-02 02:03:53.000000",1.0,0.0,5.0,Y,234.0,264.0,2.0,0.0,0.0,0.0,0.0,0.0,0.0,0.0,0.0
2.0,"2019-08-02 13:16:12.000000","2019-08-02 13:16:35.000000",2.0,0.0,1.0,N,234.0,264.0,1.0,2.5,0.0,0.5,0.0,0.0,0.3,3.3,0.0
2.0,"2019-08-02 14:14:42.000000","2019-08-02 15:03:22.000000",2.0,11.31,1.0,N,234.0,264.0,1.0,39.5,2.5,0.5,8.56,0.0,0.3,51.36,0.0
1.0,"2019-08-02 14:49:19.000000","2019-08-02 14:49:19.000000",1.0,0.0,1.0,N,234.0,264.0,2.0,29.0,0.0,0.0,0.0,0.0,0.0,29.0,0.0
1.0,"2019-08-02 15:18:53.000000","2019-08-02 15:18:53.000000",1.0,0.0,1.0,Y,234.0,264.0,2.0,2.5,2.5,0.5,0.0,0.0,0.3,5.8,2.5
1.0,"2019-08-02 16:06:55.000000","2019-08-02 16:06:55.000000",1.0,0.0,1.0,Y,234.0,264.0,2.0,2.5,3.5,0.5,0.0,0.0,0.3,6.8,2.5
2.0,"2019-08-02 15:58:23.000000","2019-08-02 15:58:35.000000",2.0,0.01,2.0,N,234.0,264.0,2.0,52.0,4.5,0.5,0.0,0.0,0.3,59.8,2.5
1.0,"2019-08-02 18:43:16.000000","2019-08-02 19:06:50.000000",1.0,2.3,1.0,N,234.0,264.0,1.0,15.5,3.5,0.5,1.5,0.0,0.3,21.3,2.5
2.0,"2019-08-02 19:28:48.000000","2019-08-02 19:39:07.000000",1.0,1.4,1.0,N,234.0,264.0,1.0,8.0,3.5,0.5,2.46,0.0,0.3,14.76,0.0
1.0,"2019-08-02 21:05:46.000000","2019-08-02 21:05:46.000000",1.0,0.0,1.0,Y,234.0,264.0,2.0,5.0,3.0,0.5,0.0,0.0,0.3,8.8,2.5
1.0,"2019-08-02 22:52:04.000000","2019-08-02 22:52:04.000000",1.0,0.0,1.0,N,234.0,264.0,2.0,2.5,3.0,0.5,0.0,0.0,0.3,6.3,2.5
2.0,"2019-08-03 00:45:48.000000","2019-08-03 01:01:48.000000",1.0,1.9,1.0,N,234.0,264.0,1.0,10.0,0.5,0.5,2.0,2.5,0.3,15.8,0.0
2.0,"2019-08-03 03:21:38.000000","2019-08-03 03:21:48.000000",1.0,0.0,5.0,N,234.0,264.0,2.0,20.0,0.0,0.5,0.0,0.0,0.3,23.3,2.5
2.0,"2019-08-03 03:23:47.000000","2019-08-03 03:23:56.000000",1.0,0.0,5.0,N,234.0,264.0,1.0,30.0,0.0,0.5,6.66,0.0,0.3,39.96,2.5
2.0,"2019-08-03 05:06:44.000000","2019-08-03 05:17:35.000000",6.0,2.46,1.0,N,234.0,264.0,1.0,9.5,3.0,0.5,2.66,0.0,0.3,15.96,0.0
1.0,"2019-08-03 05:09:37.000000","2019-08-03 05:09:37.000000",1.0,0.0,1.0,N,234.0,264.0,2.0,3.5,3.0,0.5,0.0,0.0,0.3,7.3,2.5
1.0,"2019-08-03 08:05:27.000000","2019-08-03 08:05:27.000000",1.0,0.0,1.0,N,234.0,264.0,2.0,4.5,2.5,0.5,0.0,0.0,0.3,7.8,2.5
2.0,"2019-08-03 14:07:09.000000","2019-08-03 14:14:48.000000",1.0,1.65,1.0,N,234.0,264.0,2.0,7.5,2.5,0.5,0.0,0.0,0.3,10.8,0.0
2.0,"2019-08-03 16:32:23.000000","2019-08-03 16:53:38.000000",6.0,2.17,1.0,N,234.0,264.0,1.0,11.5,2.5,0.5,3.7,0.0,0.3,18.5,0.0
1.0,"2019-08-03 19:50:08.000000","2019-08-03 19:50:08.000000",1.0,0.0,1.0,Y,234.0,264.0,2.0,22.0,2.5,0.5,0.0,0.0,0.3,25.3,2.5
1.0,"2019-08-03 23:05:11.000000","2019-08-03 23:05:11.000000",3.0,0.0,1.0,Y,234.0,264.0,2.0,12.5,3.0,0.5,0.0,0.0,0.3,16.3,2.5
2.0,"2019-08-04 03:28:35.000000","2019-08-04 03:28:38.000000",1.0,0.0,5.0,N,234.0,264.0,1.0,9.0,0.0,0.5,0.0,0.0,0.3,9.8,0.0
2.0,"2019-08-04 04:19:11.000000","2019-08-04 04:37:25.000000",1.0,2.1,1.0,N,234.0,264.0,2.0,11.5,3.0,0.5,0.0,0.0,0.3,15.3,0.0
1.0,"2019-08-04 08:44:22.000000","2019-08-04 08:44:22.000000",1.0,0.0,1.0,N,234.0,264.0,2.0,6.5,2.5,0.5,0.0,0.0,0.3,9.8,2.5
2.0,"2019-08-04 10:11:07.000000","2019-08-04 10:11:14.000000",2.0,0.0,1.0,N,234.0,264.0,3.0,-2.5,0.0,-0.5,0.0,0.0,-0.3,-3.3,0.0
2.0,"2019-08-04 10:11:07.000000","2019-08-04 10:11:14.000000",2.0,0.0,1.0,N,234.0,264.0,2.0,2.5,0.0,0.5,0.0,0.0,0.3,3.3,0.0
1.0,"2019-08-04 11:54:40.000000","2019-08-04 11:54:40.000000",1.0,0.0,1.0,N,234.0,264.0,2.0,8.5,2.5,0.5,0.0,0.0,0.3,11.8,2.5
2.0,"2019-08-04 15:14:19.000000","2019-08-04 15:14:23.000000",1.0,0.0,5.0,N,234.0,264.0,1.0,65.0,0.0,0.5,20.0,0.0,0.3,85.8,0.0
2.0,"2019-08-04 16:44:46.000000","2019-08-04 17:33:35.000000",3.0,17.17,2.0,N,234.0,264.0,2.0,52.0,2.5,0.5,0.0,6.12,0.3,61.42,0.0
1.0,"2019-08-04 23:30:22.000000","2019-08-04 23:30:22.000000",1.0,0.0,1.0,N,234.0,264.0,2.0,4.5,3.0,0.5,0.0,0.0,0.3,8.3,2.5
2.0,"2019-08-05 02:55:29.000000","2019-08-05 03:03:28.000000",1.0,1.18,1.0,N,234.0,264.0,1.0,6.0,3.0,0.5,0.0,0.0,0.3,9.8,0.0
2.0,"2019-08-05 09:43:44.000000","2019-08-05 09:51:19.000000",2.0,1.12,1.0,N,234.0,264.0,1.0,7.0,2.5,0.5,2.06,0.0,0.3,12.36,0.0
2.0,"2019-08-05 09:58:06.000000","2019-08-05 09:58:09.000000",1.0,0.0,5.0,N,234.0,264.0,1.0,65.0,0.0,0.0,13.06,0.0,0.3,78.36,0.0
2.0,"2019-08-05 10:21:16.000000","2019-08-05 10:21:25.000000",1.0,0.0,5.0,N,234.0,264.0,1.0,8.0,0.0,0.0,1.0,0.0,0.3,11.8,2.5
1.0,"2019-08-05 14:44:45.000000","2019-08-05 14:44:45.000000",1.0,0.0,1.0,N,234.0,264.0,2.0,2.5,2.5,0.5,0.0,0.0,0.3,5.8,2.5
2.0,"2019-08-05 15:02:10.000000","2019-08-05 15:02:13.000000",1.0,0.0,5.0,N,234.0,264.0,1.0,12.0,0.0,0.5,2.56,0.0,0.3,15.36,0.0
1.0,"2019-08-05 16:10:10.000000","2019-08-05 16:10:10.000000",1.0,0.0,1.0,N,234.0,264.0,2.0,35.53,0.0,0.0,0.0,0.0,0.0,35.53,0.0
2.0,"2019-08-05 18:53:14.000000","2019-08-05 18:53:25.000000",5.0,0.02,3.0,N,234.0,264.0,2.0,20.0,1.0,0.0,0.0,0.0,0.3,21.3,0.0
1.0,"2019-08-05 19:46:18.000000","2019-08-05 19:46:18.000000",1.0,0.0,1.0,Y,234.0,264.0,2.0,11.5,3.5,0.5,0.0,0.0,0.3,15.8,2.5
1.0,"2019-08-05 20:41:42.000000","2019-08-05 20:41:42.000000",2.0,0.0,1.0,Y,234.0,264.0,2.0,4.5,3.0,0.5,0.0,0.0,0.3,8.3,2.5
1.0,"2019-08-05 21:57:17.000000","2019-08-05 21:57:17.000000",1.0,0.0,1.0,N,234.0,264.0,2.0,4.5,3.0,0.5,0.0,0.0,0.3,8.3,2.5
1.0,"2019-08-05 22:38:33.000000","2019-08-05 22:38:33.000000",2.0,0.0,1.0,N,234.0,264.0,2.0,11.5,3.0,0.5,0.0,0.0,0.3,15.3,2.5
2.0,"2019-08-06 06:39:33.000000","2019-08-06 06:54:54.000000",1.0,3.28,1.0,N,234.0,264.0,2.0,12.5,2.5,0.5,0.0,0.0,0.3,15.8,0.0
1.0,"2019-08-06 08:14:55.000000","2019-08-06 08:14:55.000000",1.0,0.0,1.0,Y,234.0,264.0,2.0,15.5,2.5,0.5,0.0,0.0,0.3,18.8,2.5
1.0,"2019-08-06 15:47:07.000000","2019-08-06 15:47:07.000000",1.0,0.0,1.0,N,234.0,264.0,2.0,6.0,2.5,0.5,0.0,0.0,0.3,9.3,2.5
2.0,"2019-08-06 16:55:22.000000","2019-08-06 16:55:31.000000",2.0,0.0,1.0,N,234.0,264.0,1.0,2.5,1.0,0.5,7.0,0.0,0.3,13.8,2.5
1.0,"2019-08-06 18:25:02.000000","2019-08-06 18:39:55.000000",1.0,2.2,1.0,N,234.0,264.0,1.0,11.5,3.5,0.5,0.0,0.0,0.3,15.8,2.5
1.0,"2019-08-06 19:48:59.000000","2019-08-06 19:59:34.000000",4.0,1.2,1.0,N,234.0,264.0,4.0,8.5,3.5,0.5,0.0,0.0,0.3,12.8,2.5
2.0,"2019-08-06 22:32:21.000000","2019-08-06 22:32:25.000000",1.0,0.0,5.0,N,234.0,264.0,1.0,63.0,0.0,0.5,12.76,0.0,0.3,76.56,0.0
2.0,"2019-08-07 00:25:04.000000","2019-08-07 00:25:09.000000",1.0,0.02,1.0,N,234.0,264.0,2.0,2.5,0.5,0.5,0.0,0.0,0.3,3.8,0.0
2.0,"2019-08-07 00:36:12.000000","2019-08-07 00:36:13.000000",1.0,0.0,5.0,N,234.0,264.0,1.0,65.0,0.0,0.0,5.0,0.0,0.3,70.3,0.0
1.0,"2019-08-07 15:37:52.000000","2019-08-07 15:37:52.000000",1.0,0.0,1.0,N,234.0,264.0,2.0,12.5,2.5,0.5,0.0,0.0,0.3,15.8,2.5
1.0,"2019-08-07 16:21:20.000000","2019-08-07 16:32:14.000000",1.0,1.4,1.0,N,234.0,264.0,1.0,8.5,3.5,0.5,2.0,0.0,0.3,14.8,2.5
1.0,"2019-08-07 17:49:45.000000","2019-08-07 18:09:46.000000",1.0,4.4,1.0,N,234.0,264.0,1.0,17.5,3.5,0.5,4.35,0.0,0.3,26.15,2.5
2.0,"2019-08-07 18:18:23.000000","2019-08-07 18:36:30.000000",2.0,0.55,1.0,N,234.0,264.0,2.0,11.0,3.5,0.5,0.0,0.0,0.3,15.3,0.0
2.0,"2019-08-07 19:02:41.000000","2019-08-07 19:16:22.000000",1.0,1.27,1.0,N,234.0,264.0,2.0,8.5,1.0,0.5,0.0,0.0,0.3,10.3,0.0
1.0,"2019-08-07 20:14:46.000000","2019-08-07 20:14:46.000000",1.0,0.0,1.0,N,234.0,264.0,2.0,10.5,3.0,0.5,0.0,0.0,0.3,14.3,2.5
2.0,"2019-08-08 02:02:15.000000","2019-08-08 02:16:52.000000",1.0,1.98,1.0,N,234.0,264.0,2.0,10.0,0.5,0.5,0.0,0.0,0.3,11.3,0.0
1.0,"2019-08-08 06:37:09.000000","2019-08-08 06:37:09.000000",1.0,0.0,1.0,Y,234.0,264.0,2.0,2.5,2.5,0.5,0.0,0.0,0.3,5.8,2.5
2.0,"2019-08-08 09:27:59.000000","2019-08-08 09:28:01.000000",1.0,0.0,5.0,N,234.0,264.0,1.0,5.0,0.0,0.0,3.0,0.0,0.3,8.3,0.0
2.0,"2019-08-08 13:01:21.000000","2019-08-08 13:28:25.000000",1.0,2.67,1.0,N,234.0,264.0,1.0,16.5,2.5,0.5,3.96,0.0,0.3,23.76,0.0
2.0,"2019-08-08 15:24:13.000000","2019-08-08 15:38:30.000000",4.0,0.64,1.0,N,234.0,264.0,1.0,7.0,2.5,0.5,2.06,0.0,0.3,12.36,0.0
1.0,"2019-08-08 18:07:03.000000","2019-08-08 18:07:03.000000",0.0,0.0,1.0,Y,234.0,264.0,2.0,12.5,3.5,0.5,0.0,0.0,0.3,16.8,2.5
1.0,"2019-08-08 19:27:11.000000","2019-08-08 19:27:11.000000",1.0,0.0,1.0,N,234.0,264.0,2.0,2.5,3.5,0.5,0.0,0.0,0.3,6.8,2.5
2.0,"2019-08-09 00:09:11.000000","2019-08-09 00:09:18.000000",1.0,0.0,5.0,N,234.0,264.0,1.0,12.3,0.0,0.0,3.02,0.0,0.3,18.12,2.5
1.0,"2019-08-09 01:53:32.000000","2019-08-09 01:53:32.000000",1.0,0.0,1.0,Y,234.0,264.0,2.0,8.0,3.0,0.5,0.0,0.0,0.3,11.8,2.5
1.0,"2019-08-09 09:46:42.000000","2019-08-09 09:49:03.000000",1.0,0.3,1.0,N,234.0,264.0,1.0,3.5,2.5,0.5,1.0,0.0,0.3,7.8,2.5
1.0,"2019-08-09 15:16:48.000000","2019-08-09 15:16:48.000000",1.0,0.0,1.0,N,234.0,264.0,2.0,9.5,2.5,0.5,0.0,0.0,0.3,12.8,2.5
1.0,"2019-08-09 22:09:54.000000","2019-08-09 22:09:54.000000",2.0,0.0,1.0,N,234.0,264.0,2.0,2.5,3.0,0.5,0.0,0.0,0.3,6.3,2.5
1.0,"2019-08-10 02:39:37.000000","2019-08-10 02:39:37.000000",1.0,0.0,1.0,N,234.0,264.0,2.0,6.0,3.0,0.5,0.0,0.0,0.3,9.8,2.5
2.0,"2019-08-10 09:04:48.000000","2019-08-10 09:04:56.000000",1.0,0.0,5.0,N,234.0,264.0,1.0,10.8,0.0,0.0,1.75,0.0,0.3,12.85,0.0
2.0,"2019-08-10 11:15:23.000000","2019-08-10 11:16:27.000000",1.0,0.0,1.0,N,234.0,264.0,2.0,2.5,0.0,0.5,0.0,0.0,0.3,5.8,2.5
2.0,"2019-08-10 12:23:47.000000","2019-08-10 12:44:28.000000",6.0,1.22,1.0,N,234.0,264.0,2.0,10.5,2.5,0.5,0.0,0.0,0.3,13.8,0.0
2.0,"2019-08-10 21:15:18.000000","2019-08-10 21:33:48.000000",1.0,1.2,1.0,N,234.0,264.0,1.0,8.5,3.0,0.5,2.46,0.0,0.3,14.76,0.0
1.0,"2019-08-10 23:18:13.000000","2019-08-10 23:18:13.000000",1.0,0.0,1.0,N,234.0,264.0,2.0,2.5,3.0,0.5,0.0,0.0,0.3,6.3,2.5
2.0,"2019-08-11 00:59:24.000000","2019-08-11 01:13:29.000000",1.0,3.99,1.0,N,234.0,264.0,1.0,14.0,3.0,0.5,3.0,0.0,0.3,20.8,0.0
1.0,"2019-08-11 02:36:26.000000","2019-08-11 02:36:26.000000",3.0,0.0,1.0,Y,234.0,264.0,2.0,7.5,3.0,0.5,0.0,0.0,0.3,11.3,2.5
2.0,"2019-08-11 10:23:58.000000","2019-08-11 10:24:07.000000",1.0,0.01,2.0,N,234.0,264.0,2.0,52.0,0.0,0.5,0.0,0.0,0.3,52.8,0.0
1.0,"2019-08-11 13:26:56.000000","2019-08-11 13:26:56.000000",2.0,0.0,1.0,N,234.0,264.0,2.0,2.5,2.5,0.5,0.0,0.0,0.3,5.8,2.5
1.0,"2019-08-11 15:19:19.000000","2019-08-11 15:19:19.000000",1.0,0.0,3.0,Y,234.0,264.0,2.0,27.0,0.0,0.0,0.0,0.0,0.3,27.3,0.0
2.0,"2019-08-11 15:10:21.000000","2019-08-11 15:35:26.000000",2.0,2.41,1.0,N,234.0,264.0,2.0,16.5,2.5,0.5,0.0,0.0,0.3,19.8,0.0
1.0,"2019-08-11 17:48:58.000000","2019-08-11 17:48:58.000000",2.0,0.0,1.0,N,234.0,264.0,2.0,11.0,2.5,0.5,0.0,0.0,0.3,14.3,2.5
1.0,"2019-08-11 23:49:26.000000","2019-08-11 23:49:26.000000",0.0,0.0,1.0,Y,234.0,264.0,2.0,22.0,3.0,0.5,0.0,0.0,0.3,25.8,2.5
2.0,"2019-08-12 09:46:40.000000","2019-08-12 10:12:36.000000",1.0,3.01,1.0,N,234.0,264.0,1.0,16.0,2.5,0.5,3.86,0.0,0.3,23.16,0.0
2.0,"2019-08-12 10:19:01.000000","2019-08-12 10:34:08.000000",1.0,1.44,1.0,N,234.0,264.0,1.0,9.5,2.5,0.5,2.56,0.0,0.3,15.36,0.0
2.0,"2019-08-12 12:25:42.000000","2019-08-12 12:25:46.000000",1.0,0.0,5.0,N,234.0,264.0,1.0,16.0,0.0,0.5,3.36,0.0,0.3,20.16,0.0
1.0,"2019-08-12 14:28:54.000000","2019-08-12 14:28:54.000000",1.0,0.0,1.0,Y,234.0,264.0,2.0,51.0,0.0,0.0,0.0,0.0,0.0,51.0,0.0
2.0,"2019-08-12 15:21:48.000000","2019-08-12 17:35:37.000000",1.0,1.03,1.0,N,234.0,264.0,2.0,9.5,2.5,0.5,0.0,0.0,0.3,12.8,0.0
1.0,"2019-08-12 15:25:58.000000","2019-08-12 15:25:58.000000",1.0,0.0,1.0,Y,234.0,264.0,2.0,2.5,2.5,0.5,0.0,0.0,0.3,5.8,2.5
1.0,"2019-08-12 16:16:22.000000","2019-08-12 16:16:22.000000",1.0,0.0,1.0,N,234.0,264.0,2.0,2.5,3.5,0.5,0.0,0.0,0.3,6.8,2.5
2.0,"2019-08-12 22:53:01.000000","2019-08-12 22:53:43.000000",5.0,0.0,5.0,N,234.0,264.0,1.0,65.0,0.0,0.5,14.88,6.12,0.3,89.3,2.5
2.0,"2019-08-12 23:17:36.000000","2019-08-12 23:17:37.000000",2.0,0.0,5.0,N,234.0,264.0,1.0,65.0,0.0,0.5,13.16,0.0,0.3,78.96,0.0
1.0,"2019-08-13 07:11:41.000000","2019-08-13 07:21:27.000000",1.0,2.6,1.0,N,234.0,264.0,1.0,10.0,2.5,0.5,2.65,0.0,0.3,15.95,2.5
2.0,"2019-08-13 07:14:34.000000","2019-08-13 07:14:38.000000",5.0,0.0,1.0,N,234.0,264.0,2.0,2.5,0.0,0.5,0.0,0.0,0.3,3.3,0.0
2.0,"2019-08-13 09:18:08.000000","2019-08-13 09:19:17.000000",1.0,0.0,1.0,N,234.0,264.0,1.0,2.5,0.0,0.5,9.8,0.0,0.3,15.6,2.5
2.0,"2019-08-13 11:04:03.000000","2019-08-13 11:12:38.000000",1.0,0.91,1.0,N,234.0,264.0,1.0,7.0,2.5,0.5,2.06,0.0,0.3,12.36,0.0
1.0,"2019-08-13 11:37:15.000000","2019-08-13 11:37:15.000000",1.0,0.0,1.0,N,234.0,264.0,2.0,22.0,2.5,0.5,0.0,0.0,0.3,25.3,2.5
1.0,"2019-08-13 12:40:11.000000","2019-08-13 12:40:11.000000",1.0,0.0,1.0,N,234.0,264.0,2.0,4.5,2.5,0.5,0.0,0.0,0.3,7.8,2.5
1.0,"2019-08-13 15:14:22.000000","2019-08-13 15:14:22.000000",1.0,0.0,1.0,N,234.0,264.0,2.0,2.5,2.5,0.5,0.0,0.0,0.3,5.8,2.5
1.0,"2019-08-13 21:22:02.000000","2019-08-13 21:22:02.000000",1.0,0.0,1.0,Y,234.0,264.0,2.0,5.0,3.0,0.5,0.0,0.0,0.3,8.8,2.5
2.0,"2019-08-14 09:04:08.000000","2019-08-14 09:04:11.000000",1.0,0.0,5.0,N,234.0,264.0,1.0,69.0,0.0,0.5,10.0,0.0,0.3,79.8,0.0
2.0,"2019-08-14 10:44:00.000000","2019-08-14 10:44:41.000000",1.0,0.0,2.0,N,234.0,264.0,1.0,52.0,0.0,0.5,6.0,6.12,0.3,67.42,2.5
1.0,"2019-08-14 11:45:56.000000","2019-08-14 11:45:56.000000",1.0,0.0,1.0,N,234.0,264.0,2.0,21.0,2.5,0.5,0.0,0.0,0.3,24.3,2.5
1.0,"2019-08-14 11:34:03.000000","2019-08-14 11:58:41.000000",2.0,2.6,1.0,N,234.0,264.0,1.0,16.5,2.5,0.5,2.0,0.0,0.3,21.8,2.5
1.0,"2019-08-14 11:26:00.000000","2019-08-14 11:26:00.000000",1.0,0.0,1.0,N,234.0,264.0,2.0,7.0,2.5,0.5,0.0,0.0,0.3,10.3,2.5
2.0,"2019-08-14 17:32:53.000000","2019-08-14 17:46:29.000000",1.0,1.16,1.0,N,234.0,264.0,1.0,9.5,3.5,0.5,1.1,0.0,0.3,14.9,0.0
1.0,"2019-08-14 18:48:06.000000","2019-08-14 18:48:06.000000",1.0,0.0,1.0,N,234.0,264.0,2.0,29.0,0.0,0.0,0.0,0.0,0.0,29.0,0.0
1.0,"2019-08-14 20:43:31.000000","2019-08-14 20:43:31.000000",1.0,0.0,1.0,N,234.0,264.0,2.0,10.5,3.0,0.5,0.0,0.0,0.3,14.3,2.5
2.0,"2019-08-14 21:51:26.000000","2019-08-14 22:34:29.000000",1.0,7.32,1.0,N,234.0,264.0,1.0,29.0,3.0,0.5,6.56,0.0,0.3,39.36,0.0
2.0,"2019-08-14 22:33:48.000000","2019-08-14 22:33:54.000000",1.0,0.0,1.0,N,234.0,264.0,1.0,2.5,0.5,0.5,3.3,0.0,0.3,7.1,0.0
2.0,"2019-08-15 09:00:00.000000","2019-08-15 09:16:10.000000",1.0,1.3,1.0,N,234.0,264.0,1.0,8.0,2.5,0.5,1.0,0.0,0.3,12.3,0.0
1.0,"2019-08-15 13:28:30.000000","2019-08-15 13:28:30.000000",2.0,0.0,1.0,Y,234.0,264.0,2.0,13.0,2.5,0.5,0.0,0.0,0.3,16.3,2.5
2.0,"2019-08-15 14:14:23.000000","2019-08-15 14:24:19.000000",1.0,1.37,1.0,N,234.0,264.0,2.0,6.0,2.5,0.5,0.0,0.0,0.3,9.3,0.0
1.0,"2019-08-15 16:23:52.000000","2019-08-15 16:23:52.000000",1.0,0.0,1.0,N,234.0,264.0,2.0,2.5,3.5,0.5,0.0,0.0,0.3,6.8,2.5
1.0,"2019-08-15 17:29:24.000000","2019-08-15 17:29:24.000000",1.0,0.0,1.0,N,234.0,264.0,2.0,7.5,3.5,0.5,0.0,0.0,0.3,11.8,2.5
1.0,"2019-08-15 19:27:15.000000","2019-08-15 19:41:30.000000",1.0,3.8,1.0,N,234.0,264.0,1.0,13.5,3.5,0.5,3.55,0.0,0.3,21.35,2.5
2.0,"2019-08-15 19:22:56.000000","2019-08-15 19:23:06.000000",1.0,0.0,5.0,N,234.0,264.0,1.0,18.0,0.0,0.5,0.0,0.0,0.3,21.3,2.5
2.0,"2019-08-15 19:50:25.000000","2019-08-15 20:19:58.000000",1.0,10.17,1.0,N,234.0,264.0,2.0,30.0,3.5,0.5,0.0,0.0,0.3,34.3,0.0
2.0,"2019-08-15 21:37:27.000000","2019-08-15 21:58:06.000000",1.0,2.99,1.0,N,234.0,264.0,2.0,14.5,0.5,0.5,0.0,0.0,0.3,18.3,2.5
1.0,"2019-08-15 22:12:22.000000","2019-08-15 22:12:22.000000",1.0,0.0,1.0,Y,234.0,264.0,2.0,7.5,3.0,0.5,0.0,0.0,0.3,11.3,2.5
1.0,"2019-08-15 23:16:28.000000","2019-08-15 23:16:28.000000",1.0,0.0,1.0,Y,234.0,264.0,2.0,4.0,3.0,0.5,0.0,0.0,0.3,7.8,2.5
2.0,"2019-08-16 00:30:04.000000","2019-08-16 00:30:05.000000",1.0,0.0,5.0,N,234.0,264.0,1.0,10.0,0.0,0.0,2.58,0.0,0.3,12.88,0.0
2.0,"2019-08-16 01:37:02.000000","2019-08-16 02:28:07.000000",1.0,36.64,1.0,N,234.0,264.0,1.0,97.5,3.0,0.5,5.0,0.0,0.3,106.3,0.0
1.0,"2019-08-16 09:40:38.000000","2019-08-16 09:40:38.000000",1.0,0.0,1.0,N,234.0,264.0,3.0,0.0,0.0,0.0,0.0,0.0,0.0,0.0,0.0
2.0,"2019-08-16 09:16:16.000000","2019-08-16 09:17:59.000000",4.0,0.04,5.0,N,234.0,264.0,2.0,60.0,0.0,0.5,0.0,6.12,0.3,69.42,2.5
2.0,"2019-08-16 11:38:04.000000","2019-08-16 11:38:12.000000",5.0,0.0,1.0,N,234.0,264.0,2.0,2.5,0.0,0.5,0.0,0.0,0.3,5.8,2.5
1.0,"2019-08-16 13:34:56.000000","2019-08-16 13:34:56.000000",1.0,0.0,1.0,N,234.0,264.0,2.0,4.0,2.5,0.5,0.0,0.0,0.3,7.3,2.5
1.0,"2019-08-16 14:44:42.000000","2019-08-16 14:44:42.000000",1.0,0.0,1.0,Y,234.0,264.0,2.0,2.5,2.5,0.5,0.0,0.0,0.3,5.8,2.5
2.0,"2019-08-16 15:33:19.000000","2019-08-16 16:54:44.000000",1.0,2.35,1.0,N,234.0,264.0,1.0,13.0,2.5,0.5,3.26,0.0,0.3,19.56,0.0
1.0,"2019-08-16 16:30:57.000000","2019-08-16 16:30:57.000000",2.0,0.0,1.0,N,234.0,264.0,2.0,2.5,3.5,0.5,0.0,0.0,0.3,6.8,2.5
2.0,"2019-08-16 16:27:47.000000","2019-08-16 16:58:02.000000",1.0,4.57,1.0,N,234.0,264.0,1.0,20.0,3.5,0.5,4.86,0.0,0.3,29.16,0.0
1.0,"2019-08-16 21:07:39.000000","2019-08-16 21:13:42.000000",1.0,0.7,1.0,N,234.0,264.0,1.0,5.5,3.0,0.5,2.3,0.0,0.3,11.6,2.5
2.0,"2019-08-16 21:35:27.000000","2019-08-16 21:35:29.000000",1.0,0.0,5.0,N,234.0,264.0,1.0,55.0,0.0,0.0,0.0,0.0,0.3,55.3,0.0
1.0,"2019-08-16 23:49:54.000000","2019-08-16 23:58:56.000000",1.0,1.2,1.0,N,234.0,264.0,1.0,8.0,3.0,0.5,2.35,0.0,0.3,14.15,2.5
1.0,"2019-08-17 00:38:54.000000","2019-08-17 00:48:32.000000",2.0,1.9,1.0,N,234.0,264.0,1.0,9.0,3.0,0.5,2.55,0.0,0.3,15.35,2.5
1.0,"2019-08-17 13:36:03.000000","2019-08-17 13:48:18.000000",2.0,1.5,1.0,N,234.0,264.0,1.0,9.0,2.5,0.5,1.2,0.0,0.3,13.5,2.5
2.0,"2019-08-17 17:43:14.000000","2019-08-17 17:43:17.000000",1.0,0.0,5.0,N,234.0,264.0,1.0,12.0,0.0,0.5,5.0,0.0,0.3,17.8,0.0
1.0,"2019-08-17 17:16:42.000000","2019-08-17 17:16:42.000000",1.0,0.0,1.0,Y,234.0,264.0,2.0,43.0,0.0,0.0,0.0,0.0,0.0,43.0,0.0
1.0,"2019-08-17 19:40:51.000000","2019-08-17 19:40:51.000000",2.0,0.0,5.0,Y,234.0,264.0,2.0,0.0,0.0,0.0,0.0,0.0,0.0,0.0,0.0
1.0,"2019-08-17 22:42:13.000000","2019-08-17 22:42:13.000000",1.0,0.0,1.0,N,234.0,264.0,2.0,3.0,3.0,0.5,0.0,0.0,0.3,6.8,2.5
1.0,"2019-08-18 12:37:38.000000","2019-08-18 12:37:38.000000",1.0,0.0,1.0,N,234.0,264.0,2.0,3.0,2.5,0.5,0.0,0.0,0.3,6.3,2.5
2.0,"2019-08-18 12:28:34.000000","2019-08-18 12:28:39.000000",1.0,0.03,2.0,N,234.0,264.0,2.0,52.0,0.0,0.5,0.0,0.0,0.3,52.8,0.0
2.0,"2019-08-18 14:10:43.000000","2019-08-18 14:10:52.000000",1.0,0.0,5.0,N,234.0,264.0,1.0,65.0,0.0,0.5,13.66,0.0,0.3,81.96,2.5
2.0,"2019-08-18 15:46:44.000000","2019-08-18 16:04:54.000000",1.0,1.27,1.0,N,234.0,264.0,1.0,9.0,2.5,0.5,1.0,0.0,0.3,13.3,0.0
1.0,"2019-08-18 19:31:02.000000","2019-08-18 19:31:02.000000",1.0,0.0,1.0,N,234.0,264.0,2.0,2.5,3.0,0.5,0.0,0.0,0.3,6.3,2.5
2.0,"2019-08-18 21:50:43.000000","2019-08-18 21:58:54.000000",6.0,1.01,1.0,N,234.0,264.0,1.0,5.5,3.0,0.5,2.79,0.0,0.3,12.09,0.0
2.0,"2019-08-19 07:46:06.000000","2019-08-19 07:46:15.000000",6.0,1.16,1.0,N,234.0,264.0,1.0,7.0,0.0,0.5,2.06,0.0,0.3,12.36,2.5
2.0,"2019-08-19 09:29:19.000000","2019-08-19 09:29:24.000000",2.0,0.0,5.0,N,234.0,264.0,1.0,25.8,0.0,0.0,5.22,0.0,0.3,31.32,0.0
2.0,"2019-08-19 11:27:05.000000","2019-08-19 11:54:37.000000",1.0,5.06,1.0,N,234.0,264.0,1.0,19.5,2.5,0.5,3.0,0.0,0.3,25.8,0.0
2.0,"2019-08-19 12:07:12.000000","2019-08-19 12:13:28.000000",1.0,0.62,1.0,N,234.0,264.0,2.0,5.5,2.5,0.5,0.0,0.0,0.3,8.8,0.0
1.0,"2019-08-19 14:45:42.000000","2019-08-19 14:45:42.000000",1.0,0.0,1.0,N,234.0,264.0,2.0,2.5,2.5,0.5,0.0,0.0,0.3,5.8,2.5
2.0,"2019-08-19 07:51:28.000000","2019-08-19 07:51:31.000000",1.0,0.0,1.0,N,234.0,264.0,2.0,2.5,0.0,0.5,0.0,0.0,0.3,3.3,0.0
1.0,"2019-08-19 15:41:58.000000","2019-08-19 15:44:16.000000",1.0,0.3,1.0,N,234.0,264.0,2.0,3.5,2.5,0.5,0.0,0.0,0.3,6.8,2.5
1.0,"2019-08-19 15:17:27.000000","2019-08-19 15:17:27.000000",1.0,0.0,1.0,N,234.0,264.0,2.0,6.5,2.5,0.5,0.0,0.0,0.3,9.8,2.5
2.0,"2019-08-19 17:55:38.000000","2019-08-19 18:00:55.000000",1.0,0.0,1.0,N,234.0,264.0,2.0,4.5,3.5,0.5,0.0,0.0,0.3,8.8,0.0
1.0,"2019-08-19 18:26:29.000000","2019-08-19 18:26:29.000000",1.0,0.0,1.0,N,234.0,264.0,2.0,27.0,0.0,0.0,0.0,0.0,0.0,27.0,0.0
1.0,"2019-08-19 19:51:00.000000","2019-08-19 19:51:00.000000",1.0,0.0,1.0,Y,234.0,264.0,2.0,9.0,3.5,0.5,0.0,0.0,0.3,13.3,2.5
2.0,"2019-08-19 21:43:29.000000","2019-08-19 21:52:46.000000",2.0,1.37,1.0,N,234.0,264.0,2.0,8.0,3.0,0.5,0.0,0.0,0.3,11.8,0.0
2.0,"2019-08-19 21:40:59.000000","2019-08-19 21:48:38.000000",1.0,1.15,1.0,N,234.0,264.0,1.0,7.0,3.0,0.5,2.16,0.0,0.3,12.96,0.0
2.0,"2019-08-19 21:03:06.000000","2019-08-19 21:20:48.000000",3.0,2.78,1.0,N,234.0,264.0,1.0,12.5,3.0,0.5,4.89,0.0,0.3,21.19,0.0
2.0,"2019-08-20 11:29:21.000000","2019-08-20 11:29:25.000000",2.0,0.0,5.0,N,234.0,264.0,1.0,65.0,0.0,0.0,13.06,0.0,0.3,78.36,0.0
2.0,"2019-08-20 11:29:36.000000","2019-08-20 11:29:45.000000",6.0,0.0,1.0,N,234.0,264.0,3.0,-2.5,0.0,-0.5,0.0,0.0,-0.3,-3.3,0.0
2.0,"2019-08-20 11:29:36.000000","2019-08-20 11:29:45.000000",6.0,0.0,1.0,N,234.0,264.0,2.0,2.5,0.0,0.5,0.0,0.0,0.3,3.3,0.0
2.0,"2019-08-20 12:43:50.000000","2019-08-20 13:11:37.000000",2.0,7.07,1.0,N,234.0,264.0,1.0,25.5,2.5,0.5,1.0,0.0,0.3,29.8,0.0
1.0,"2019-08-20 18:58:42.000000","2019-08-20 19:06:31.000000",1.0,1.2,1.0,N,234.0,264.0,1.0,7.0,3.5,0.5,1.0,0.0,0.3,12.3,2.5
1.0,"2019-08-20 22:04:56.000000","2019-08-20 22:04:56.000000",1.0,0.0,5.0,Y,234.0,264.0,2.0,45.0,0.0,0.0,0.0,0.0,0.3,45.3,0.0
1.0,"2019-08-20 23:10:38.000000","2019-08-20 23:10:38.000000",1.0,0.0,1.0,Y,234.0,264.0,2.0,41.0,0.0,0.0,0.0,0.0,0.0,41.0,0.0
2.0,"2019-08-21 00:28:45.000000","2019-08-21 01:17:44.000000",1.0,6.85,1.0,N,234.0,264.0,2.0,26.0,3.0,0.5,0.0,0.0,0.3,29.8,0.0
1.0,"2019-08-21 02:49:54.000000","2019-08-21 02:49:54.000000",1.0,0.0,1.0,N,234.0,264.0,2.0,5.0,3.0,0.5,0.0,0.0,0.3,8.8,2.5
2.0,"2019-08-21 02:09:36.000000","2019-08-21 02:09:43.000000",1.0,0.0,5.0,N,234.0,264.0,1.0,15.0,0.0,0.5,3.16,0.0,0.3,18.96,0.0
1.0,"2019-08-21 13:42:03.000000","2019-08-21 13:42:03.000000",3.0,0.0,1.0,N,234.0,264.0,2.0,10.0,2.5,0.5,0.0,0.0,0.3,13.3,2.5
1.0,"2019-08-21 13:18:23.000000","2019-08-21 13:18:23.000000",2.0,0.0,1.0,N,234.0,264.0,2.0,18.5,2.5,0.5,0.0,0.0,0.3,21.8,2.5
1.0,"2019-08-21 17:00:57.000000","2019-08-21 17:00:57.000000",1.0,0.0,1.0,N,234.0,264.0,2.0,22.0,3.5,0.5,0.0,0.0,0.3,26.3,0.0
2.0,"2019-08-21 17:04:04.000000","2019-08-21 17:04:11.000000",1.0,0.0,2.0,N,234.0,264.0,2.0,0.0,0.0,0.0,0.0,0.0,0.0,0.0,0.0
1.0,"2019-08-21 21:12:22.000000","2019-08-21 21:12:22.000000",1.0,0.0,1.0,N,234.0,264.0,2.0,8.5,3.0,0.5,0.0,0.0,0.3,12.3,2.5
1.0,"2019-08-21 21:17:23.000000","2019-08-21 21:17:23.000000",1.0,0.0,1.0,Y,234.0,264.0,2.0,6.5,3.0,0.5,0.0,0.0,0.3,10.3,2.5
2.0,"2019-08-21 21:18:42.000000","2019-08-21 21:40:17.000000",1.0,3.71,1.0,N,234.0,264.0,1.0,15.0,3.0,0.5,3.76,0.0,0.3,22.56,0.0
2.0,"2019-08-21 22:24:04.000000","2019-08-21 22:24:06.000000",1.0,0.0,5.0,N,234.0,264.0,1.0,63.0,0.0,0.5,12.76,0.0,0.3,76.56,0.0
1.0,"2019-08-22 10:44:09.000000","2019-08-22 10:44:09.000000",2.0,0.0,1.0,Y,234.0,264.0,2.0,18.5,2.5,0.5,0.0,0.0,0.3,21.8,2.5
1.0,"2019-08-22 13:23:15.000000","2019-08-22 13:23:15.000000",1.0,0.0,1.0,Y,234.0,264.0,2.0,3.0,2.5,0.5,0.0,0.0,0.3,6.3,2.5
2.0,"2019-08-22 13:20:24.000000","2019-08-22 13:20:27.000000",1.0,0.42,5.0,N,234.0,264.0,1.0,61.0,0.0,0.5,15.45,0.0,0.3,77.25,0.0
1.0,"2019-08-22 16:50:40.000000","2019-08-22 16:50:40.000000",1.0,0.0,1.0,Y,234.0,264.0,2.0,5.5,3.5,0.5,0.0,0.0,0.3,9.8,2.5
2.0,"2019-08-22 19:39:06.000000","2019-08-22 19:53:20.000000",3.0,1.96,1.0,N,234.0,264.0,1.0,9.5,3.5,0.5,2.0,0.0,0.3,15.8,0.0
1.0,"2019-08-22 20:45:55.000000","2019-08-22 20:45:55.000000",1.0,0.0,1.0,Y,234.0,264.0,2.0,6.5,3.0,0.5,0.0,0.0,0.3,10.3,2.5
2.0,"2019-08-23 06:14:57.000000","2019-08-23 06:14:59.000000",2.0,0.1,5.0,N,234.0,264.0,1.0,62.0,0.0,0.5,10.0,0.0,0.3,72.8,0.0
2.0,"2019-08-23 08:42:50.000000","2019-08-23 09:06:27.000000",1.0,2.53,1.0,N,234.0,264.0,2.0,14.5,2.5,0.5,0.0,0.0,0.3,17.8,0.0
2.0,"2019-08-23 11:20:01.000000","2019-08-23 11:20:03.000000",1.0,0.0,1.0,N,234.0,264.0,1.0,2.5,0.0,0.5,2.0,0.0,0.3,5.3,0.0
2.0,"2019-08-23 12:52:26.000000","2019-08-23 13:17:19.000000",2.0,2.12,1.0,N,234.0,264.0,1.0,13.0,2.5,0.5,2.0,0.0,0.3,18.3,0.0
2.0,"2019-08-23 22:57:16.000000","2019-08-23 23:19:31.000000",1.0,3.55,1.0,N,234.0,264.0,1.0,15.0,3.0,0.5,5.64,0.0,0.3,24.44,0.0
1.0,"2019-08-23 23:31:58.000000","2019-08-23 23:39:06.000000",2.0,1.1,1.0,N,234.0,264.0,1.0,6.5,3.0,0.5,1.0,0.0,0.3,11.3,2.5
1.0,"2019-08-24 01:50:57.000000","2019-08-24 01:50:57.000000",2.0,0.0,1.0,N,234.0,264.0,2.0,7.5,3.0,0.5,0.0,0.0,0.3,11.3,2.5
2.0,"2019-08-24 02:33:51.000000","2019-08-24 02:33:54.000000",1.0,0.0,5.0,N,234.0,264.0,1.0,11.0,0.0,0.5,2.36,0.0,0.3,14.16,0.0
2.0,"2019-08-24 10:58:20.000000","2019-08-24 11:06:58.000000",5.0,1.76,1.0,N,234.0,264.0,1.0,8.5,2.5,0.5,2.36,0.0,0.3,14.16,0.0
2.0,"2019-08-24 13:47:46.000000","2019-08-24 13:47:50.000000",1.0,0.02,2.0,N,234.0,264.0,2.0,52.0,0.0,0.5,0.0,0.0,0.3,52.8,0.0
1.0,"2019-08-24 21:05:01.000000","2019-08-24 21:05:01.000000",1.0,0.0,5.0,Y,234.0,264.0,2.0,0.0,0.0,0.0,0.0,0.0,0.0,0.0,0.0
1.0,"2019-08-24 21:53:06.000000","2019-08-24 21:53:06.000000",1.0,0.0,1.0,N,234.0,264.0,2.0,19.5,3.0,0.5,0.0,0.0,0.3,23.3,2.5
1.0,"2019-08-24 22:07:26.000000","2019-08-24 22:07:26.000000",1.0,0.0,1.0,N,234.0,264.0,2.0,57.0,0.0,0.0,0.0,0.0,0.0,57.0,0.0
1.0,"2019-08-25 10:43:28.000000","2019-08-25 10:43:28.000000",1.0,0.0,1.0,Y,234.0,264.0,2.0,5.5,2.5,0.5,0.0,0.0,0.3,8.8,2.5
2.0,"2019-08-25 16:59:54.000000","2019-08-25 16:59:56.000000",2.0,0.0,5.0,N,234.0,264.0,1.0,65.0,0.0,0.5,8.0,0.0,0.3,73.8,0.0
2.0,"2019-08-25 20:57:37.000000","2019-08-25 20:57:39.000000",0.0,0.0,5.0,N,234.0,264.0,1.0,9.0,0.0,0.5,1.96,0.0,0.3,11.76,0.0
2.0,"2019-08-25 23:36:38.000000","2019-08-25 23:36:43.000000",1.0,0.0,5.0,N,234.0,264.0,1.0,15.0,0.0,0.0,0.0,0.0,0.3,15.3,0.0
2.0,"2019-08-25 23:44:01.000000","2019-08-25 23:44:03.000000",1.0,0.05,5.0,N,234.0,264.0,1.0,62.0,0.0,0.0,10.0,0.0,0.3,72.3,0.0
2.0,"2019-08-26 00:12:49.000000","2019-08-26 00:12:55.000000",1.0,0.0,5.0,N,234.0,264.0,1.0,65.0,0.0,0.5,1.0,0.0,0.3,69.3,2.5
2.0,"2019-08-26 10:41:02.000000","2019-08-26 10:52:15.000000",1.0,1.05,1.0,N,234.0,264.0,1.0,6.0,2.5,0.5,0.0,0.0,0.3,9.3,0.0
1.0,"2019-08-26 14:41:44.000000","2019-08-26 14:41:44.000000",1.0,0.0,1.0,Y,234.0,264.0,2.0,5.0,2.5,0.5,0.0,0.0,0.3,8.3,2.5
1.0,"2019-08-26 14:46:38.000000","2019-08-26 14:59:04.000000",2.0,1.2,1.0,N,234.0,264.0,2.0,9.0,0.0,0.5,0.0,0.0,0.3,9.8,0.0
1.0,"2019-08-26 16:44:04.000000","2019-08-26 16:53:45.000000",1.0,1.6,1.0,N,234.0,264.0,2.0,8.5,3.5,0.5,0.0,0.0,0.3,12.8,2.5
1.0,"2019-08-26 16:06:22.000000","2019-08-26 16:06:22.000000",1.0,0.0,1.0,N,234.0,264.0,2.0,25.0,0.0,0.0,0.0,0.0,0.0,25.0,0.0
2.0,"2019-08-26 17:05:07.000000","2019-08-26 17:19:51.000000",1.0,1.72,1.0,N,234.0,264.0,1.0,8.5,3.5,0.5,3.2,0.0,0.3,16.0,0.0
1.0,"2019-08-26 17:33:17.000000","2019-08-26 17:33:17.000000",1.0,0.0,1.0,N,234.0,264.0,2.0,2.5,3.5,0.5,0.0,0.0,0.3,6.8,2.5
1.0,"2019-08-26 17:33:19.000000","2019-08-26 17:33:19.000000",1.0,0.0,1.0,N,234.0,264.0,2.0,2.5,3.5,0.5,0.0,0.0,0.3,6.8,2.5
1.0,"2019-08-26 19:06:02.000000","2019-08-26 19:06:02.000000",1.0,0.0,1.0,Y,234.0,264.0,2.0,15.5,3.5,0.5,0.0,0.0,0.3,19.8,2.5
1.0,"2019-08-26 19:19:28.000000","2019-08-26 19:19:28.000000",0.0,0.0,1.0,Y,234.0,264.0,2.0,6.5,3.5,0.5,0.0,0.0,0.3,10.8,2.5
2.0,"2019-08-26 21:08:29.000000","2019-08-26 21:08:36.000000",1.0,0.0,1.0,N,234.0,264.0,2.0,2.5,0.5,0.5,0.0,0.0,0.3,6.3,2.5
1.0,"2019-08-27 02:35:01.000000","2019-08-27 02:35:01.000000",1.0,0.0,1.0,Y,234.0,264.0,2.0,37.5,3.0,0.5,0.0,0.0,0.3,41.3,2.5
1.0,"2019-08-27 08:11:18.000000","2019-08-27 08:11:18.000000",1.0,0.0,1.0,N,234.0,264.0,2.0,9.0,2.5,0.5,0.0,0.0,0.3,12.3,2.5
2.0,"2019-08-27 13:57:44.000000","2019-08-27 14:10:13.000000",4.0,1.76,1.0,N,234.0,264.0,2.0,7.5,2.5,0.5,0.0,0.0,0.3,10.8,0.0
1.0,"2019-08-27 14:04:17.000000","2019-08-27 14:04:17.000000",1.0,0.0,1.0,Y,234.0,264.0,2.0,29.0,0.0,0.0,0.0,0.0,0.0,29.0,0.0
2.0,"2019-08-27 14:45:58.000000","2019-08-27 14:54:09.000000",2.0,0.64,1.0,N,234.0,264.0,1.0,5.5,2.5,0.5,1.76,0.0,0.3,10.56,0.0
1.0,"2019-08-27 15:04:01.000000","2019-08-27 15:04:01.000000",1.0,0.0,1.0,N,234.0,264.0,2.0,13.0,2.5,0.5,0.0,0.0,0.3,16.3,2.5
1.0,"2019-08-27 16:24:24.000000","2019-08-27 16:24:24.000000",1.0,0.0,1.0,N,234.0,264.0,2.0,4.5,3.5,0.5,0.0,0.0,0.3,8.8,2.5
1.0,"2019-08-27 17:12:00.000000","2019-08-27 17:12:00.000000",1.0,0.0,1.0,N,234.0,264.0,2.0,21.0,3.5,0.5,0.0,0.0,0.3,25.3,2.5
1.0,"2019-08-27 19:04:12.000000","2019-08-27 19:04:12.000000",3.0,0.0,1.0,N,234.0,264.0,2.0,6.5,3.5,0.5,0.0,0.0,0.3,10.8,2.5
1.0,"2019-08-28 06:07:11.000000","2019-08-28 06:07:11.000000",1.0,0.0,1.0,N,234.0,264.0,2.0,6.0,2.5,0.5,0.0,0.0,0.3,9.3,2.5
2.0,"2019-08-28 09:26:06.000000","2019-08-28 09:26:10.000000",1.0,0.01,1.0,N,234.0,264.0,2.0,2.5,0.0,0.5,0.0,0.0,0.3,3.3,0.0
1.0,"2019-08-28 13:21:51.000000","2019-08-28 13:21:51.000000",1.0,0.0,1.0,N,234.0,264.0,2.0,6.0,2.5,0.5,0.0,0.0,0.3,9.3,2.5
1.0,"2019-08-28 13:59:49.000000","2019-08-28 13:59:49.000000",1.0,0.0,1.0,N,234.0,264.0,2.0,8.0,2.5,0.5,0.0,0.0,0.3,11.3,2.5
1.0,"2019-08-28 16:22:03.000000","2019-08-28 16:22:03.000000",1.0,0.0,1.0,Y,234.0,264.0,2.0,2.5,3.5,0.5,0.0,0.0,0.3,6.8,2.5
2.0,"2019-08-28 17:27:31.000000","2019-08-28 17:58:21.000000",5.0,3.9,1.0,N,234.0,264.0,1.0,19.0,3.5,0.5,1.5,0.0,0.3,24.8,0.0
2.0,"2019-08-28 21:39:12.000000","2019-08-28 21:39:22.000000",1.0,0.0,1.0,N,234.0,264.0,1.0,2.5,0.5,0.5,0.0,0.0,0.3,6.3,2.5
2.0,"2019-08-28 21:38:12.000000","2019-08-28 21:56:29.000000",2.0,2.46,1.0,N,234.0,264.0,1.0,12.0,3.0,0.5,3.16,0.0,0.3,18.96,0.0
2.0,"2019-08-29 00:25:29.000000","2019-08-29 00:25:40.000000",1.0,0.0,5.0,N,234.0,264.0,1.0,70.0,0.0,0.0,0.0,0.0,0.3,70.3,0.0
2.0,"2019-08-29 08:06:45.000000","2019-08-29 08:06:52.000000",1.0,0.0,5.0,N,234.0,264.0,1.0,8.0,0.0,0.5,0.7,0.0,0.3,12.0,2.5
2.0,"2019-08-29 09:39:10.000000","2019-08-29 09:39:13.000000",1.0,0.0,1.0,N,234.0,264.0,1.0,2.5,0.0,0.5,5.0,0.0,0.3,8.3,0.0
1.0,"2019-08-29 11:36:38.000000","2019-08-29 11:36:38.000000",1.0,0.0,1.0,N,234.0,264.0,2.0,29.0,0.0,0.0,0.0,0.0,0.0,29.0,0.0
1.0,"2019-08-29 13:37:52.000000","2019-08-29 13:37:52.000000",1.0,0.0,1.0,N,234.0,264.0,2.0,31.0,0.0,0.0,0.0,0.0,0.0,31.0,0.0
1.0,"2019-08-29 16:07:09.000000","2019-08-29 16:07:09.000000",1.0,0.0,1.0,N,234.0,264.0,2.0,39.0,0.0,0.0,0.0,0.0,0.0,39.0,0.0
1.0,"2019-08-29 17:54:59.000000","2019-08-29 18:03:30.000000",1.0,0.9,1.0,N,234.0,264.0,1.0,7.0,3.5,0.5,2.25,0.0,0.3,13.55,2.5
1.0,"2019-08-29 17:28:37.000000","2019-08-29 17:28:37.000000",1.0,0.0,1.0,N,234.0,264.0,2.0,27.0,0.0,0.0,0.0,0.0,0.0,27.0,0.0
2.0,"2019-08-29 17:56:45.000000","2019-08-29 18:06:40.000000",2.0,1.12,1.0,N,234.0,264.0,1.0,8.0,3.5,0.5,1.84,0.0,0.3,14.14,0.0
2.0,"2019-08-29 18:34:51.000000","2019-08-29 18:46:25.000000",1.0,0.79,1.0,N,234.0,264.0,2.0,7.0,3.5,0.5,0.0,0.0,0.3,11.3,0.0
1.0,"2019-08-29 20:36:53.000000","2019-08-29 20:36:53.000000",1.0,0.0,1.0,N,234.0,264.0,2.0,2.5,3.0,0.5,0.0,0.0,0.3,6.3,2.5
1.0,"2019-08-30 11:24:48.000000","2019-08-30 11:24:48.000000",1.0,0.0,1.0,N,234.0,264.0,2.0,12.0,2.5,0.5,0.0,0.0,0.3,15.3,2.5
2.0,"2019-08-30 14:59:41.000000","2019-08-30 15:03:41.000000",3.0,0.64,1.0,N,234.0,264.0,1.0,4.5,0.0,0.5,1.56,0.0,0.3,9.36,2.5
1.0,"2019-08-30 21:49:44.000000","2019-08-30 21:49:44.000000",1.0,0.0,1.0,N,234.0,264.0,2.0,39.0,0.0,0.0,0.0,0.0,0.0,39.0,0.0
2.0,"2019-08-30 20:59:15.000000","2019-08-30 21:09:33.000000",1.0,1.2,1.0,N,234.0,264.0,2.0,6.5,3.0,0.5,0.0,0.0,0.3,10.3,0.0
2.0,"2019-08-30 21:01:41.000000","2019-08-30 21:01:43.000000",1.0,0.0,5.0,N,234.0,264.0,2.0,65.0,0.0,0.0,0.0,0.0,0.3,65.3,0.0
2.0,"2019-08-30 21:06:15.000000","2019-08-30 21:06:16.000000",1.0,0.0,5.0,N,234.0,264.0,2.0,78.36,0.0,0.0,0.0,0.0,0.3,78.66,0.0
1.0,"2019-08-31 06:33:01.000000","2019-08-31 06:33:01.000000",1.0,0.0,1.0,N,234.0,264.0,2.0,2.5,2.5,0.5,0.0,0.0,0.3,5.8,2.5
2.0,"2019-08-31 09:09:51.000000","2019-08-31 09:09:59.000000",2.0,0.0,5.0,N,234.0,264.0,1.0,68.0,0.0,0.5,10.0,0.0,0.3,78.8,0.0
2.0,"2019-08-31 18:49:31.000000","2019-08-31 18:53:31.000000",1.0,1.25,1.0,N,234.0,264.0,1.0,5.5,0.0,0.5,1.26,0.0,0.3,7.56,0.0
2.0,"2019-08-31 19:16:00.000000","2019-08-31 19:16:02.000000",1.0,0.0,1.0,N,234.0,264.0,1.0,2.5,0.0,0.5,7.0,0.0,0.3,10.3,0.0
,"2019-08-28 14:30:00.000000","2019-08-28 14:30:00.000000",,0.0,,,234.0,264.0,,46.63,0.0,0.5,0.0,0.0,0.3,47.43,0.0
