2.0,"2019-08-01 00:21:53.000000","2019-08-01 00:50:19.000000",1.0,4.95,5.0,N,234.0,265.0,1.0,45.0,0.0,0.5,5.0,10.5,0.3,63.8,2.5
2.0,"2019-08-01 17:55:20.000000","2019-08-02 17:54:08.000000",1.0,17.75,3.0,N,234.0,265.0,1.0,80.0,1.0,0.0,4.69,12.5,0.3,98.49,0.0
2.0,"2019-08-01 20:42:04.000000","2019-08-01 21:24:47.000000",1.0,19.48,4.0,N,234.0,265.0,1.0,63.5,0.5,0.5,10.0,6.12,0.3,83.42,2.5
2.0,"2019-08-01 20:12:24.000000","2019-08-01 20:50:40.000000",1.0,9.77,5.0,N,234.0,265.0,1.0,51.51,0.0,0.5,13.06,10.5,0.3,78.37,2.5
2.0,"2019-08-01 22:10:33.000000","2019-08-01 22:41:23.000000",1.0,5.14,5.0,N,234.0,265.0,1.0,35.0,0.0,0.0,12.08,10.5,0.3,60.38,2.5
2.0,"2019-08-01 22:31:28.000000","2019-08-01 23:09:12.000000",2.0,18.63,4.0,N,234.0,265.0,1.0,54.0,0.5,0.5,5.0,0.0,0.3,62.8,2.5
2.0,"2019-08-02 01:20:08.000000","2019-08-02 01:38:13.000000",1.0,5.27,5.0,N,234.0,265.0,1.0,40.0,0.0,0.5,8.2,10.5,0.3,62.0,2.5
2.0,"2019-08-02 01:14:08.000000","2019-08-02 02:11:47.000000",2.0,21.39,1.0,N,234.0,265.0,2.0,65.5,0.5,0.5,0.0,0.0,0.3,69.3,2.5
1.0,"2019-08-02 13:10:34.000000","2019-08-02 13:54:16.000000",1.0,4.2,1.0,N,234.0,265.0,1.0,27.0,2.5,0.5,4.0,10.5,0.3,44.8,2.5
1.0,"2019-08-02 13:15:05.000000","2019-08-02 14:06:11.000000",4.0,9.5,1.0,N,234.0,265.0,2.0,37.5,2.5,0.5,0.0,29.5,0.3,70.3,2.5
2.0,"2019-08-03 00:54:57.000000","2019-08-03 01:32:38.000000",1.0,19.18,4.0,N,234.0,265.0,1.0,63.0,0.5,0.5,0.0,2.8,0.3,69.6,2.5
1.0,"2019-08-03 01:22:35.000000","2019-08-03 01:37:29.000000",1.0,4.5,5.0,N,234.0,265.0,1.0,50.0,0.0,0.0,12.15,10.5,0.3,72.95,0.0
2.0,"2019-08-03 19:12:22.000000","2019-08-03 20:40:46.000000",1.0,18.76,4.0,N,234.0,265.0,2.0,93.0,0.0,0.5,0.0,12.5,0.3,108.8,2.5
1.0,"2019-08-04 03:01:43.000000","2019-08-04 03:53:24.000000",1.0,35.7,5.0,N,234.0,265.0,1.0,200.0,0.0,0.0,0.0,15.5,0.3,215.8,0.0
2.0,"2019-08-04 04:20:43.000000","2019-08-04 04:31:13.000000",2.0,4.37,5.0,N,234.0,265.0,1.0,50.0,0.0,0.0,12.66,10.5,0.3,75.96,2.5
1.0,"2019-08-04 19:26:27.000000","2019-08-04 19:49:03.000000",1.0,5.1,5.0,N,234.0,265.0,4.0,45.0,0.0,0.0,0.0,12.5,0.3,57.8,0.0
2.0,"2019-08-04 21:04:16.000000","2019-08-04 21:49:41.000000",1.0,17.14,3.0,N,234.0,265.0,1.0,67.5,0.5,0.0,5.0,10.5,0.3,83.8,0.0
1.0,"2019-08-04 23:28:06.000000","2019-08-04 23:54:31.000000",2.0,15.6,4.0,N,234.0,265.0,2.0,44.5,3.0,0.5,0.0,0.0,0.3,48.3,2.5
1.0,"2019-08-05 18:59:40.000000","2019-08-05 19:41:05.000000",4.0,18.2,4.0,N,234.0,265.0,2.0,60.5,3.5,0.5,0.0,0.0,0.3,64.8,2.5
2.0,"2019-08-05 22:43:56.000000","2019-08-05 23:04:56.000000",1.0,7.82,5.0,N,234.0,265.0,2.0,50.0,0.0,0.5,0.0,10.5,0.3,63.8,2.5
2.0,"2019-08-06 13:35:56.000000","2019-08-06 13:53:48.000000",1.0,1.06,1.0,N,234.0,265.0,1.0,11.5,0.0,0.5,1.48,0.0,0.3,16.28,2.5
2.0,"2019-08-06 13:55:53.000000","2019-08-06 14:26:05.000000",1.0,5.66,5.0,N,234.0,265.0,1.0,50.0,0.0,0.0,12.66,10.5,0.3,75.96,2.5
2.0,"2019-08-06 20:13:07.000000","2019-08-06 20:52:27.000000",1.0,18.77,1.0,N,234.0,265.0,1.0,53.5,0.5,0.5,14.32,0.0,0.3,71.62,2.5
2.0,"2019-08-06 22:36:59.000000","2019-08-06 22:52:18.000000",1.0,4.98,5.0,N,234.0,265.0,1.0,45.0,0.0,0.0,7.0,10.5,0.3,65.3,2.5
1.0,"2019-08-07 07:33:07.000000","2019-08-07 07:59:10.000000",1.0,5.6,5.0,N,234.0,265.0,1.0,0.0,0.0,0.0,65.0,12.5,0.3,77.8,0.0
2.0,"2019-08-07 14:37:39.000000","2019-08-07 15:10:25.000000",1.0,3.34,1.0,N,234.0,265.0,1.0,20.5,0.0,0.5,4.76,0.0,0.3,28.56,2.5
2.0,"2019-08-07 19:28:40.000000","2019-08-07 20:21:51.000000",4.0,22.85,1.0,N,234.0,265.0,1.0,63.5,1.0,0.5,24.01,12.24,0.3,104.05,2.5
2.0,"2019-08-07 20:16:47.000000","2019-08-07 21:06:25.000000",1.0,12.33,4.0,N,234.0,265.0,1.0,54.0,0.5,0.5,14.06,12.5,0.3,84.36,2.5
2.0,"2019-08-07 22:20:30.000000","2019-08-07 22:42:14.000000",1.0,4.32,5.0,N,234.0,265.0,1.0,45.0,0.0,0.5,10.0,0.0,0.3,58.3,2.5
2.0,"2019-08-08 21:25:03.000000","2019-08-08 22:00:41.000000",1.0,14.69,3.0,N,234.0,265.0,1.0,60.5,0.5,0.0,0.0,12.79,0.3,74.09,0.0
2.0,"2019-08-08 21:12:54.000000","2019-08-08 21:41:45.000000",1.0,6.68,5.0,N,234.0,265.0,1.0,65.0,0.0,0.0,10.0,0.0,0.3,77.8,2.5
2.0,"2019-08-08 23:42:01.000000","2019-08-09 00:04:02.000000",1.0,4.61,5.0,N,234.0,265.0,2.0,45.0,0.0,0.0,0.0,15.0,0.3,62.8,2.5
2.0,"2019-08-08 23:53:06.000000","2019-08-09 00:09:06.000000",1.0,3.96,5.0,N,234.0,265.0,2.0,66.0,0.0,0.0,0.0,10.5,0.3,79.3,2.5
2.0,"2019-08-09 00:37:57.000000","2019-08-09 01:25:30.000000",1.0,37.5,5.0,N,234.0,265.0,2.0,90.0,0.0,0.0,0.0,10.5,0.3,103.3,2.5
1.0,"2019-08-09 00:23:34.000000","2019-08-09 01:10:10.000000",1.0,7.5,5.0,N,234.0,265.0,3.0,0.0,0.0,0.0,0.0,10.5,0.3,10.8,0.0
2.0,"2019-08-09 09:41:47.000000","2019-08-09 10:39:46.000000",1.0,19.31,4.0,N,234.0,265.0,1.0,69.0,0.0,0.5,18.07,0.0,0.3,90.37,2.5
2.0,"2019-08-09 20:49:37.000000","2019-08-09 21:21:30.000000",1.0,5.33,5.0,N,234.0,265.0,2.0,45.0,0.0,0.5,0.0,10.5,0.3,58.8,2.5
1.0,"2019-08-09 21:41:22.000000","2019-08-09 22:05:01.000000",1.0,12.5,5.0,N,234.0,265.0,2.0,65.0,0.0,0.0,0.0,10.5,0.3,75.8,0.0
2.0,"2019-08-10 00:12:19.000000","2019-08-10 00:44:32.000000",1.0,17.9,1.0,N,234.0,265.0,1.0,48.5,0.5,0.5,10.46,0.0,0.3,62.76,2.5
2.0,"2019-08-10 17:57:31.000000","2019-08-10 18:11:21.000000",1.0,2.27,1.0,N,234.0,265.0,1.0,11.0,0.0,0.5,2.0,0.0,0.3,16.3,2.5
2.0,"2019-08-10 18:28:11.000000","2019-08-10 18:38:33.000000",1.0,1.63,1.0,N,234.0,265.0,1.0,9.0,0.0,0.5,2.0,0.0,0.3,14.3,2.5
2.0,"2019-08-11 01:04:46.000000","2019-08-11 02:16:43.000000",1.0,44.64,4.0,N,234.0,265.0,1.0,188.0,0.5,0.5,39.58,6.12,0.3,237.5,2.5
1.0,"2019-08-11 06:55:13.000000","2019-08-11 07:31:40.000000",3.0,9.9,1.0,N,234.0,265.0,2.0,32.0,2.5,0.5,0.0,10.5,0.3,45.8,2.5
2.0,"2019-08-11 12:45:39.000000","2019-08-11 13:38:12.000000",1.0,14.99,3.0,N,234.0,265.0,1.0,68.5,0.0,0.0,5.0,18.0,0.3,91.8,0.0
2.0,"2019-08-11 12:23:42.000000","2019-08-11 12:58:21.000000",1.0,7.95,3.0,N,234.0,265.0,1.0,46.5,0.0,0.0,11.86,12.5,0.3,71.16,0.0
2.0,"2019-08-11 22:35:49.000000","2019-08-11 22:56:38.000000",1.0,4.41,5.0,N,234.0,265.0,2.0,70.0,0.0,0.0,0.0,10.5,0.3,83.3,2.5
2.0,"2019-08-12 12:39:59.000000","2019-08-12 12:59:42.000000",2.0,2.3,1.0,N,234.0,265.0,1.0,13.5,0.0,0.5,3.36,0.0,0.3,20.16,2.5
2.0,"2019-08-12 20:10:13.000000","2019-08-13 20:09:49.000000",1.0,4.71,1.0,N,234.0,265.0,2.0,16.5,0.5,0.5,0.0,10.5,0.3,30.8,2.5
2.0,"2019-08-13 14:44:06.000000","2019-08-13 15:11:54.000000",1.0,5.58,5.0,N,234.0,265.0,1.0,60.0,0.0,0.0,5.0,0.0,0.3,67.8,2.5
2.0,"2019-08-13 19:14:05.000000","2019-08-13 19:43:30.000000",1.0,5.07,5.0,N,234.0,265.0,1.0,50.0,2.5,0.0,13.06,12.5,0.3,78.36,0.0
2.0,"2019-08-13 20:32:12.000000","2019-08-13 21:08:35.000000",1.0,14.95,4.0,N,234.0,265.0,1.0,47.0,0.5,0.5,0.0,2.8,0.3,53.6,2.5
2.0,"2019-08-14 23:15:32.000000","2019-08-14 23:42:39.000000",4.0,6.15,5.0,N,234.0,265.0,1.0,50.0,0.0,0.5,0.0,10.5,0.3,63.8,2.5
2.0,"2019-08-15 20:14:34.000000","2019-08-15 20:26:25.000000",1.0,1.68,1.0,N,234.0,265.0,1.0,9.0,0.5,0.5,2.56,0.0,0.3,15.36,2.5
2.0,"2019-08-15 22:23:18.000000","2019-08-15 22:46:11.000000",4.0,8.65,5.0,N,234.0,265.0,1.0,75.0,0.0,0.0,0.0,0.0,0.3,77.8,2.5
2.0,"2019-08-16 00:08:08.000000","2019-08-16 00:22:44.000000",1.0,4.49,5.0,N,234.0,265.0,1.0,50.0,0.0,0.0,12.66,10.5,0.3,75.96,2.5
1.0,"2019-08-16 00:06:13.000000","2019-08-16 00:23:37.000000",1.0,3.9,5.0,N,234.0,265.0,1.0,50.0,0.0,0.0,10.0,10.5,0.3,70.8,0.0
2.0,"2019-08-16 19:34:53.000000","2019-08-16 19:55:24.000000",1.0,1.03,1.0,N,234.0,265.0,2.0,13.0,1.0,0.5,0.0,0.0,0.3,17.3,2.5
1.0,"2019-08-16 23:59:27.000000","2019-08-17 00:49:08.000000",1.0,29.8,5.0,N,234.0,265.0,1.0,150.0,0.0,0.0,30.05,0.0,0.3,180.35,0.0
1.0,"2019-08-17 01:49:49.000000","2019-08-17 02:32:07.000000",3.0,31.0,5.0,N,234.0,265.0,1.0,0.0,0.0,0.0,99.0,6.12,0.3,105.42,0.0
2.0,"2019-08-17 01:53:38.000000","2019-08-17 02:22:33.000000",1.0,19.4,5.0,N,234.0,265.0,2.0,70.0,0.0,0.0,0.0,0.0,0.3,72.8,2.5
2.0,"2019-08-17 22:37:27.000000","2019-08-17 23:01:27.000000",1.0,11.68,5.0,N,234.0,265.0,1.0,75.0,0.0,0.5,0.0,10.5,0.3,88.8,2.5
2.0,"2019-08-18 17:22:43.000000","2019-08-18 18:16:22.000000",2.0,20.52,1.0,N,234.0,265.0,1.0,59.0,0.0,0.5,13.68,6.12,0.3,82.1,2.5
1.0,"2019-08-20 08:46:22.000000","2019-08-20 09:17:08.000000",1.0,5.0,1.0,N,234.0,265.0,1.0,22.5,2.5,0.5,30.0,12.5,0.3,68.3,2.5
2.0,"2019-08-20 14:21:14.000000","2019-08-20 14:56:17.000000",1.0,6.14,5.0,N,234.0,265.0,2.0,60.0,0.0,0.0,0.0,10.5,0.3,73.3,2.5
2.0,"2019-08-20 15:11:24.000000","2019-08-20 16:01:31.000000",1.0,8.28,3.0,N,234.0,265.0,1.0,51.5,0.0,0.0,15.58,10.5,0.3,77.88,0.0
2.0,"2019-08-20 16:12:06.000000","2019-08-20 17:04:48.000000",2.0,20.16,4.0,N,234.0,265.0,1.0,67.5,1.0,0.5,13.0,5.76,0.3,90.56,2.5
1.0,"2019-08-20 22:15:00.000000","2019-08-20 22:36:17.000000",1.0,5.2,5.0,N,234.0,265.0,2.0,60.0,0.0,0.0,0.0,10.5,0.3,70.8,0.0
2.0,"2019-08-21 09:23:15.000000","2019-08-21 09:59:02.000000",2.0,7.03,5.0,N,234.0,265.0,2.0,80.0,0.0,0.5,0.0,0.0,0.3,83.3,2.5
2.0,"2019-08-21 14:04:24.000000","2019-08-21 14:40:19.000000",1.0,5.89,5.0,N,234.0,265.0,1.0,45.0,0.0,0.5,11.76,10.5,0.3,70.56,2.5
1.0,"2019-08-22 23:46:40.000000","2019-08-23 00:05:06.000000",1.0,4.3,5.0,N,234.0,265.0,1.0,63.0,0.0,0.0,10.0,0.0,0.3,73.3,0.0
2.0,"2019-08-23 02:24:55.000000","2019-08-23 02:52:53.000000",1.0,13.27,5.0,N,234.0,265.0,1.0,80.0,0.0,0.5,18.76,10.5,0.3,112.56,2.5
2.0,"2019-08-23 04:44:35.000000","2019-08-23 05:07:34.000000",1.0,11.91,5.0,N,234.0,265.0,1.0,80.0,0.0,0.0,18.66,10.5,0.3,111.96,2.5
2.0,"2019-08-23 09:50:48.000000","2019-08-23 10:02:58.000000",1.0,1.32,1.0,N,234.0,265.0,1.0,9.0,0.0,0.5,2.46,0.0,0.3,14.76,2.5
2.0,"2019-08-23 21:04:41.000000","2019-08-23 23:15:49.000000",4.0,118.32,5.0,N,234.0,265.0,1.0,250.0,0.0,0.0,63.2,0.0,0.3,316.0,2.5
2.0,"2019-08-23 21:09:01.000000","2019-08-23 21:40:24.000000",4.0,5.63,5.0,N,234.0,265.0,2.0,60.0,0.0,0.5,0.0,10.5,0.3,73.8,2.5
1.0,"2019-08-24 02:01:41.000000","2019-08-24 02:32:48.000000",1.0,16.3,1.0,N,234.0,265.0,2.0,45.5,3.0,0.5,0.0,0.0,0.3,49.3,2.5
2.0,"2019-08-25 11:57:12.000000","2019-08-25 12:09:28.000000",1.0,1.36,1.0,N,234.0,265.0,1.0,9.0,0.0,0.5,2.46,0.0,0.3,14.76,2.5
1.0,"2019-08-25 16:32:20.000000","2019-08-25 17:54:04.000000",3.0,10.1,5.0,N,234.0,265.0,1.0,55.0,0.0,0.0,14.0,14.75,0.3,84.05,0.0
2.0,"2019-08-25 17:44:43.000000","2019-08-25 17:54:01.000000",1.0,1.2,1.0,N,234.0,265.0,2.0,7.5,0.0,0.5,0.0,0.0,0.3,10.8,2.5
1.0,"2019-08-27 09:10:48.000000","2019-08-27 09:43:06.000000",1.0,5.3,5.0,N,234.0,265.0,2.0,45.0,0.0,0.0,0.0,12.5,0.3,57.8,0.0
1.0,"2019-08-27 21:56:57.000000","2019-08-27 22:25:22.000000",1.0,5.5,5.0,N,234.0,265.0,1.0,55.0,0.0,0.0,0.0,0.0,0.3,55.3,0.0
2.0,"2019-08-27 22:48:49.000000","2019-08-27 23:07:33.000000",1.0,4.97,5.0,N,234.0,265.0,1.0,45.0,0.0,0.0,5.0,10.5,0.3,63.3,2.5
2.0,"2019-08-27 22:22:33.000000","2019-08-28 00:40:20.000000",2.0,116.88,4.0,N,234.0,265.0,2.0,545.5,0.5,0.5,0.0,6.12,0.3,555.42,2.5
2.0,"2019-08-28 07:37:00.000000","2019-08-28 07:55:37.000000",1.0,5.2,5.0,N,234.0,265.0,1.0,45.0,0.0,0.5,12.16,12.5,0.3,72.96,2.5
2.0,"2019-08-28 21:57:01.000000","2019-08-28 22:15:45.000000",1.0,4.81,5.0,N,234.0,265.0,1.0,45.0,0.0,0.0,11.66,10.5,0.3,69.96,2.5
1.0,"2019-08-28 21:43:31.000000","2019-08-28 22:11:05.000000",1.0,13.9,3.0,N,234.0,265.0,1.0,57.0,0.5,0.0,11.55,0.0,0.3,69.35,0.0
2.0,"2019-08-29 10:04:16.000000","2019-08-29 10:54:43.000000",1.0,28.05,4.0,N,234.0,265.0,1.0,110.5,0.0,0.5,15.0,2.8,0.3,131.6,2.5
1.0,"2019-08-29 15:48:01.000000","2019-08-29 16:46:37.000000",1.0,4.6,3.0,N,234.0,265.0,2.0,51.5,0.0,0.0,0.0,12.5,0.3,64.3,0.0
2.0,"2019-08-29 21:04:28.000000","2019-08-29 21:29:23.000000",1.0,4.93,5.0,N,234.0,265.0,1.0,40.0,0.0,0.0,0.0,10.5,0.3,53.3,2.5
2.0,"2019-08-30 01:21:33.000000","2019-08-30 01:36:09.000000",1.0,5.53,5.0,N,234.0,265.0,1.0,60.0,0.0,0.0,14.66,10.5,0.3,87.96,2.5
2.0,"2019-08-30 16:08:23.000000","2019-08-30 16:12:14.000000",1.0,0.4,1.0,N,234.0,265.0,1.0,4.5,0.0,0.5,2.34,0.0,0.3,10.14,2.5
1.0,"2019-08-31 01:40:12.000000","2019-08-31 02:24:49.000000",4.0,15.7,5.0,Y,234.0,265.0,1.0,75.0,0.0,0.0,0.0,0.0,0.3,75.3,0.0
2.0,"2019-08-31 03:15:44.000000","2019-08-31 04:23:13.000000",1.0,23.89,1.0,N,234.0,265.0,2.0,67.5,0.5,0.5,0.0,10.5,0.3,81.8,2.5
2.0,"2019-08-31 05:12:23.000000","2019-08-31 05:32:08.000000",1.0,6.69,5.0,N,234.0,265.0,2.0,55.0,0.0,0.5,0.0,15.0,0.3,73.3,2.5
2.0,"2019-08-31 19:25:11.000000","2019-08-31 19:58:29.000000",1.0,5.4,5.0,N,234.0,265.0,1.0,118.76,0.0,0.5,10.0,18.62,0.3,150.68,2.5
2.0,"2019-08-31 21:14:35.000000","2019-08-31 21:41:13.000000",4.0,9.23,5.0,N,234.0,265.0,1.0,65.0,0.0,0.0,16.26,13.5,0.3,97.56,2.5
,"2019-08-01 18:48:00.000000","2019-08-01 19:47:00.000000",,14.46,,,234.0,265.0,,59.15,2.75,0.5,0.0,0.0,0.3,62.7,0.0
,"2019-08-03 16:14:00.000000","2019-08-03 17:00:00.000000",,15.16,,,234.0,265.0,,56.35,2.75,0.5,0.0,2.8,0.3,62.7,0.0
,"2019-08-07 21:05:00.000000","2019-08-07 21:31:00.000000",,4.76,,,234.0,265.0,,45.0,0.0,0.0,11.66,10.5,0.3,74.91,2.5
,"2019-08-02 20:44:11.000000","2019-08-02 21:28:51.000000",,22.71,,,234.0,265.0,,64.33,2.75,0.0,0.0,6.12,0.3,73.5,0.0
,"2019-08-13 14:55:00.000000","2019-08-13 15:36:00.000000",,15.02,,,234.0,265.0,,56.35,2.75,0.5,0.0,2.8,0.3,62.7,0.0
,"2019-08-10 15:39:00.000000","2019-08-10 16:20:00.000000",,15.69,,,234.0,265.0,,56.35,2.75,0.5,0.0,2.8,0.3,62.7,0.0
,"2019-08-21 19:38:00.000000","2019-08-21 20:10:00.000000",,15.32,,,234.0,265.0,,59.15,2.75,0.5,0.0,0.0,0.3,62.7,0.0
,"2019-08-24 13:01:00.000000","2019-08-24 13:47:00.000000",,15.12,,,234.0,265.0,,59.15,2.75,0.5,0.0,0.0,0.3,62.7,0.0
,"2019-08-29 18:39:00.000000","2019-08-29 19:41:00.000000",,15.43,,,234.0,265.0,,56.35,2.75,0.5,0.0,2.8,0.3,62.7,0.0
,"2019-08-31 14:29:00.000000","2019-08-31 15:03:00.000000",,14.48,,,234.0,265.0,,56.35,2.75,0.5,0.0,2.8,0.3,62.7,0.0
