2.0,"2019-08-01 00:21:06.000000","2019-08-01 00:33:10.000000",1.0,5.49,1.0,N,234.0,33.0,1.0,17.0,0.5,0.5,5.2,0.0,0.3,26.0,2.5
2.0,"2019-08-01 01:15:10.000000","2019-08-01 01:29:23.000000",1.0,4.24,1.0,N,234.0,33.0,1.0,14.5,0.5,0.5,3.66,0.0,0.3,21.96,2.5
1.0,"2019-08-01 03:58:38.000000","2019-08-01 04:12:32.000000",1.0,4.4,1.0,N,234.0,33.0,1.0,15.0,3.0,0.5,3.75,0.0,0.3,22.55,2.5
2.0,"2019-08-01 15:30:12.000000","2019-08-01 15:59:42.000000",1.0,3.86,1.0,N,234.0,33.0,1.0,19.0,0.0,0.5,4.46,0.0,0.3,26.76,2.5
1.0,"2019-08-01 17:24:17.000000","2019-08-01 17:55:25.000000",1.0,4.6,1.0,N,234.0,33.0,1.0,21.5,3.5,0.5,2.2,0.0,0.3,28.0,2.5
1.0,"2019-08-01 17:39:22.000000","2019-08-01 18:14:35.000000",2.0,4.8,1.0,N,234.0,33.0,1.0,23.0,3.5,0.5,5.45,0.0,0.3,32.75,2.5
2.0,"2019-08-01 18:09:10.000000","2019-08-01 18:37:48.000000",1.0,6.75,1.0,N,234.0,33.0,1.0,24.0,1.0,0.5,6.88,6.12,0.3,41.3,2.5
2.0,"2019-08-01 19:11:39.000000","2019-08-01 19:32:28.000000",1.0,4.05,1.0,N,234.0,33.0,1.0,15.5,1.0,0.5,3.0,0.0,0.3,22.8,2.5
2.0,"2019-08-01 19:23:45.000000","2019-08-01 19:47:39.000000",1.0,4.29,1.0,N,234.0,33.0,2.0,17.0,1.0,0.5,0.0,0.0,0.3,21.3,2.5
2.0,"2019-08-01 19:07:51.000000","2019-08-01 19:34:40.000000",1.0,5.4,1.0,N,234.0,33.0,1.0,21.0,1.0,0.5,5.06,0.0,0.3,30.36,2.5
2.0,"2019-08-01 19:58:38.000000","2019-08-01 20:30:46.000000",3.0,6.93,1.0,N,234.0,33.0,1.0,25.5,1.0,0.5,7.18,6.12,0.3,43.1,2.5
1.0,"2019-08-01 21:17:22.000000","2019-08-01 21:41:14.000000",1.0,4.1,1.0,N,234.0,33.0,1.0,18.0,3.0,0.5,4.35,0.0,0.3,26.15,2.5
1.0,"2019-08-01 22:27:09.000000","2019-08-01 22:48:53.000000",2.0,4.3,1.0,N,234.0,33.0,2.0,16.5,3.0,0.5,0.0,0.0,0.3,20.3,2.5
1.0,"2019-08-01 22:02:43.000000","2019-08-01 22:23:55.000000",1.0,3.8,1.0,N,234.0,33.0,1.0,15.5,3.0,0.5,4.8,0.0,0.3,24.1,2.5
2.0,"2019-08-01 22:22:13.000000","2019-08-01 22:47:05.000000",5.0,4.34,1.0,N,234.0,33.0,1.0,19.0,0.5,0.5,4.56,0.0,0.3,27.36,2.5
2.0,"2019-08-01 22:36:24.000000","2019-08-01 23:02:09.000000",1.0,6.73,1.0,N,234.0,33.0,1.0,24.0,0.5,0.5,6.95,0.0,0.3,34.75,2.5
1.0,"2019-08-01 22:18:29.000000","2019-08-01 22:39:01.000000",1.0,4.2,1.0,N,234.0,33.0,1.0,16.0,3.0,0.5,2.0,0.0,0.3,21.8,2.5
2.0,"2019-08-02 00:16:01.000000","2019-08-02 00:29:23.000000",1.0,3.48,1.0,N,234.0,33.0,1.0,12.5,0.5,0.5,4.08,0.0,0.3,20.38,2.5
2.0,"2019-08-02 00:31:11.000000","2019-08-02 00:50:10.000000",1.0,4.17,1.0,N,234.0,33.0,1.0,16.0,0.5,0.5,3.96,0.0,0.3,23.76,2.5
2.0,"2019-08-02 00:32:27.000000","2019-08-02 00:48:53.000000",1.0,6.1,1.0,N,234.0,33.0,1.0,19.5,0.5,0.5,6.99,0.0,0.3,30.29,2.5
1.0,"2019-08-02 01:11:45.000000","2019-08-02 01:26:09.000000",1.0,4.2,1.0,N,234.0,33.0,1.0,14.5,3.0,0.5,2.5,0.0,0.3,20.8,2.5
2.0,"2019-08-02 01:16:59.000000","2019-08-02 01:30:08.000000",1.0,3.92,1.0,N,234.0,33.0,1.0,13.5,0.5,0.5,4.32,0.0,0.3,21.62,2.5
2.0,"2019-08-02 02:27:33.000000","2019-08-02 02:41:08.000000",2.0,3.97,1.0,N,234.0,33.0,1.0,14.5,0.5,0.5,3.66,0.0,0.3,21.96,2.5
1.0,"2019-08-02 09:23:15.000000","2019-08-02 09:53:37.000000",1.0,4.3,1.0,N,234.0,33.0,3.0,21.0,2.5,0.5,0.0,0.0,0.3,24.3,2.5
1.0,"2019-08-02 11:33:37.000000","2019-08-02 12:03:58.000000",1.0,4.1,1.0,N,234.0,33.0,1.0,20.0,2.5,0.5,4.65,0.0,0.3,27.95,2.5
1.0,"2019-08-02 15:40:06.000000","2019-08-02 16:21:39.000000",1.0,3.5,1.0,N,234.0,33.0,1.0,24.0,2.5,0.5,6.8,0.0,0.3,34.1,2.5
2.0,"2019-08-02 15:30:42.000000","2019-08-02 15:55:51.000000",6.0,3.8,1.0,N,234.0,33.0,2.0,17.0,0.0,0.5,0.0,0.0,0.3,20.3,2.5
2.0,"2019-08-02 17:42:51.000000","2019-08-02 18:08:10.000000",1.0,5.44,1.0,N,234.0,33.0,1.0,21.0,1.0,0.5,4.0,0.0,0.3,29.3,2.5
1.0,"2019-08-02 18:55:13.000000","2019-08-02 19:20:22.000000",1.0,4.1,1.0,N,234.0,33.0,1.0,19.0,3.5,0.5,6.95,0.0,0.3,30.25,2.5
1.0,"2019-08-02 18:18:00.000000","2019-08-02 18:40:16.000000",1.0,6.0,1.0,Y,234.0,33.0,2.0,20.5,3.5,0.5,0.0,0.0,0.3,24.8,2.5
2.0,"2019-08-02 19:13:11.000000","2019-08-02 19:39:49.000000",2.0,6.51,1.0,N,234.0,33.0,2.0,23.0,1.0,0.5,0.0,0.0,0.3,27.3,2.5
2.0,"2019-08-02 20:28:51.000000","2019-08-02 20:47:37.000000",1.0,3.83,1.0,N,234.0,33.0,1.0,15.0,0.5,0.5,3.76,0.0,0.3,22.56,2.5
1.0,"2019-08-02 20:34:30.000000","2019-08-02 20:55:09.000000",1.0,3.8,1.0,N,234.0,33.0,1.0,16.0,3.0,0.5,3.95,0.0,0.3,23.75,2.5
2.0,"2019-08-02 20:53:33.000000","2019-08-02 21:19:49.000000",1.0,4.67,1.0,N,234.0,33.0,1.0,19.5,0.5,0.5,4.66,0.0,0.3,27.96,2.5
1.0,"2019-08-02 21:13:44.000000","2019-08-02 21:35:31.000000",2.0,6.9,1.0,N,234.0,33.0,1.0,22.0,3.0,0.5,5.15,0.0,0.3,30.95,2.5
2.0,"2019-08-02 22:46:48.000000","2019-08-02 23:05:04.000000",3.0,4.04,1.0,N,234.0,33.0,1.0,15.5,0.5,0.5,3.86,0.0,0.3,23.16,2.5
1.0,"2019-08-02 22:50:22.000000","2019-08-02 23:20:42.000000",1.0,4.3,1.0,N,234.0,33.0,1.0,21.0,3.0,0.5,7.4,0.0,0.3,32.2,2.5
2.0,"2019-08-02 23:13:21.000000","2019-08-02 23:30:00.000000",2.0,3.46,1.0,N,234.0,33.0,2.0,14.5,0.5,0.5,0.0,0.0,0.3,18.3,2.5
2.0,"2019-08-02 23:24:00.000000","2019-08-02 23:46:12.000000",2.0,4.09,1.0,N,234.0,33.0,1.0,17.0,0.5,0.5,5.2,0.0,0.3,26.0,2.5
2.0,"2019-08-02 23:15:06.000000","2019-08-02 23:33:28.000000",3.0,3.87,1.0,N,234.0,33.0,1.0,15.5,0.5,0.5,5.79,0.0,0.3,25.09,2.5
2.0,"2019-08-02 23:10:38.000000","2019-08-02 23:32:22.000000",2.0,4.39,1.0,N,234.0,33.0,1.0,17.5,0.5,0.5,4.26,0.0,0.3,25.56,2.5
2.0,"2019-08-02 23:35:14.000000","2019-08-02 23:54:41.000000",3.0,3.84,1.0,N,234.0,33.0,1.0,16.0,0.5,0.5,4.95,0.0,0.3,24.75,2.5
2.0,"2019-08-02 23:04:54.000000","2019-08-02 23:19:42.000000",1.0,3.66,1.0,N,234.0,33.0,1.0,14.0,0.5,0.5,3.56,0.0,0.3,21.36,2.5
2.0,"2019-08-03 04:17:20.000000","2019-08-04 04:13:49.000000",2.0,4.3,1.0,N,234.0,33.0,1.0,14.5,0.5,0.5,0.0,0.0,0.3,18.3,2.5
2.0,"2019-08-03 14:34:14.000000","2019-08-03 14:57:50.000000",1.0,3.41,1.0,N,234.0,33.0,1.0,16.0,0.0,0.5,3.86,0.0,0.3,23.16,2.5
2.0,"2019-08-03 15:21:27.000000","2019-08-03 15:46:43.000000",6.0,3.79,1.0,N,234.0,33.0,1.0,17.0,0.0,0.5,3.04,0.0,0.3,23.34,2.5
1.0,"2019-08-03 19:21:55.000000","2019-08-03 19:45:40.000000",1.0,3.9,1.0,N,234.0,33.0,1.0,17.0,2.5,0.5,2.0,0.0,0.3,22.3,2.5
2.0,"2019-08-03 21:18:04.000000","2019-08-03 21:51:12.000000",1.0,7.37,1.0,N,234.0,33.0,1.0,27.0,0.5,0.5,6.16,0.0,0.3,36.96,2.5
1.0,"2019-08-03 22:49:27.000000","2019-08-03 23:09:53.000000",1.0,4.1,1.0,N,234.0,33.0,1.0,15.5,3.0,0.5,3.0,0.0,0.3,22.3,2.5
2.0,"2019-08-03 23:06:40.000000","2019-08-03 23:31:02.000000",1.0,4.25,1.0,N,234.0,33.0,1.0,17.5,0.5,0.5,4.26,0.0,0.3,25.56,2.5
2.0,"2019-08-04 02:11:46.000000","2019-08-04 02:23:07.000000",1.0,3.68,1.0,N,234.0,33.0,1.0,12.5,0.5,0.5,3.26,0.0,0.3,19.56,2.5
2.0,"2019-08-04 10:51:30.000000","2019-08-04 11:06:05.000000",1.0,4.23,1.0,N,234.0,33.0,2.0,14.0,0.0,0.5,0.0,0.0,0.3,17.3,2.5
2.0,"2019-08-04 14:31:45.000000","2019-08-04 14:51:40.000000",3.0,5.52,1.0,N,234.0,33.0,2.0,19.0,0.0,0.5,0.0,0.0,0.3,22.3,2.5
2.0,"2019-08-04 20:55:56.000000","2019-08-04 21:27:52.000000",2.0,9.44,1.0,N,234.0,33.0,1.0,30.0,0.5,0.5,0.0,6.12,0.3,39.92,2.5
1.0,"2019-08-04 21:07:50.000000","2019-08-04 21:32:08.000000",1.0,5.2,1.0,N,234.0,33.0,1.0,19.0,3.0,0.5,5.7,0.0,0.3,28.5,2.5
2.0,"2019-08-04 22:08:39.000000","2019-08-04 22:27:45.000000",1.0,3.75,1.0,N,234.0,33.0,1.0,14.5,0.5,0.5,2.7,0.0,0.3,21.0,2.5
1.0,"2019-08-04 23:06:47.000000","2019-08-04 23:34:55.000000",0.0,6.2,1.0,N,234.0,33.0,1.0,23.5,3.0,0.5,5.45,0.0,0.3,32.75,2.5
2.0,"2019-08-05 16:50:27.000000","2019-08-05 17:24:56.000000",2.0,5.99,1.0,N,234.0,33.0,1.0,23.5,1.0,0.5,2.2,0.0,0.3,30.0,2.5
1.0,"2019-08-05 17:56:13.000000","2019-08-05 18:20:08.000000",1.0,4.1,1.0,N,234.0,33.0,1.0,18.0,3.5,0.5,4.46,0.0,0.3,26.76,2.5
2.0,"2019-08-05 17:31:07.000000","2019-08-05 18:24:54.000000",2.0,6.54,1.0,N,234.0,33.0,1.0,35.0,1.0,0.5,9.82,0.0,0.3,49.12,2.5
2.0,"2019-08-05 18:17:27.000000","2019-08-05 18:39:09.000000",5.0,3.77,1.0,N,234.0,33.0,1.0,16.0,1.0,0.5,5.08,0.0,0.3,25.38,2.5
2.0,"2019-08-05 18:05:37.000000","2019-08-05 18:44:45.000000",5.0,6.65,1.0,N,234.0,33.0,1.0,26.5,1.0,0.5,4.0,0.0,0.3,34.8,2.5
2.0,"2019-08-05 19:02:12.000000","2019-08-05 19:23:49.000000",3.0,5.69,1.0,N,234.0,33.0,1.0,19.5,1.0,0.5,3.0,0.0,0.3,26.8,2.5
2.0,"2019-08-05 19:32:53.000000","2019-08-05 19:53:42.000000",1.0,3.69,1.0,N,234.0,33.0,1.0,15.5,1.0,0.5,3.96,0.0,0.3,23.76,2.5
2.0,"2019-08-05 19:29:30.000000","2019-08-05 19:51:49.000000",1.0,3.74,1.0,N,234.0,33.0,1.0,15.5,1.0,0.5,3.96,0.0,0.3,23.76,2.5
1.0,"2019-08-05 20:06:15.000000","2019-08-05 20:24:55.000000",1.0,6.2,1.0,N,234.0,33.0,1.0,20.0,3.0,0.5,4.75,0.0,0.3,28.55,2.5
2.0,"2019-08-05 20:55:19.000000","2019-08-05 21:11:33.000000",2.0,4.01,1.0,N,234.0,33.0,1.0,14.5,0.5,0.5,1.83,0.0,0.3,20.13,2.5
2.0,"2019-08-05 20:29:11.000000","2019-08-05 20:49:42.000000",1.0,5.9,1.0,N,234.0,33.0,1.0,19.5,0.5,0.5,3.0,0.0,0.3,26.3,2.5
2.0,"2019-08-05 21:00:39.000000","2019-08-05 21:17:40.000000",1.0,3.75,1.0,N,234.0,33.0,1.0,14.5,0.5,0.5,3.66,0.0,0.3,21.96,2.5
1.0,"2019-08-05 21:12:19.000000","2019-08-05 21:32:56.000000",1.0,5.4,1.0,N,234.0,33.0,1.0,19.5,3.0,0.5,1.17,0.0,0.3,24.47,2.5
1.0,"2019-08-05 21:06:47.000000","2019-08-05 21:27:19.000000",1.0,3.9,1.0,N,234.0,33.0,1.0,16.5,3.0,0.5,2.7,0.0,0.3,23.0,2.5
2.0,"2019-08-05 22:00:16.000000","2019-08-05 22:20:53.000000",1.0,6.49,1.0,N,234.0,33.0,1.0,21.5,0.5,0.5,5.06,0.0,0.3,30.36,2.5
1.0,"2019-08-05 23:08:13.000000","2019-08-05 23:23:58.000000",1.0,3.9,1.0,N,234.0,33.0,1.0,14.5,3.0,0.5,4.58,0.0,0.3,22.88,2.5
2.0,"2019-08-05 23:16:59.000000","2019-08-05 23:31:14.000000",2.0,3.9,1.0,N,234.0,33.0,1.0,14.0,0.5,0.5,3.56,0.0,0.3,21.36,2.5
2.0,"2019-08-06 08:09:28.000000","2019-08-06 08:30:37.000000",1.0,4.26,1.0,N,234.0,33.0,1.0,17.0,0.0,0.5,3.04,0.0,0.3,23.34,2.5
2.0,"2019-08-06 10:49:04.000000","2019-08-06 11:11:05.000000",1.0,5.36,1.0,N,234.0,33.0,1.0,19.5,0.0,0.5,4.56,0.0,0.3,27.36,2.5
1.0,"2019-08-06 13:34:34.000000","2019-08-06 14:08:33.000000",1.0,3.9,1.0,N,234.0,33.0,1.0,22.5,2.5,0.5,3.0,0.0,0.3,28.8,2.5
1.0,"2019-08-06 13:38:54.000000","2019-08-06 14:09:15.000000",1.0,6.2,1.0,N,234.0,33.0,1.0,25.0,2.5,0.5,7.08,0.0,0.3,35.38,2.5
1.0,"2019-08-06 14:26:24.000000","2019-08-06 14:52:16.000000",1.0,6.4,1.0,N,234.0,33.0,1.0,23.0,2.5,0.5,4.0,0.0,0.3,30.3,2.5
2.0,"2019-08-06 17:20:41.000000","2019-08-06 17:53:25.000000",1.0,4.61,1.0,N,234.0,33.0,1.0,22.5,1.0,0.5,8.04,0.0,0.3,34.84,2.5
2.0,"2019-08-06 17:23:45.000000","2019-08-06 18:08:55.000000",1.0,7.34,1.0,N,234.0,33.0,1.0,31.0,1.0,0.5,2.0,0.0,0.3,37.3,2.5
2.0,"2019-08-06 17:36:06.000000","2019-08-06 18:13:48.000000",1.0,4.94,1.0,N,234.0,33.0,1.0,23.5,1.0,0.5,5.56,0.0,0.3,33.36,2.5
1.0,"2019-08-06 19:40:12.000000","2019-08-06 20:02:52.000000",2.0,5.9,1.0,N,234.0,33.0,2.0,20.5,3.5,0.5,0.0,0.0,0.3,24.8,2.5
2.0,"2019-08-06 19:13:52.000000","2019-08-06 19:36:07.000000",1.0,3.74,1.0,N,234.0,33.0,1.0,16.5,1.0,0.5,4.16,0.0,0.3,24.96,2.5
1.0,"2019-08-06 20:21:25.000000","2019-08-06 20:50:54.000000",1.0,6.3,1.0,N,234.0,33.0,1.0,23.5,3.0,0.5,6.8,0.0,0.3,34.1,2.5
2.0,"2019-08-06 20:01:10.000000","2019-08-06 20:24:46.000000",1.0,4.28,1.0,N,234.0,33.0,1.0,17.0,0.5,0.5,4.16,0.0,0.3,24.96,2.5
2.0,"2019-08-06 20:56:43.000000","2019-08-06 21:19:16.000000",1.0,4.01,1.0,N,234.0,33.0,1.0,16.5,0.5,0.5,4.0,0.0,0.3,24.3,2.5
2.0,"2019-08-06 20:25:51.000000","2019-08-06 20:47:18.000000",1.0,5.7,1.0,N,234.0,33.0,1.0,20.0,0.5,0.5,5.95,0.0,0.3,29.75,2.5
2.0,"2019-08-06 21:57:51.000000","2019-08-06 22:16:04.000000",1.0,4.9,1.0,N,234.0,33.0,2.0,17.0,0.5,0.5,0.0,0.0,0.3,20.8,2.5
2.0,"2019-08-06 21:40:19.000000","2019-08-06 21:59:30.000000",2.0,5.67,1.0,N,234.0,33.0,1.0,19.5,0.5,0.5,4.66,0.0,0.3,27.96,2.5
2.0,"2019-08-06 21:42:30.000000","2019-08-06 22:01:49.000000",1.0,4.56,1.0,N,234.0,33.0,1.0,16.5,0.5,0.5,5.0,0.0,0.3,25.3,2.5
2.0,"2019-08-06 21:59:09.000000","2019-08-06 22:19:04.000000",1.0,6.23,1.0,N,234.0,33.0,1.0,21.0,0.5,0.5,6.2,0.0,0.3,31.0,2.5
2.0,"2019-08-06 22:41:54.000000","2019-08-06 22:57:16.000000",5.0,4.49,1.0,N,234.0,33.0,1.0,14.5,0.5,0.5,3.66,0.0,0.3,21.96,2.5
2.0,"2019-08-06 22:54:28.000000","2019-08-06 23:16:10.000000",1.0,4.89,1.0,N,234.0,33.0,1.0,17.5,0.5,0.5,3.2,0.0,0.3,24.5,2.5
1.0,"2019-08-06 22:23:33.000000","2019-08-06 22:46:51.000000",1.0,4.7,1.0,N,234.0,33.0,1.0,18.0,3.0,0.5,2.5,0.0,0.3,24.3,2.5
1.0,"2019-08-06 23:48:16.000000","2019-08-07 00:06:58.000000",1.0,4.6,1.0,N,234.0,33.0,1.0,17.0,3.0,0.5,4.15,0.0,0.3,24.95,2.5
1.0,"2019-08-06 23:37:39.000000","2019-08-06 23:56:12.000000",1.0,4.1,1.0,N,234.0,33.0,1.0,15.5,3.0,0.5,4.8,0.0,0.3,24.1,2.5
2.0,"2019-08-07 08:02:00.000000","2019-08-07 08:22:53.000000",1.0,3.78,1.0,N,234.0,33.0,1.0,16.5,0.0,0.5,2.97,0.0,0.3,22.77,2.5
1.0,"2019-08-07 11:27:29.000000","2019-08-07 11:53:00.000000",1.0,4.0,1.0,N,234.0,33.0,2.0,19.5,2.5,0.5,0.0,0.0,0.3,22.8,2.5
2.0,"2019-08-07 14:29:15.000000","2019-08-07 14:54:56.000000",2.0,5.74,1.0,N,234.0,33.0,2.0,21.5,0.0,0.5,0.0,0.0,0.3,24.8,2.5
2.0,"2019-08-07 14:35:24.000000","2019-08-07 15:06:37.000000",1.0,4.81,1.0,N,234.0,33.0,1.0,20.5,0.0,0.5,4.76,0.0,0.3,28.56,2.5
2.0,"2019-08-07 15:06:55.000000","2019-08-07 15:32:21.000000",1.0,5.42,1.0,N,234.0,33.0,2.0,19.5,0.0,0.5,0.0,0.0,0.3,22.8,2.5
2.0,"2019-08-07 17:35:59.000000","2019-08-07 18:07:49.000000",1.0,3.95,1.0,N,234.0,33.0,1.0,21.0,1.0,0.5,5.06,0.0,0.3,30.36,2.5
1.0,"2019-08-07 17:32:44.000000","2019-08-07 18:08:14.000000",1.0,4.6,1.0,N,234.0,33.0,1.0,24.0,3.5,0.5,5.65,0.0,0.3,33.95,2.5
2.0,"2019-08-07 18:19:51.000000","2019-08-07 18:44:16.000000",1.0,5.54,1.0,N,234.0,33.0,1.0,20.0,1.0,0.5,5.0,0.0,0.3,31.25,2.5
2.0,"2019-08-07 20:01:22.000000","2019-08-07 20:25:30.000000",1.0,3.83,1.0,N,234.0,33.0,2.0,17.0,0.5,0.5,0.0,0.0,0.3,20.8,2.5
2.0,"2019-08-07 20:18:05.000000","2019-08-07 20:39:16.000000",2.0,4.37,1.0,N,234.0,33.0,1.0,17.0,0.5,0.5,3.0,0.0,0.3,23.8,2.5
2.0,"2019-08-07 20:54:20.000000","2019-08-07 21:15:12.000000",2.0,3.97,1.0,N,234.0,33.0,1.0,16.0,0.5,0.5,3.96,0.0,0.3,23.76,2.5
2.0,"2019-08-07 20:13:35.000000","2019-08-07 20:44:03.000000",1.0,4.6,1.0,N,234.0,33.0,1.0,21.5,0.5,0.5,2.0,0.0,0.3,27.3,2.5
1.0,"2019-08-07 21:12:52.000000","2019-08-07 21:37:27.000000",1.0,4.8,1.0,N,234.0,33.0,1.0,18.0,3.0,0.5,4.35,0.0,0.3,26.15,2.5
2.0,"2019-08-07 21:44:20.000000","2019-08-07 22:04:22.000000",1.0,5.93,1.0,N,234.0,33.0,1.0,20.0,0.5,0.5,4.76,0.0,0.3,28.56,2.5
2.0,"2019-08-07 21:25:24.000000","2019-08-07 21:50:08.000000",1.0,4.33,1.0,N,234.0,33.0,1.0,19.0,0.5,0.5,5.7,0.0,0.3,28.5,2.5
2.0,"2019-08-07 21:16:46.000000","2019-08-07 21:41:18.000000",1.0,4.84,1.0,N,234.0,33.0,1.0,19.0,0.5,0.5,4.56,0.0,0.3,27.36,2.5
1.0,"2019-08-07 22:08:14.000000","2019-08-07 22:23:17.000000",2.0,3.6,1.0,N,234.0,33.0,1.0,13.5,3.0,0.5,1.0,0.0,0.3,18.3,2.5
2.0,"2019-08-07 22:09:23.000000","2019-08-07 22:25:18.000000",1.0,4.0,1.0,N,234.0,33.0,1.0,14.5,0.5,0.5,3.66,0.0,0.3,21.96,2.5
2.0,"2019-08-07 22:42:07.000000","2019-08-07 22:58:12.000000",1.0,3.97,1.0,N,234.0,33.0,1.0,14.0,0.5,0.5,3.2,0.0,0.3,21.0,2.5
1.0,"2019-08-07 23:18:24.000000","2019-08-07 23:36:07.000000",1.0,3.9,1.0,N,234.0,33.0,2.0,14.5,3.0,0.5,0.0,0.0,0.3,18.3,2.5
2.0,"2019-08-07 23:13:47.000000","2019-08-07 23:33:48.000000",1.0,3.98,1.0,N,234.0,33.0,1.0,16.0,0.5,0.5,3.96,0.0,0.3,23.76,2.5
2.0,"2019-08-08 00:47:15.000000","2019-08-08 01:05:37.000000",6.0,5.99,1.0,N,234.0,33.0,1.0,20.5,0.5,0.5,6.08,0.0,0.3,30.38,2.5
2.0,"2019-08-08 00:22:13.000000","2019-08-08 00:36:48.000000",1.0,3.86,1.0,N,234.0,33.0,1.0,14.0,0.5,0.5,3.56,0.0,0.3,21.36,2.5
2.0,"2019-08-08 00:45:44.000000","2019-08-08 01:07:22.000000",1.0,5.15,1.0,N,234.0,33.0,1.0,18.0,0.5,0.5,2.5,0.0,0.3,24.3,2.5
1.0,"2019-08-08 00:17:25.000000","2019-08-08 00:29:24.000000",1.0,3.6,1.0,N,234.0,33.0,1.0,12.5,3.0,0.5,2.0,0.0,0.3,18.3,2.5
2.0,"2019-08-08 13:36:18.000000","2019-08-08 13:59:38.000000",1.0,5.74,1.0,N,234.0,33.0,2.0,21.0,0.0,0.5,0.0,0.0,0.3,24.3,2.5
2.0,"2019-08-08 16:12:02.000000","2019-08-08 16:49:00.000000",1.0,3.8,1.0,N,234.0,33.0,1.0,23.5,1.0,0.5,5.56,0.0,0.3,33.36,2.5
2.0,"2019-08-08 18:06:59.000000","2019-08-08 18:29:46.000000",1.0,5.5,1.0,N,234.0,33.0,2.0,20.0,1.0,0.5,0.0,0.0,0.3,24.3,2.5
2.0,"2019-08-08 18:13:26.000000","2019-08-08 18:47:17.000000",1.0,4.37,1.0,N,234.0,33.0,1.0,22.0,1.0,0.5,5.26,0.0,0.3,31.56,2.5
2.0,"2019-08-08 18:31:14.000000","2019-08-08 19:07:52.000000",5.0,4.1,1.0,N,234.0,33.0,1.0,22.5,1.0,0.5,3.0,0.0,0.3,29.8,2.5
1.0,"2019-08-08 19:35:57.000000","2019-08-08 20:02:00.000000",1.0,5.9,1.0,N,234.0,33.0,1.0,21.5,3.5,0.5,5.15,0.0,0.3,30.95,2.5
2.0,"2019-08-08 20:41:38.000000","2019-08-08 21:10:56.000000",2.0,4.65,1.0,N,234.0,33.0,1.0,19.5,0.5,0.5,2.33,0.0,0.3,25.63,2.5
2.0,"2019-08-08 21:53:34.000000","2019-08-08 22:16:03.000000",1.0,4.49,1.0,N,234.0,33.0,1.0,16.5,0.5,0.5,4.06,0.0,0.3,24.36,2.5
1.0,"2019-08-08 21:05:09.000000","2019-08-08 21:28:22.000000",1.0,5.9,1.0,N,234.0,33.0,1.0,20.0,3.0,0.5,5.95,0.0,0.3,29.75,2.5
2.0,"2019-08-08 21:34:52.000000","2019-08-08 22:00:41.000000",6.0,4.5,1.0,N,234.0,33.0,1.0,18.0,0.5,0.5,5.45,0.0,0.3,27.25,2.5
1.0,"2019-08-08 22:05:25.000000","2019-08-08 22:30:10.000000",1.0,5.6,1.0,N,234.0,33.0,1.0,21.5,3.0,0.5,3.0,0.0,0.3,28.3,2.5
1.0,"2019-08-08 22:58:17.000000","2019-08-08 23:17:48.000000",1.0,5.5,1.0,N,234.0,33.0,1.0,20.0,3.0,0.5,4.75,0.0,0.3,28.55,2.5
2.0,"2019-08-08 23:08:46.000000","2019-08-08 23:24:29.000000",4.0,3.55,1.0,N,234.0,33.0,1.0,14.0,0.5,0.5,3.56,0.0,0.3,21.36,2.5
1.0,"2019-08-08 23:38:30.000000","2019-08-08 23:57:40.000000",4.0,4.3,1.0,N,234.0,33.0,1.0,16.5,3.0,0.5,5.05,0.0,0.3,25.35,2.5
1.0,"2019-08-09 00:23:06.000000","2019-08-09 00:34:28.000000",1.0,4.1,1.0,N,234.0,33.0,1.0,13.5,3.0,0.5,3.45,0.0,0.3,20.75,2.5
2.0,"2019-08-09 00:17:52.000000","2019-08-09 00:33:48.000000",6.0,3.73,1.0,N,234.0,33.0,1.0,14.5,0.5,0.5,3.66,0.0,0.3,21.96,2.5
2.0,"2019-08-09 01:47:06.000000","2019-08-09 02:00:55.000000",3.0,4.56,1.0,N,234.0,33.0,1.0,15.5,0.5,0.5,1.8,0.0,0.3,21.1,2.5
2.0,"2019-08-09 07:05:33.000000","2019-08-09 07:24:18.000000",6.0,4.43,1.0,N,234.0,33.0,1.0,17.0,0.0,0.5,4.06,0.0,0.3,24.36,2.5
1.0,"2019-08-09 08:23:26.000000","2019-08-09 08:52:00.000000",1.0,6.6,1.0,N,234.0,33.0,1.0,24.0,2.5,0.5,6.65,6.12,0.3,40.07,2.5
2.0,"2019-08-09 11:47:32.000000","2019-08-09 12:11:16.000000",2.0,5.93,1.0,N,234.0,33.0,1.0,20.5,0.0,0.5,4.76,0.0,0.3,28.56,2.5
1.0,"2019-08-09 13:31:35.000000","2019-08-09 14:04:30.000000",1.0,6.1,1.0,N,234.0,33.0,2.0,26.0,2.5,0.5,0.0,0.0,0.3,29.3,2.5
2.0,"2019-08-09 13:32:54.000000","2019-08-09 13:51:08.000000",1.0,5.87,1.0,N,234.0,33.0,1.0,19.5,0.0,0.5,5.7,0.0,0.3,28.5,2.5
1.0,"2019-08-09 14:55:07.000000","2019-08-09 15:27:03.000000",1.0,4.0,1.0,N,234.0,33.0,2.0,21.0,2.5,0.5,0.0,0.0,0.3,24.3,2.5
2.0,"2019-08-09 17:34:43.000000","2019-08-09 18:02:33.000000",1.0,6.14,1.0,N,234.0,33.0,1.0,24.0,1.0,0.5,5.66,0.0,0.3,33.96,2.5
2.0,"2019-08-09 17:58:05.000000","2019-08-09 18:31:24.000000",1.0,7.72,1.0,N,234.0,33.0,1.0,27.5,1.0,0.5,6.36,0.0,0.3,38.16,2.5
2.0,"2019-08-09 17:56:17.000000","2019-08-09 18:27:16.000000",1.0,3.43,1.0,N,234.0,33.0,1.0,20.0,1.0,0.5,6.08,0.0,0.3,30.38,2.5
2.0,"2019-08-09 18:20:02.000000","2019-08-09 18:39:39.000000",1.0,6.24,1.0,N,234.0,33.0,1.0,20.5,1.0,0.5,4.96,0.0,0.3,29.76,2.5
2.0,"2019-08-09 18:51:39.000000","2019-08-09 19:17:12.000000",1.0,4.3,1.0,N,234.0,33.0,1.0,18.0,1.0,0.5,4.46,0.0,0.3,26.76,2.5
2.0,"2019-08-09 19:15:18.000000","2019-08-09 19:42:38.000000",2.0,4.45,1.0,N,234.0,33.0,1.0,19.0,1.0,0.5,4.66,0.0,0.3,27.96,2.5
1.0,"2019-08-09 20:58:06.000000","2019-08-09 21:21:19.000000",3.0,3.9,1.0,N,234.0,33.0,1.0,16.5,3.0,0.5,4.05,0.0,0.3,24.35,2.5
2.0,"2019-08-09 21:17:25.000000","2019-08-09 21:37:17.000000",1.0,4.79,1.0,N,234.0,33.0,1.0,17.0,0.5,0.5,6.24,0.0,0.3,27.04,2.5
2.0,"2019-08-09 22:51:08.000000","2019-08-09 23:13:40.000000",1.0,6.34,1.0,N,234.0,33.0,1.0,21.5,0.5,0.5,4.0,0.0,0.3,29.3,2.5
2.0,"2019-08-09 22:56:33.000000","2019-08-09 23:28:52.000000",2.0,5.1,1.0,N,234.0,33.0,1.0,22.0,0.5,0.5,4.5,0.0,0.3,30.3,2.5
2.0,"2019-08-10 00:30:41.000000","2019-08-10 00:51:57.000000",1.0,4.06,1.0,N,234.0,33.0,1.0,16.5,0.5,0.5,4.06,0.0,0.3,24.36,2.5
1.0,"2019-08-10 01:13:00.000000","2019-08-10 01:33:32.000000",2.0,4.6,1.0,N,234.0,33.0,1.0,17.5,3.0,0.5,4.25,0.0,0.3,25.55,2.5
2.0,"2019-08-10 01:20:41.000000","2019-08-10 01:38:28.000000",3.0,6.1,1.0,N,234.0,33.0,1.0,20.0,0.5,0.5,4.76,0.0,0.3,28.56,2.5
1.0,"2019-08-10 01:34:38.000000","2019-08-10 01:51:54.000000",1.0,4.4,1.0,N,234.0,33.0,1.0,16.0,3.0,0.5,3.95,0.0,0.3,23.75,2.5
2.0,"2019-08-10 02:40:36.000000","2019-08-10 03:02:33.000000",1.0,6.43,1.0,N,234.0,33.0,1.0,21.5,0.5,0.5,1.0,0.0,0.3,26.3,2.5
1.0,"2019-08-10 09:11:27.000000","2019-08-10 09:30:29.000000",1.0,4.2,1.0,N,234.0,33.0,2.0,16.0,2.5,0.5,0.0,0.0,0.3,19.3,2.5
2.0,"2019-08-10 14:14:22.000000","2019-08-10 14:42:31.000000",1.0,6.03,1.0,N,234.0,33.0,2.0,22.5,0.0,0.5,0.0,0.0,0.3,25.8,2.5
2.0,"2019-08-10 20:22:54.000000","2019-08-10 20:44:58.000000",5.0,3.96,1.0,N,234.0,33.0,1.0,16.0,0.5,0.5,3.96,0.0,0.3,23.76,2.5
2.0,"2019-08-10 20:14:36.000000","2019-08-10 20:37:51.000000",1.0,3.92,1.0,N,234.0,33.0,1.0,17.0,0.5,0.5,4.16,0.0,0.3,24.96,2.5
1.0,"2019-08-10 20:42:14.000000","2019-08-10 21:05:51.000000",2.0,3.7,1.0,N,234.0,33.0,1.0,16.5,3.0,0.5,5.05,0.0,0.3,25.35,2.5
2.0,"2019-08-10 23:28:08.000000","2019-08-10 23:53:23.000000",1.0,4.24,1.0,N,234.0,33.0,1.0,17.5,0.5,0.5,4.26,0.0,0.3,25.56,2.5
2.0,"2019-08-10 22:58:38.000000","2019-08-10 23:22:32.000000",1.0,6.73,1.0,N,234.0,33.0,1.0,23.5,0.5,0.5,5.46,0.0,0.3,32.76,2.5
2.0,"2019-08-10 23:58:20.000000","2019-08-11 00:16:51.000000",1.0,5.54,1.0,N,234.0,33.0,2.0,18.5,0.5,0.5,0.0,0.0,0.3,22.3,2.5
1.0,"2019-08-10 23:34:11.000000","2019-08-10 23:54:17.000000",2.0,4.3,1.0,N,234.0,33.0,1.0,16.0,3.0,0.5,3.95,0.0,0.3,23.75,2.5
1.0,"2019-08-11 00:01:41.000000","2019-08-11 00:18:44.000000",1.0,3.7,1.0,N,234.0,33.0,1.0,13.5,3.0,0.5,4.3,0.0,0.3,21.6,2.5
2.0,"2019-08-11 09:51:04.000000","2019-08-11 10:04:32.000000",3.0,3.88,1.0,N,234.0,33.0,1.0,13.5,0.0,0.5,3.36,0.0,0.3,20.16,2.5
1.0,"2019-08-11 12:26:21.000000","2019-08-11 12:46:10.000000",1.0,5.4,1.0,N,234.0,33.0,1.0,19.5,2.5,0.5,4.55,0.0,0.3,27.35,2.5
2.0,"2019-08-11 14:05:54.000000","2019-08-11 14:30:10.000000",1.0,6.38,1.0,N,234.0,33.0,2.0,22.5,0.0,0.5,0.0,0.0,0.3,25.8,2.5
2.0,"2019-08-11 22:24:30.000000","2019-08-11 22:38:25.000000",3.0,4.18,1.0,N,234.0,33.0,1.0,14.0,0.5,0.5,3.0,0.0,0.3,20.8,2.5
2.0,"2019-08-12 12:17:11.000000","2019-08-12 12:35:16.000000",1.0,5.35,1.0,N,234.0,33.0,1.0,18.5,0.0,0.5,4.36,0.0,0.3,26.16,2.5
2.0,"2019-08-12 13:44:10.000000","2019-08-12 14:22:15.000000",1.0,4.0,1.0,N,234.0,33.0,2.0,23.5,0.0,0.5,0.0,0.0,0.3,26.8,2.5
1.0,"2019-08-12 17:16:12.000000","2019-08-12 17:37:22.000000",1.0,4.3,1.0,N,234.0,33.0,1.0,17.0,3.5,0.5,4.25,0.0,0.3,25.55,2.5
2.0,"2019-08-12 17:32:56.000000","2019-08-12 18:04:10.000000",1.0,6.22,1.0,N,234.0,33.0,1.0,23.5,1.0,0.5,3.2,0.0,0.3,31.0,2.5
1.0,"2019-08-12 19:19:14.000000","2019-08-12 19:39:19.000000",1.0,3.6,1.0,N,234.0,33.0,1.0,15.0,3.5,0.5,3.85,0.0,0.3,23.15,2.5
1.0,"2019-08-12 20:31:38.000000","2019-08-12 20:44:52.000000",4.0,3.3,1.0,N,234.0,33.0,1.0,12.5,3.0,0.5,3.25,0.0,0.3,19.55,2.5
1.0,"2019-08-12 20:00:09.000000","2019-08-12 20:17:13.000000",1.0,3.4,1.0,N,234.0,33.0,1.0,13.5,3.5,0.5,2.0,0.0,0.3,19.8,2.5
1.0,"2019-08-12 20:53:57.000000","2019-08-12 21:10:11.000000",1.0,3.9,1.0,N,234.0,33.0,1.0,14.5,3.0,0.5,3.65,0.0,0.3,21.95,2.5
2.0,"2019-08-12 21:24:04.000000","2019-08-12 21:44:54.000000",2.0,4.18,1.0,N,234.0,33.0,1.0,17.0,0.5,0.5,3.2,0.0,0.3,24.0,2.5
2.0,"2019-08-12 21:27:46.000000","2019-08-12 21:45:39.000000",1.0,7.02,1.0,N,234.0,33.0,1.0,22.0,0.5,0.5,5.16,0.0,0.3,30.96,2.5
2.0,"2019-08-12 22:52:42.000000","2019-08-12 23:13:14.000000",2.0,6.11,1.0,N,234.0,33.0,1.0,21.0,0.5,0.5,6.2,0.0,0.3,31.0,2.5
2.0,"2019-08-12 22:00:58.000000","2019-08-12 22:25:48.000000",1.0,4.17,1.0,N,234.0,33.0,1.0,19.0,0.5,0.5,4.56,0.0,0.3,27.36,2.5
1.0,"2019-08-12 23:40:18.000000","2019-08-13 00:03:59.000000",1.0,4.3,1.0,N,234.0,33.0,1.0,18.0,3.0,0.5,2.0,0.0,0.3,23.8,2.5
2.0,"2019-08-12 23:41:27.000000","2019-08-12 23:56:11.000000",1.0,3.71,1.0,N,234.0,33.0,1.0,14.5,0.5,0.5,2.7,0.0,0.3,21.0,2.5
1.0,"2019-08-13 16:54:01.000000","2019-08-13 17:25:44.000000",1.0,6.0,1.0,N,234.0,33.0,1.0,24.0,3.5,0.5,2.2,0.0,0.3,30.5,2.5
2.0,"2019-08-13 17:02:49.000000","2019-08-13 17:33:41.000000",1.0,5.91,1.0,N,234.0,33.0,1.0,23.5,1.0,0.5,6.78,6.12,0.3,40.7,2.5
1.0,"2019-08-13 17:52:47.000000","2019-08-13 18:15:22.000000",2.0,4.4,1.0,N,234.0,33.0,1.0,18.5,3.5,0.5,4.55,0.0,0.3,27.35,2.5
2.0,"2019-08-13 18:21:29.000000","2019-08-13 18:50:18.000000",1.0,6.16,1.0,N,234.0,33.0,1.0,23.5,1.0,0.5,5.56,0.0,0.3,33.36,2.5
2.0,"2019-08-13 19:37:04.000000","2019-08-13 19:58:16.000000",1.0,6.02,1.0,N,234.0,33.0,2.0,20.0,1.0,0.5,0.0,0.0,0.3,24.3,2.5
2.0,"2019-08-13 19:42:31.000000","2019-08-13 20:05:45.000000",3.0,3.98,1.0,N,234.0,33.0,2.0,17.0,1.0,0.5,0.0,0.0,0.3,21.3,2.5
1.0,"2019-08-13 19:37:59.000000","2019-08-13 20:06:10.000000",2.0,7.1,1.0,N,234.0,33.0,1.0,24.5,3.5,0.5,5.75,0.0,0.3,34.55,2.5
1.0,"2019-08-13 20:47:00.000000","2019-08-13 21:07:16.000000",1.0,4.3,1.0,N,234.0,33.0,1.0,16.5,3.0,0.5,4.05,0.0,0.3,24.35,2.5
1.0,"2019-08-13 20:13:36.000000","2019-08-13 20:31:45.000000",1.0,5.8,1.0,N,234.0,33.0,1.0,19.0,3.5,0.5,4.65,0.0,0.3,27.95,2.5
2.0,"2019-08-13 21:08:13.000000","2019-08-13 21:25:02.000000",1.0,4.09,1.0,N,234.0,33.0,1.0,15.0,0.5,0.5,3.76,0.0,0.3,22.56,2.5
2.0,"2019-08-13 21:00:48.000000","2019-08-13 21:18:55.000000",2.0,6.16,1.0,N,234.0,33.0,1.0,20.5,0.5,0.5,3.0,0.0,0.3,27.3,2.5
2.0,"2019-08-13 21:52:33.000000","2019-08-13 22:10:08.000000",2.0,4.42,1.0,N,234.0,33.0,1.0,15.5,0.5,0.5,3.86,0.0,0.3,23.16,2.5
1.0,"2019-08-13 22:35:08.000000","2019-08-13 22:47:25.000000",3.0,4.1,1.0,N,234.0,33.0,1.0,13.5,3.0,0.5,3.45,0.0,0.3,20.75,2.5
2.0,"2019-08-13 22:19:32.000000","2019-08-13 22:36:24.000000",1.0,4.21,1.0,N,234.0,33.0,1.0,15.5,0.5,0.5,3.86,0.0,0.3,23.16,2.5
1.0,"2019-08-14 13:25:31.000000","2019-08-14 13:50:33.000000",1.0,5.6,1.0,N,234.0,33.0,1.0,21.5,2.5,0.5,3.0,0.0,0.3,27.8,2.5
2.0,"2019-08-14 13:37:02.000000","2019-08-14 14:01:22.000000",1.0,3.9,1.0,N,234.0,33.0,1.0,17.5,0.0,0.5,4.16,0.0,0.3,24.96,2.5
2.0,"2019-08-14 15:56:39.000000","2019-08-14 16:37:00.000000",1.0,5.44,1.0,N,234.0,33.0,1.0,25.0,0.0,0.5,7.08,0.0,0.3,35.38,2.5
2.0,"2019-08-14 18:45:29.000000","2019-08-14 19:08:46.000000",1.0,4.03,1.0,N,234.0,33.0,1.0,17.0,1.0,0.5,3.0,0.0,0.3,24.3,2.5
2.0,"2019-08-14 19:21:25.000000","2019-08-14 19:52:05.000000",1.0,4.25,1.0,N,234.0,33.0,1.0,19.5,1.0,0.5,7.14,0.0,0.3,30.94,2.5
2.0,"2019-08-14 19:59:22.000000","2019-08-14 20:25:05.000000",2.0,4.1,1.0,N,234.0,33.0,1.0,17.5,0.5,0.5,0.0,0.0,0.3,21.3,2.5
2.0,"2019-08-14 20:00:53.000000","2019-08-14 20:21:22.000000",3.0,4.13,1.0,N,234.0,33.0,1.0,17.0,0.5,0.5,3.0,0.0,0.3,23.8,2.5
1.0,"2019-08-14 20:30:40.000000","2019-08-14 20:50:49.000000",1.0,6.1,1.0,N,234.0,33.0,1.0,20.5,3.0,0.5,4.85,0.0,0.3,29.15,2.5
1.0,"2019-08-14 21:29:34.000000","2019-08-14 21:46:09.000000",1.0,5.1,1.0,N,234.0,33.0,1.0,18.0,3.0,0.5,4.35,0.0,0.3,26.15,2.5
2.0,"2019-08-14 21:45:09.000000","2019-08-14 22:02:50.000000",1.0,4.4,1.0,N,234.0,33.0,1.0,15.5,0.5,0.5,4.82,0.0,0.3,24.12,2.5
2.0,"2019-08-14 21:15:10.000000","2019-08-14 21:36:36.000000",1.0,6.2,1.0,N,234.0,33.0,1.0,21.0,0.5,0.5,3.0,0.0,0.3,27.8,2.5
2.0,"2019-08-14 21:25:13.000000","2019-08-14 21:44:43.000000",1.0,4.23,1.0,N,234.0,33.0,1.0,16.0,0.5,0.5,3.96,0.0,0.3,23.76,2.5
2.0,"2019-08-14 22:46:22.000000","2019-08-14 23:06:04.000000",1.0,4.69,1.0,N,234.0,33.0,1.0,17.0,0.5,0.5,4.16,0.0,0.3,24.96,2.5
2.0,"2019-08-14 22:54:56.000000","2019-08-14 23:08:38.000000",4.0,3.63,1.0,N,234.0,33.0,2.0,13.0,0.5,0.5,0.0,0.0,0.3,16.8,2.5
1.0,"2019-08-14 22:03:33.000000","2019-08-14 22:22:46.000000",1.0,5.9,1.0,N,234.0,33.0,1.0,20.0,3.0,0.5,4.75,0.0,0.3,28.55,2.5
1.0,"2019-08-15 15:05:08.000000","2019-08-15 15:30:49.000000",1.0,4.2,1.0,N,234.0,33.0,1.0,18.5,2.5,0.5,5.45,0.0,0.3,27.25,2.5
2.0,"2019-08-15 16:22:33.000000","2019-08-15 16:53:34.000000",1.0,3.9,1.0,N,234.0,33.0,1.0,19.5,1.0,0.5,5.95,0.0,0.3,29.75,2.5
2.0,"2019-08-15 16:54:19.000000","2019-08-15 17:21:25.000000",1.0,4.51,1.0,N,234.0,33.0,1.0,19.5,1.0,0.5,3.2,0.0,0.3,27.0,2.5
1.0,"2019-08-15 17:55:40.000000","2019-08-15 18:27:57.000000",1.0,3.6,1.0,N,234.0,33.0,2.0,20.5,3.5,0.5,0.0,0.0,0.3,24.8,2.5
2.0,"2019-08-15 17:28:53.000000","2019-08-15 18:00:14.000000",1.0,4.16,1.0,N,234.0,33.0,1.0,21.0,1.0,0.5,6.32,0.0,0.3,31.62,2.5
2.0,"2019-08-15 19:20:44.000000","2019-08-15 19:46:29.000000",3.0,6.48,1.0,N,234.0,33.0,1.0,22.5,1.0,0.5,5.36,0.0,0.3,32.16,2.5
2.0,"2019-08-15 20:20:25.000000","2019-08-15 20:42:23.000000",6.0,5.74,1.0,N,234.0,33.0,1.0,20.5,0.5,0.5,4.86,0.0,0.3,29.16,2.5
2.0,"2019-08-15 21:23:43.000000","2019-08-15 21:43:47.000000",2.0,4.32,1.0,N,234.0,33.0,1.0,16.0,0.5,0.5,4.95,0.0,0.3,24.75,2.5
1.0,"2019-08-15 21:49:09.000000","2019-08-15 22:23:55.000000",1.0,6.1,1.0,N,234.0,33.0,2.0,26.0,3.0,0.5,0.0,0.0,0.3,29.8,2.5
2.0,"2019-08-15 22:00:46.000000","2019-08-15 22:22:02.000000",2.0,4.41,1.0,N,234.0,33.0,1.0,17.0,0.5,0.5,5.2,0.0,0.3,26.0,2.5
2.0,"2019-08-15 22:13:46.000000","2019-08-15 22:34:21.000000",1.0,4.11,1.0,N,234.0,33.0,1.0,15.5,0.5,0.5,2.9,0.0,0.3,22.2,2.5
2.0,"2019-08-15 23:14:04.000000","2019-08-15 23:29:29.000000",4.0,3.91,1.0,N,234.0,33.0,1.0,14.0,0.5,0.5,3.08,0.0,0.3,20.88,2.5
2.0,"2019-08-15 23:57:09.000000","2019-08-16 00:14:56.000000",5.0,4.38,1.0,N,234.0,33.0,1.0,16.0,0.5,0.5,3.96,0.0,0.3,23.76,2.5
2.0,"2019-08-15 23:36:12.000000","2019-08-15 23:56:24.000000",5.0,5.99,1.0,N,234.0,33.0,1.0,20.0,0.5,0.5,4.76,0.0,0.3,28.56,2.5
2.0,"2019-08-16 00:36:06.000000","2019-08-16 00:50:12.000000",1.0,4.26,1.0,N,234.0,33.0,1.0,14.5,0.5,0.5,3.66,0.0,0.3,21.96,2.5
2.0,"2019-08-16 01:39:32.000000","2019-08-16 01:55:48.000000",1.0,4.68,1.0,N,234.0,33.0,1.0,16.5,0.5,0.5,2.0,0.0,0.3,22.3,2.5
2.0,"2019-08-16 11:59:43.000000","2019-08-16 12:31:24.000000",1.0,4.24,1.0,N,234.0,33.0,1.0,21.5,0.0,0.5,4.96,0.0,0.3,29.76,2.5
2.0,"2019-08-16 14:50:47.000000","2019-08-16 15:23:34.000000",1.0,6.71,1.0,N,234.0,33.0,1.0,26.0,0.0,0.5,7.32,0.0,0.3,36.62,2.5
2.0,"2019-08-16 14:33:11.000000","2019-08-16 14:52:39.000000",1.0,5.94,1.0,N,234.0,33.0,1.0,20.0,0.0,0.5,4.66,0.0,0.3,27.96,2.5
1.0,"2019-08-16 17:12:08.000000","2019-08-16 17:38:32.000000",1.0,6.1,1.0,N,234.0,33.0,1.0,22.0,3.5,0.5,2.0,0.0,0.3,28.3,2.5
1.0,"2019-08-16 17:52:04.000000","2019-08-16 18:15:24.000000",3.0,3.8,1.0,N,234.0,33.0,1.0,17.5,3.5,0.5,4.35,0.0,0.3,26.15,2.5
2.0,"2019-08-16 17:26:12.000000","2019-08-16 17:56:41.000000",1.0,4.12,1.0,N,234.0,33.0,2.0,20.0,1.0,0.5,0.0,0.0,0.3,24.3,2.5
1.0,"2019-08-16 18:39:47.000000","2019-08-16 19:08:04.000000",1.0,3.6,1.0,N,234.0,33.0,2.0,19.0,3.5,0.5,0.0,0.0,0.3,23.3,2.5
1.0,"2019-08-16 20:12:55.000000","2019-08-16 20:32:10.000000",1.0,4.2,1.0,N,234.0,33.0,1.0,16.0,3.0,0.5,3.95,0.0,0.3,23.75,2.5
2.0,"2019-08-16 20:33:00.000000","2019-08-16 20:55:54.000000",1.0,4.45,1.0,N,234.0,33.0,2.0,16.5,0.5,0.5,0.0,0.0,0.3,20.3,2.5
1.0,"2019-08-16 21:44:13.000000","2019-08-16 22:03:33.000000",1.0,3.6,1.0,N,234.0,33.0,1.0,15.0,3.0,0.5,3.75,0.0,0.3,22.55,2.5
2.0,"2019-08-16 22:09:28.000000","2019-08-16 22:29:44.000000",1.0,3.9,1.0,N,234.0,33.0,1.0,15.5,0.5,0.5,3.86,0.0,0.3,23.16,2.5
1.0,"2019-08-16 22:19:58.000000","2019-08-16 22:39:01.000000",1.0,5.4,1.0,N,234.0,33.0,1.0,19.0,3.0,0.5,4.55,0.0,0.3,27.35,2.5
2.0,"2019-08-16 23:07:32.000000","2019-08-16 23:31:00.000000",1.0,4.82,1.0,N,234.0,33.0,1.0,18.5,0.5,0.5,4.46,0.0,0.3,26.76,2.5
1.0,"2019-08-17 00:01:02.000000","2019-08-17 00:20:12.000000",2.0,6.0,1.0,N,234.0,33.0,1.0,20.0,3.0,0.5,4.75,0.0,0.3,28.55,2.5
2.0,"2019-08-17 13:35:34.000000","2019-08-17 13:56:35.000000",1.0,3.82,1.0,N,234.0,33.0,1.0,17.0,0.0,0.5,2.0,0.0,0.3,22.3,2.5
2.0,"2019-08-17 18:41:17.000000","2019-08-17 19:04:38.000000",1.0,3.81,1.0,N,234.0,33.0,1.0,16.5,0.0,0.5,3.96,0.0,0.3,23.76,2.5
2.0,"2019-08-17 19:14:47.000000","2019-08-17 19:40:05.000000",2.0,4.47,1.0,N,234.0,33.0,1.0,17.5,0.0,0.5,4.0,0.0,0.3,24.8,2.5
2.0,"2019-08-17 19:33:04.000000","2019-08-17 20:03:26.000000",1.0,6.84,1.0,N,234.0,33.0,1.0,26.0,0.0,0.5,0.0,0.0,0.3,29.3,2.5
2.0,"2019-08-17 19:30:14.000000","2019-08-17 19:50:29.000000",1.0,3.72,1.0,N,234.0,33.0,1.0,15.0,0.0,0.5,3.66,0.0,0.3,21.96,2.5
1.0,"2019-08-17 20:09:14.000000","2019-08-17 20:29:41.000000",1.0,5.6,1.0,N,234.0,33.0,1.0,19.5,3.0,0.5,3.0,0.0,0.3,26.3,2.5
1.0,"2019-08-17 22:49:20.000000","2019-08-17 23:05:39.000000",2.0,3.4,1.0,N,234.0,33.0,1.0,13.0,3.0,0.5,3.35,0.0,0.3,20.15,2.5
2.0,"2019-08-17 23:48:41.000000","2019-08-18 00:08:45.000000",1.0,4.39,1.0,N,234.0,33.0,1.0,17.0,0.5,0.5,4.16,0.0,0.3,24.96,2.5
2.0,"2019-08-17 17:22:45.000000","2019-08-17 17:38:03.000000",5.0,4.69,1.0,N,234.0,33.0,1.0,16.0,0.5,0.5,3.96,0.0,0.3,23.76,2.5
2.0,"2019-08-18 09:29:56.000000","2019-08-18 09:47:37.000000",5.0,6.03,1.0,N,234.0,33.0,1.0,20.0,0.0,0.5,4.66,0.0,0.3,27.96,2.5
2.0,"2019-08-18 10:39:42.000000","2019-08-18 10:57:25.000000",2.0,4.23,1.0,N,234.0,33.0,2.0,15.5,0.0,0.5,0.0,0.0,0.3,18.8,2.5
1.0,"2019-08-18 17:29:02.000000","2019-08-18 18:01:02.000000",2.0,5.1,1.0,N,234.0,33.0,2.0,21.0,2.5,0.5,0.0,0.0,0.3,24.3,2.5
2.0,"2019-08-19 13:24:51.000000","2019-08-19 13:45:51.000000",2.0,5.92,1.0,N,234.0,33.0,1.0,21.0,0.0,0.5,6.08,0.0,0.3,30.38,2.5
2.0,"2019-08-19 14:04:39.000000","2019-08-19 14:34:22.000000",5.0,6.13,1.0,N,234.0,33.0,1.0,23.5,0.0,0.5,2.68,0.0,0.3,29.48,2.5
1.0,"2019-08-19 15:54:56.000000","2019-08-19 16:18:47.000000",1.0,3.7,1.0,N,234.0,33.0,1.0,17.0,2.5,0.5,2.03,0.0,0.3,22.33,2.5
2.0,"2019-08-19 17:39:15.000000","2019-08-19 18:09:36.000000",1.0,6.25,1.0,N,234.0,33.0,1.0,23.5,1.0,0.5,2.5,0.0,0.3,30.3,2.5
2.0,"2019-08-19 19:11:17.000000","2019-08-19 19:30:13.000000",5.0,4.17,1.0,N,234.0,33.0,2.0,16.0,1.0,0.5,0.0,0.0,0.3,20.3,2.5
2.0,"2019-08-19 19:56:07.000000","2019-08-19 20:16:31.000000",1.0,4.21,1.0,N,234.0,33.0,1.0,16.5,1.0,0.5,4.16,0.0,0.3,24.96,2.5
2.0,"2019-08-19 19:49:56.000000","2019-08-19 20:10:20.000000",1.0,4.12,1.0,N,234.0,33.0,1.0,16.0,1.0,0.5,3.0,0.0,0.3,23.3,2.5
2.0,"2019-08-19 20:02:49.000000","2019-08-19 20:19:08.000000",1.0,3.89,1.0,N,234.0,33.0,2.0,14.0,0.5,0.5,0.0,0.0,0.3,17.8,2.5
1.0,"2019-08-19 20:33:12.000000","2019-08-19 20:54:23.000000",2.0,4.2,1.0,Y,234.0,33.0,1.0,16.5,3.0,0.5,3.05,0.0,0.3,23.35,2.5
2.0,"2019-08-19 21:38:28.000000","2019-08-19 21:54:52.000000",1.0,4.26,1.0,N,234.0,33.0,1.0,15.0,0.5,0.5,3.76,0.0,0.3,22.56,2.5
2.0,"2019-08-19 21:45:33.000000","2019-08-19 22:00:57.000000",1.0,3.83,1.0,N,234.0,33.0,1.0,14.5,0.5,0.5,4.58,0.0,0.3,22.88,2.5
2.0,"2019-08-19 22:00:28.000000","2019-08-19 22:12:48.000000",3.0,3.46,1.0,N,234.0,33.0,1.0,12.5,0.5,0.5,3.0,0.0,0.3,19.3,2.5
2.0,"2019-08-20 00:29:52.000000","2019-08-20 00:51:03.000000",1.0,4.69,1.0,N,234.0,33.0,1.0,18.0,0.5,0.5,4.36,0.0,0.3,26.16,2.5
2.0,"2019-08-20 12:43:35.000000","2019-08-20 13:02:55.000000",2.0,6.31,1.0,N,234.0,33.0,1.0,21.0,0.0,0.5,0.0,0.0,0.3,24.3,2.5
2.0,"2019-08-20 12:33:33.000000","2019-08-20 12:55:56.000000",5.0,6.03,1.0,N,234.0,33.0,2.0,21.0,0.0,0.5,0.0,0.0,0.3,24.3,2.5
1.0,"2019-08-20 12:41:56.000000","2019-08-20 13:12:26.000000",1.0,4.8,1.0,N,234.0,33.0,1.0,21.5,2.5,0.5,7.44,0.0,0.3,32.24,2.5
2.0,"2019-08-20 13:49:27.000000","2019-08-20 14:13:51.000000",1.0,6.29,1.0,N,234.0,33.0,1.0,21.5,0.0,0.5,4.96,0.0,0.3,29.76,2.5
2.0,"2019-08-20 14:30:59.000000","2019-08-20 14:55:48.000000",1.0,5.95,1.0,N,234.0,33.0,1.0,21.5,0.0,0.5,3.0,0.0,0.3,27.8,2.5
2.0,"2019-08-20 15:02:17.000000","2019-08-20 15:40:55.000000",1.0,6.04,1.0,N,234.0,33.0,2.0,26.0,0.0,0.5,0.0,0.0,0.3,29.3,2.5
2.0,"2019-08-20 15:52:32.000000","2019-08-20 16:22:47.000000",2.0,4.11,1.0,N,234.0,33.0,1.0,21.0,0.0,0.5,1.0,0.0,0.3,25.3,2.5
2.0,"2019-08-20 16:48:46.000000","2019-08-20 17:19:47.000000",1.0,4.43,1.0,N,234.0,33.0,2.0,20.5,1.0,0.5,0.0,0.0,0.3,24.8,2.5
2.0,"2019-08-20 17:56:28.000000","2019-08-20 18:21:59.000000",1.0,5.62,1.0,N,234.0,33.0,1.0,21.0,1.0,0.5,5.06,0.0,0.3,30.36,2.5
1.0,"2019-08-20 17:49:17.000000","2019-08-20 18:16:36.000000",1.0,3.7,1.0,N,234.0,33.0,2.0,17.5,3.5,0.5,0.0,0.0,0.3,21.8,2.5
2.0,"2019-08-20 18:52:46.000000","2019-08-20 19:12:16.000000",1.0,3.96,1.0,N,234.0,33.0,1.0,16.0,1.0,0.5,2.0,0.0,0.3,22.3,2.5
2.0,"2019-08-20 19:49:00.000000","2019-08-20 20:10:11.000000",6.0,3.9,1.0,N,234.0,33.0,1.0,15.5,1.0,0.5,3.96,0.0,0.3,23.76,2.5
2.0,"2019-08-20 19:43:34.000000","2019-08-20 20:06:46.000000",6.0,5.98,1.0,N,234.0,33.0,2.0,20.5,1.0,0.5,0.0,0.0,0.3,24.8,2.5
2.0,"2019-08-20 19:49:45.000000","2019-08-20 20:13:05.000000",2.0,5.57,1.0,N,234.0,33.0,1.0,20.0,1.0,0.5,2.0,0.0,0.3,26.3,2.5
2.0,"2019-08-20 20:21:39.000000","2019-08-20 20:44:40.000000",1.0,6.37,1.0,N,234.0,33.0,1.0,22.0,0.5,0.5,6.0,0.0,0.3,31.8,2.5
1.0,"2019-08-20 20:48:43.000000","2019-08-20 21:08:49.000000",1.0,6.5,1.0,N,234.0,33.0,1.0,21.0,3.0,0.5,2.0,0.0,0.3,26.8,2.5
2.0,"2019-08-20 21:54:19.000000","2019-08-20 22:10:12.000000",1.0,3.72,1.0,N,234.0,33.0,1.0,14.0,0.5,0.5,4.45,0.0,0.3,22.25,2.5
2.0,"2019-08-20 21:01:32.000000","2019-08-20 21:27:09.000000",1.0,4.79,1.0,N,234.0,33.0,1.0,19.5,0.5,0.5,4.66,0.0,0.3,27.96,2.5
1.0,"2019-08-20 22:54:05.000000","2019-08-20 23:12:43.000000",1.0,4.6,1.0,N,234.0,33.0,1.0,16.5,3.0,0.5,4.05,0.0,0.3,24.35,2.5
2.0,"2019-08-20 22:03:14.000000","2019-08-20 22:21:58.000000",1.0,4.25,1.0,N,234.0,33.0,1.0,15.5,0.5,0.5,3.86,0.0,0.3,23.16,2.5
2.0,"2019-08-20 22:01:42.000000","2019-08-20 22:17:42.000000",1.0,5.44,1.0,N,234.0,33.0,1.0,18.0,0.5,0.5,4.36,0.0,0.3,26.16,2.5
2.0,"2019-08-20 23:47:10.000000","2019-08-21 00:02:51.000000",1.0,4.36,1.0,N,234.0,33.0,1.0,15.5,0.5,0.5,3.86,0.0,0.3,23.16,2.5
1.0,"2019-08-20 23:01:54.000000","2019-08-20 23:18:51.000000",1.0,5.6,1.0,N,234.0,33.0,1.0,18.5,3.0,0.5,4.46,0.0,0.3,26.76,2.5
2.0,"2019-08-20 23:42:41.000000","2019-08-20 23:57:50.000000",1.0,3.97,1.0,N,234.0,33.0,1.0,14.5,0.5,0.5,3.66,0.0,0.3,21.96,2.5
1.0,"2019-08-20 23:53:38.000000","2019-08-21 00:09:34.000000",2.0,5.7,1.0,N,234.0,33.0,1.0,19.5,3.0,0.5,4.65,0.0,0.3,27.95,2.5
2.0,"2019-08-20 23:27:12.000000","2019-08-20 23:43:29.000000",1.0,4.27,1.0,N,234.0,33.0,1.0,15.0,0.5,0.5,2.0,0.0,0.3,20.8,2.5
1.0,"2019-08-21 06:08:36.000000","2019-08-21 06:25:15.000000",1.0,4.5,1.0,N,234.0,33.0,1.0,16.5,2.5,0.5,3.95,0.0,0.3,23.75,2.5
2.0,"2019-08-21 07:37:09.000000","2019-08-21 07:51:41.000000",1.0,6.05,1.0,N,234.0,33.0,1.0,19.0,0.0,0.5,4.46,0.0,0.3,26.76,2.5
2.0,"2019-08-21 12:11:51.000000","2019-08-21 12:38:07.000000",1.0,4.68,1.0,N,234.0,33.0,1.0,19.0,0.0,0.5,4.46,0.0,0.3,26.76,2.5
2.0,"2019-08-21 13:51:13.000000","2019-08-21 14:20:01.000000",1.0,4.57,1.0,N,234.0,33.0,1.0,21.0,0.0,0.5,4.86,0.0,0.3,29.16,2.5
2.0,"2019-08-21 17:41:00.000000","2019-08-21 18:03:51.000000",6.0,3.9,1.0,N,234.0,33.0,1.0,16.0,1.0,0.5,2.0,0.0,0.3,22.3,2.5
2.0,"2019-08-21 17:27:15.000000","2019-08-21 17:59:24.000000",2.0,6.63,1.0,N,234.0,33.0,1.0,25.5,1.0,0.5,7.18,6.12,0.3,43.1,2.5
1.0,"2019-08-21 18:33:06.000000","2019-08-21 19:03:57.000000",1.0,6.2,1.0,N,234.0,33.0,1.0,23.5,3.5,0.5,3.5,0.0,0.3,31.3,2.5
2.0,"2019-08-21 17:57:21.000000","2019-08-21 18:27:58.000000",1.0,5.97,1.0,N,234.0,33.0,1.0,23.5,1.0,0.5,3.0,0.0,0.3,30.8,2.5
2.0,"2019-08-21 19:44:53.000000","2019-08-21 20:04:19.000000",1.0,5.9,1.0,N,234.0,33.0,1.0,19.5,1.0,0.5,4.0,0.0,0.3,27.8,2.5
2.0,"2019-08-21 19:43:40.000000","2019-08-21 20:09:11.000000",2.0,4.8,1.0,N,234.0,33.0,1.0,20.0,1.0,0.5,4.86,0.0,0.3,29.16,2.5
2.0,"2019-08-21 20:34:54.000000","2019-08-21 20:56:56.000000",2.0,5.61,1.0,N,234.0,33.0,1.0,21.0,0.5,0.5,4.0,0.0,0.3,28.8,2.5
2.0,"2019-08-21 20:56:59.000000","2019-08-21 21:16:50.000000",2.0,4.0,1.0,N,234.0,33.0,1.0,16.0,0.5,0.5,4.0,0.0,0.3,23.8,2.5
2.0,"2019-08-21 21:09:33.000000","2019-08-21 21:28:15.000000",1.0,3.92,1.0,N,234.0,33.0,1.0,15.5,0.5,0.5,3.86,0.0,0.3,23.16,2.5
2.0,"2019-08-21 21:05:29.000000","2019-08-21 21:24:35.000000",1.0,4.33,1.0,N,234.0,33.0,1.0,15.5,0.5,0.5,3.86,0.0,0.3,23.16,2.5
1.0,"2019-08-21 22:22:28.000000","2019-08-21 22:38:32.000000",1.0,3.9,1.0,N,234.0,33.0,1.0,15.0,3.0,0.5,3.75,0.0,0.3,22.55,2.5
2.0,"2019-08-21 22:08:22.000000","2019-08-21 22:25:49.000000",1.0,6.08,1.0,N,234.0,33.0,1.0,19.0,0.5,0.5,4.56,0.0,0.3,27.36,2.5
2.0,"2019-08-21 21:55:22.000000","2019-08-21 22:14:56.000000",1.0,4.1,1.0,N,234.0,33.0,1.0,16.0,0.5,0.5,3.96,0.0,0.3,23.76,2.5
1.0,"2019-08-21 22:02:32.000000","2019-08-21 22:27:29.000000",3.0,5.3,1.0,N,234.0,33.0,1.0,20.0,3.0,0.5,4.75,0.0,0.3,28.55,2.5
2.0,"2019-08-21 23:47:32.000000","2019-08-22 00:04:12.000000",1.0,4.44,1.0,N,234.0,33.0,1.0,16.0,0.5,0.5,4.95,0.0,0.3,24.75,2.5
2.0,"2019-08-21 23:40:23.000000","2019-08-21 23:57:07.000000",1.0,3.81,1.0,N,234.0,33.0,1.0,15.0,0.5,0.5,3.76,0.0,0.3,22.56,2.5
1.0,"2019-08-22 00:52:22.000000","2019-08-22 01:09:19.000000",1.0,4.7,1.0,N,234.0,33.0,1.0,17.0,3.0,0.5,5.2,0.0,0.3,26.0,2.5
2.0,"2019-08-22 01:35:01.000000","2019-08-22 01:47:31.000000",1.0,4.45,1.0,N,234.0,33.0,1.0,14.5,0.5,0.5,3.66,0.0,0.3,21.96,2.5
2.0,"2019-08-22 13:07:40.000000","2019-08-22 13:31:51.000000",1.0,4.1,1.0,N,234.0,33.0,1.0,17.5,0.0,0.5,4.16,0.0,0.3,24.96,2.5
1.0,"2019-08-22 15:57:10.000000","2019-08-22 16:34:01.000000",1.0,5.8,1.0,N,234.0,33.0,1.0,26.0,2.5,0.5,7.3,0.0,0.3,36.6,2.5
2.0,"2019-08-22 17:51:01.000000","2019-08-22 18:18:09.000000",1.0,3.99,1.0,N,234.0,33.0,1.0,17.5,1.0,0.5,0.0,0.0,0.3,21.8,2.5
2.0,"2019-08-22 17:58:17.000000","2019-08-22 18:18:47.000000",1.0,3.63,1.0,N,234.0,33.0,1.0,14.5,1.0,0.5,3.76,0.0,0.3,22.56,2.5
2.0,"2019-08-22 17:27:07.000000","2019-08-22 17:53:36.000000",2.0,4.09,1.0,N,234.0,33.0,1.0,18.0,1.0,0.5,5.58,0.0,0.3,27.88,2.5
2.0,"2019-08-22 17:23:47.000000","2019-08-22 18:01:41.000000",1.0,6.14,1.0,N,234.0,33.0,1.0,25.5,1.0,0.5,3.2,0.0,0.3,33.0,2.5
2.0,"2019-08-22 16:56:32.000000","2019-08-22 17:24:59.000000",2.0,4.02,1.0,N,234.0,33.0,1.0,18.5,1.0,0.5,5.7,0.0,0.3,28.5,2.5
2.0,"2019-08-22 18:50:23.000000","2019-08-22 19:14:39.000000",2.0,5.85,1.0,N,234.0,33.0,1.0,21.0,1.0,0.5,2.0,0.0,0.3,27.3,2.5
1.0,"2019-08-22 18:55:41.000000","2019-08-22 19:16:00.000000",1.0,3.7,1.0,N,234.0,33.0,1.0,15.0,3.5,0.5,3.0,0.0,0.3,22.3,2.5
2.0,"2019-08-22 19:30:05.000000","2019-08-22 19:55:02.000000",1.0,4.58,1.0,N,234.0,33.0,1.0,18.5,1.0,0.5,5.7,0.0,0.3,28.5,2.5
2.0,"2019-08-22 21:22:24.000000","2019-08-22 21:43:27.000000",1.0,4.02,1.0,N,234.0,33.0,1.0,16.0,0.5,0.5,3.96,0.0,0.3,23.76,2.5
1.0,"2019-08-22 21:56:23.000000","2019-08-22 22:13:34.000000",2.0,4.1,1.0,N,234.0,33.0,1.0,15.0,3.0,0.5,3.76,0.0,0.3,22.56,2.5
1.0,"2019-08-22 21:43:55.000000","2019-08-22 22:02:56.000000",1.0,6.2,1.0,N,234.0,33.0,1.0,20.0,3.0,0.5,2.0,0.0,0.3,25.8,2.5
2.0,"2019-08-22 21:47:06.000000","2019-08-22 22:08:14.000000",1.0,5.93,1.0,N,234.0,33.0,1.0,20.5,0.5,0.5,6.08,0.0,0.3,30.38,2.5
2.0,"2019-08-22 21:05:30.000000","2019-08-22 21:26:06.000000",1.0,3.63,1.0,N,234.0,33.0,2.0,15.5,0.5,0.5,0.0,0.0,0.3,19.3,2.5
2.0,"2019-08-22 22:08:02.000000","2019-08-22 22:39:27.000000",1.0,4.1,1.0,N,234.0,33.0,1.0,20.5,0.5,0.5,4.86,0.0,0.3,29.16,2.5
1.0,"2019-08-22 22:30:16.000000","2019-08-22 22:57:50.000000",1.0,4.8,1.0,N,234.0,33.0,1.0,19.5,3.0,0.5,1.5,0.0,0.3,24.8,2.5
2.0,"2019-08-22 23:21:22.000000","2019-08-22 23:45:12.000000",1.0,6.03,1.0,N,234.0,33.0,1.0,21.0,0.5,0.5,2.5,0.0,0.3,27.3,2.5
2.0,"2019-08-23 09:31:18.000000","2019-08-23 09:52:48.000000",5.0,6.04,1.0,N,234.0,33.0,1.0,21.0,0.0,0.5,4.86,0.0,0.3,29.16,2.5
1.0,"2019-08-23 14:07:40.000000","2019-08-23 14:34:05.000000",1.0,6.0,1.0,N,234.0,33.0,1.0,22.0,2.5,0.5,2.0,0.0,0.3,27.3,2.5
2.0,"2019-08-23 13:57:40.000000","2019-08-23 14:30:29.000000",1.0,4.26,1.0,N,234.0,33.0,1.0,20.5,0.0,0.5,2.0,0.0,0.3,25.8,2.5
1.0,"2019-08-23 15:55:35.000000","2019-08-23 16:24:24.000000",1.0,4.3,1.0,N,234.0,33.0,1.0,20.0,3.5,0.5,5.0,0.0,0.3,29.3,2.5
1.0,"2019-08-23 16:05:18.000000","2019-08-23 16:35:28.000000",1.0,5.4,1.0,N,234.0,33.0,2.0,22.0,3.5,0.5,0.0,0.0,0.3,26.3,2.5
1.0,"2019-08-23 16:04:05.000000","2019-08-23 16:30:04.000000",2.0,4.2,1.0,N,234.0,33.0,1.0,19.0,2.5,0.5,4.45,0.0,0.3,26.75,2.5
1.0,"2019-08-23 17:41:39.000000","2019-08-23 18:07:48.000000",1.0,6.1,1.0,N,234.0,33.0,2.0,21.5,3.5,0.5,0.0,0.0,0.3,25.8,2.5
1.0,"2019-08-23 18:08:16.000000","2019-08-23 18:34:16.000000",1.0,3.6,1.0,N,234.0,33.0,1.0,17.5,3.5,0.5,4.35,0.0,0.3,26.15,2.5
2.0,"2019-08-23 18:39:05.000000","2019-08-23 19:16:44.000000",1.0,3.76,1.0,N,234.0,33.0,1.0,24.5,1.0,0.5,5.76,0.0,0.3,34.56,2.5
2.0,"2019-08-23 19:11:30.000000","2019-08-23 19:35:54.000000",2.0,3.84,1.0,N,234.0,33.0,1.0,16.5,1.0,0.5,0.01,0.0,0.3,20.81,2.5
1.0,"2019-08-23 21:05:20.000000","2019-08-23 21:28:48.000000",1.0,6.0,1.0,N,234.0,33.0,1.0,21.0,3.0,0.5,7.4,0.0,0.3,32.2,2.5
2.0,"2019-08-23 21:10:08.000000","2019-08-23 21:36:38.000000",2.0,5.06,1.0,N,234.0,33.0,1.0,20.0,0.5,0.5,7.14,0.0,0.3,30.94,2.5
1.0,"2019-08-23 22:19:22.000000","2019-08-23 22:38:51.000000",2.0,4.2,1.0,N,234.0,33.0,1.0,17.0,3.0,0.5,4.15,0.0,0.3,24.95,2.5
1.0,"2019-08-23 22:17:44.000000","2019-08-23 22:36:51.000000",1.0,4.7,1.0,Y,234.0,33.0,2.0,16.5,3.0,0.5,0.0,0.0,0.3,20.3,2.5
2.0,"2019-08-23 23:07:32.000000","2019-08-23 23:25:31.000000",1.0,4.07,1.0,N,234.0,33.0,1.0,15.5,0.5,0.5,4.82,0.0,0.3,24.12,2.5
2.0,"2019-08-23 23:10:57.000000","2019-08-23 23:32:56.000000",1.0,6.02,1.0,N,234.0,33.0,1.0,21.0,0.5,0.5,4.96,0.0,0.3,29.76,2.5
1.0,"2019-08-23 23:28:53.000000","2019-08-23 23:44:29.000000",1.0,4.0,1.0,N,234.0,33.0,1.0,15.0,3.0,0.5,2.0,0.0,0.3,20.8,2.5
2.0,"2019-08-24 01:04:45.000000","2019-08-24 01:15:57.000000",1.0,3.49,1.0,N,234.0,33.0,2.0,12.0,0.5,0.5,0.0,0.0,0.3,15.8,2.5
2.0,"2019-08-24 15:28:01.000000","2019-08-24 15:54:42.000000",4.0,6.24,1.0,N,234.0,33.0,1.0,22.0,0.0,0.5,5.06,0.0,0.3,30.36,2.5
2.0,"2019-08-24 18:15:07.000000","2019-08-24 18:38:32.000000",4.0,3.83,1.0,N,234.0,33.0,1.0,16.0,0.0,0.5,3.86,0.0,0.3,23.16,2.5
2.0,"2019-08-24 18:10:53.000000","2019-08-24 18:34:47.000000",2.0,3.73,1.0,N,234.0,33.0,1.0,16.0,0.0,0.5,3.86,0.0,0.3,23.16,2.5
2.0,"2019-08-24 23:04:28.000000","2019-08-24 23:28:36.000000",1.0,5.8,1.0,N,234.0,33.0,1.0,21.0,0.5,0.5,4.96,0.0,0.3,29.76,2.5
2.0,"2019-08-25 10:35:26.000000","2019-08-25 10:50:23.000000",1.0,3.54,1.0,N,234.0,33.0,1.0,13.5,0.0,0.5,2.52,0.0,0.3,19.32,2.5
2.0,"2019-08-25 12:07:16.000000","2019-08-25 12:26:06.000000",1.0,3.93,1.0,N,234.0,33.0,1.0,15.5,0.0,0.5,4.7,0.0,0.3,23.5,2.5
2.0,"2019-08-25 15:40:45.000000","2019-08-25 16:05:25.000000",1.0,5.81,1.0,N,234.0,33.0,1.0,21.0,0.0,0.5,4.86,0.0,0.3,29.16,2.5
2.0,"2019-08-25 16:03:35.000000","2019-08-25 16:30:24.000000",1.0,3.82,1.0,N,234.0,33.0,1.0,17.5,0.0,0.5,4.16,0.0,0.3,24.96,2.5
2.0,"2019-08-25 19:25:33.000000","2019-08-25 19:57:28.000000",2.0,6.58,1.0,N,234.0,33.0,1.0,24.5,0.0,0.5,2.78,0.0,0.3,30.58,2.5
2.0,"2019-08-25 20:09:27.000000","2019-08-25 20:36:50.000000",6.0,5.99,1.0,N,234.0,33.0,1.0,22.5,0.5,0.5,5.26,0.0,0.3,31.56,2.5
2.0,"2019-08-25 21:05:53.000000","2019-08-25 21:26:16.000000",2.0,3.44,1.0,N,234.0,33.0,1.0,15.0,0.5,0.5,5.64,0.0,0.3,24.44,2.5
1.0,"2019-08-25 22:54:07.000000","2019-08-25 23:14:58.000000",1.0,3.8,1.0,N,234.0,33.0,1.0,15.5,3.0,0.5,5.75,0.0,0.3,25.05,2.5
1.0,"2019-08-26 14:32:22.000000","2019-08-26 15:05:53.000000",1.0,4.3,1.0,Y,234.0,33.0,1.0,23.0,2.5,0.5,6.55,0.0,0.3,32.85,2.5
2.0,"2019-08-26 18:02:51.000000","2019-08-26 18:34:14.000000",1.0,6.51,1.0,N,234.0,33.0,1.0,24.0,1.0,0.5,2.7,0.0,0.3,31.0,2.5
2.0,"2019-08-26 18:20:42.000000","2019-08-26 18:51:30.000000",1.0,5.71,1.0,N,234.0,33.0,1.0,23.5,1.0,0.5,6.95,0.0,0.3,34.75,2.5
1.0,"2019-08-26 19:20:25.000000","2019-08-26 19:41:32.000000",1.0,3.4,1.0,N,234.0,33.0,1.0,15.5,3.5,0.5,3.95,0.0,0.3,23.75,2.5
1.0,"2019-08-26 19:28:33.000000","2019-08-26 19:51:22.000000",1.0,4.1,1.0,N,234.0,33.0,1.0,17.5,3.5,0.5,4.36,0.0,0.3,26.16,2.5
1.0,"2019-08-26 19:07:11.000000","2019-08-26 19:29:28.000000",1.0,5.3,1.0,N,234.0,33.0,1.0,20.0,3.5,0.5,3.0,0.0,0.3,27.3,2.5
1.0,"2019-08-26 19:01:10.000000","2019-08-26 19:21:51.000000",1.0,4.5,1.0,N,234.0,33.0,1.0,17.0,3.5,0.5,2.0,0.0,0.3,23.3,2.5
2.0,"2019-08-26 19:32:34.000000","2019-08-26 19:49:34.000000",3.0,5.6,1.0,N,234.0,33.0,1.0,18.0,1.0,0.5,2.0,0.0,0.3,24.3,2.5
2.0,"2019-08-26 20:45:01.000000","2019-08-26 21:02:58.000000",1.0,4.0,1.0,N,234.0,33.0,1.0,15.5,0.5,0.5,1.93,0.0,0.3,21.23,2.5
2.0,"2019-08-26 21:35:15.000000","2019-08-26 21:53:21.000000",1.0,4.11,1.0,N,234.0,33.0,1.0,15.5,0.5,0.5,3.86,0.0,0.3,23.16,2.5
1.0,"2019-08-26 21:38:25.000000","2019-08-26 22:01:53.000000",2.0,6.0,1.0,N,234.0,33.0,1.0,22.0,3.0,0.5,5.15,0.0,0.3,30.95,2.5
2.0,"2019-08-26 21:03:31.000000","2019-08-26 21:23:04.000000",5.0,5.57,1.0,N,234.0,33.0,1.0,20.0,0.5,0.5,5.0,0.0,0.3,28.8,2.5
2.0,"2019-08-26 21:57:39.000000","2019-08-26 22:12:36.000000",5.0,3.8,1.0,N,234.0,33.0,1.0,13.5,0.5,0.5,3.46,0.0,0.3,20.76,2.5
2.0,"2019-08-26 22:20:34.000000","2019-08-26 22:39:42.000000",1.0,6.08,1.0,N,234.0,33.0,1.0,20.0,0.5,0.5,4.76,0.0,0.3,28.56,2.5
1.0,"2019-08-26 22:21:39.000000","2019-08-26 22:39:38.000000",2.0,4.0,1.0,N,234.0,33.0,1.0,15.0,3.0,0.5,3.75,0.0,0.3,22.55,2.5
2.0,"2019-08-26 22:12:13.000000","2019-08-26 22:29:33.000000",4.0,4.28,1.0,N,234.0,33.0,1.0,16.0,0.5,0.5,3.96,0.0,0.3,23.76,2.5
2.0,"2019-08-26 23:04:01.000000","2019-08-26 23:28:52.000000",1.0,7.75,1.0,N,234.0,33.0,1.0,25.0,0.5,0.5,7.2,0.0,0.3,36.0,2.5
2.0,"2019-08-27 00:12:09.000000","2019-08-27 00:32:53.000000",1.0,4.49,1.0,N,234.0,33.0,1.0,17.0,0.5,0.5,6.24,0.0,0.3,27.04,2.5
1.0,"2019-08-27 10:56:06.000000","2019-08-27 11:20:49.000000",1.0,6.1,1.0,N,234.0,33.0,1.0,22.5,2.5,0.5,5.15,0.0,0.3,30.95,2.5
2.0,"2019-08-27 12:14:42.000000","2019-08-27 12:49:05.000000",1.0,6.37,1.0,N,234.0,33.0,1.0,27.5,0.0,0.5,9.24,0.0,0.3,40.04,2.5
2.0,"2019-08-27 14:56:02.000000","2019-08-27 15:26:12.000000",3.0,4.25,1.0,N,234.0,33.0,1.0,20.5,0.0,0.5,4.76,0.0,0.3,28.56,2.5
2.0,"2019-08-27 18:39:14.000000","2019-08-27 19:08:16.000000",1.0,4.02,1.0,N,234.0,33.0,1.0,19.0,1.0,0.5,2.0,0.0,0.3,25.3,2.5
2.0,"2019-08-27 19:15:45.000000","2019-08-27 19:34:07.000000",1.0,3.66,1.0,N,234.0,33.0,1.0,15.0,1.0,0.5,2.0,0.0,0.3,21.3,2.5
2.0,"2019-08-27 20:37:23.000000","2019-08-27 21:01:16.000000",1.0,5.77,1.0,N,234.0,33.0,1.0,21.5,0.5,0.5,5.06,0.0,0.3,30.36,2.5
1.0,"2019-08-27 20:04:22.000000","2019-08-27 20:22:18.000000",2.0,5.2,1.0,N,234.0,33.0,1.0,18.0,3.0,0.5,4.0,0.0,0.3,25.8,2.5
1.0,"2019-08-27 21:37:28.000000","2019-08-27 21:53:41.000000",1.0,4.0,1.0,N,234.0,33.0,1.0,15.0,3.0,0.5,3.75,0.0,0.3,22.55,2.5
2.0,"2019-08-27 22:10:26.000000","2019-08-27 22:27:10.000000",1.0,4.16,1.0,N,234.0,33.0,1.0,15.5,0.5,0.5,4.82,0.0,0.3,24.12,2.5
2.0,"2019-08-27 22:17:49.000000","2019-08-27 22:36:20.000000",2.0,4.09,1.0,N,234.0,33.0,1.0,15.5,0.5,0.5,3.86,0.0,0.3,23.16,2.5
2.0,"2019-08-27 22:02:59.000000","2019-08-27 22:23:27.000000",1.0,5.67,1.0,N,234.0,33.0,1.0,20.0,0.5,0.5,3.57,0.0,0.3,27.37,2.5
2.0,"2019-08-27 22:04:04.000000","2019-08-27 22:19:34.000000",1.0,3.72,1.0,N,234.0,33.0,1.0,13.5,0.5,0.5,3.46,0.0,0.3,20.76,2.5
1.0,"2019-08-27 22:06:25.000000","2019-08-27 22:30:23.000000",1.0,4.3,1.0,N,234.0,33.0,1.0,18.0,3.0,0.5,4.35,0.0,0.3,26.15,2.5
1.0,"2019-08-27 22:13:45.000000","2019-08-27 22:27:32.000000",1.0,3.5,1.0,N,234.0,33.0,1.0,13.0,3.0,0.5,2.5,0.0,0.3,19.3,2.5
1.0,"2019-08-27 23:41:39.000000","2019-08-27 23:59:20.000000",1.0,4.6,1.0,N,234.0,33.0,1.0,16.5,3.0,0.5,5.05,0.0,0.3,25.35,2.5
1.0,"2019-08-28 14:00:31.000000","2019-08-28 14:27:43.000000",0.0,4.1,1.0,N,234.0,33.0,1.0,18.5,2.5,0.5,6.0,0.0,0.3,27.8,2.5
2.0,"2019-08-28 14:46:09.000000","2019-08-28 15:09:32.000000",2.0,5.85,1.0,N,234.0,33.0,1.0,20.0,0.0,0.5,2.0,0.0,0.3,25.3,2.5
2.0,"2019-08-28 15:02:12.000000","2019-08-28 15:32:54.000000",1.0,4.38,1.0,N,234.0,33.0,1.0,20.0,2.5,0.5,2.5,0.0,0.3,25.8,0.0
1.0,"2019-08-28 15:56:23.000000","2019-08-28 16:27:59.000000",2.0,6.0,1.0,N,234.0,33.0,1.0,23.0,2.5,0.5,5.25,0.0,0.3,31.55,2.5
1.0,"2019-08-28 15:28:14.000000","2019-08-28 16:03:12.000000",1.0,5.9,1.0,N,234.0,33.0,1.0,23.5,2.5,0.5,5.36,0.0,0.3,32.16,2.5
1.0,"2019-08-28 17:31:11.000000","2019-08-28 17:55:31.000000",3.0,3.9,1.0,N,234.0,33.0,1.0,17.0,3.5,0.5,4.25,0.0,0.3,25.55,2.5
1.0,"2019-08-28 17:08:23.000000","2019-08-28 17:37:08.000000",1.0,5.8,1.0,N,234.0,33.0,1.0,22.0,3.5,0.5,5.0,0.0,0.3,31.3,2.5
2.0,"2019-08-28 19:56:17.000000","2019-08-28 20:17:42.000000",1.0,3.89,1.0,N,234.0,33.0,1.0,15.5,1.0,0.5,3.96,0.0,0.3,23.76,2.5
1.0,"2019-08-28 19:53:57.000000","2019-08-28 20:16:13.000000",1.0,4.0,1.0,N,234.0,33.0,2.0,16.5,3.5,0.5,0.0,0.0,0.3,20.8,2.5
2.0,"2019-08-28 19:32:52.000000","2019-08-28 19:52:46.000000",1.0,3.74,1.0,N,234.0,33.0,1.0,14.5,1.0,0.5,1.0,0.0,0.3,19.8,2.5
1.0,"2019-08-28 20:57:47.000000","2019-08-28 21:19:57.000000",1.0,4.2,1.0,N,234.0,33.0,2.0,16.0,3.0,0.5,0.0,0.0,0.3,19.8,2.5
2.0,"2019-08-28 20:41:46.000000","2019-08-28 21:08:41.000000",1.0,6.01,1.0,N,234.0,33.0,1.0,22.5,0.5,0.5,5.26,0.0,0.3,31.56,2.5
2.0,"2019-08-28 21:15:50.000000","2019-08-28 21:36:50.000000",5.0,4.38,1.0,N,234.0,33.0,1.0,17.0,0.5,0.5,4.16,0.0,0.3,24.96,2.5
2.0,"2019-08-28 21:01:49.000000","2019-08-28 21:25:09.000000",1.0,4.02,1.0,N,234.0,33.0,2.0,16.5,0.5,0.5,0.0,0.0,0.3,20.3,2.5
2.0,"2019-08-28 21:32:02.000000","2019-08-28 21:52:20.000000",1.0,5.02,1.0,N,234.0,33.0,1.0,17.5,0.5,0.5,4.26,0.0,0.3,25.56,2.5
2.0,"2019-08-28 22:43:39.000000","2019-08-28 22:59:22.000000",6.0,6.18,1.0,N,234.0,33.0,1.0,19.0,0.5,0.5,4.56,0.0,0.3,27.36,2.5
2.0,"2019-08-28 22:41:16.000000","2019-08-28 22:59:59.000000",4.0,5.74,1.0,N,234.0,33.0,1.0,19.5,0.5,0.5,4.66,0.0,0.3,27.96,2.5
2.0,"2019-08-28 22:02:24.000000","2019-08-28 22:21:09.000000",2.0,5.8,1.0,N,234.0,33.0,1.0,20.0,0.5,0.5,4.76,0.0,0.3,28.56,2.5
1.0,"2019-08-28 22:22:11.000000","2019-08-28 22:39:15.000000",1.0,5.5,1.0,N,234.0,33.0,1.0,18.5,3.0,0.5,4.45,0.0,0.3,26.75,2.5
2.0,"2019-08-28 22:04:00.000000","2019-08-28 22:25:29.000000",1.0,5.92,1.0,N,234.0,33.0,1.0,21.0,0.5,0.5,4.96,0.0,0.3,29.76,2.5
2.0,"2019-08-28 22:38:00.000000","2019-08-28 22:50:18.000000",1.0,3.27,1.0,N,234.0,33.0,1.0,12.0,0.5,0.5,3.16,0.0,0.3,18.96,2.5
2.0,"2019-08-28 23:23:10.000000","2019-08-28 23:40:23.000000",1.0,4.78,1.0,N,234.0,33.0,1.0,16.0,0.5,0.5,3.96,0.0,0.3,23.76,2.5
2.0,"2019-08-28 23:05:43.000000","2019-08-28 23:22:22.000000",1.0,5.8,1.0,N,234.0,33.0,1.0,18.5,0.5,0.5,4.46,0.0,0.3,26.76,2.5
1.0,"2019-08-29 00:39:10.000000","2019-08-29 00:56:22.000000",1.0,4.3,1.0,N,234.0,33.0,1.0,16.0,3.0,0.5,4.95,0.0,0.3,24.75,2.5
2.0,"2019-08-29 01:03:05.000000","2019-08-29 01:14:10.000000",1.0,3.67,1.0,N,234.0,33.0,1.0,12.5,0.5,0.5,2.0,0.0,0.3,18.3,2.5
2.0,"2019-08-29 11:50:50.000000","2019-08-29 12:15:15.000000",1.0,5.15,1.0,N,234.0,33.0,1.0,21.0,0.0,0.5,3.0,0.0,0.3,27.3,2.5
2.0,"2019-08-29 11:37:44.000000","2019-08-29 12:02:38.000000",1.0,6.32,1.0,N,234.0,33.0,2.0,22.5,0.0,0.5,0.0,0.0,0.3,25.8,2.5
2.0,"2019-08-29 13:19:13.000000","2019-08-29 13:41:18.000000",1.0,3.67,1.0,N,234.0,33.0,1.0,16.5,0.0,0.5,3.96,0.0,0.3,23.76,2.5
2.0,"2019-08-29 14:13:54.000000","2019-08-29 14:38:45.000000",5.0,6.41,1.0,N,234.0,33.0,1.0,23.0,0.0,0.5,5.26,0.0,0.3,31.56,2.5
2.0,"2019-08-29 17:45:23.000000","2019-08-29 18:15:12.000000",1.0,3.99,1.0,N,234.0,33.0,1.0,20.0,1.0,0.5,2.0,0.0,0.3,26.3,2.5
2.0,"2019-08-29 18:49:36.000000","2019-08-29 19:13:07.000000",1.0,3.94,1.0,N,234.0,33.0,1.0,16.5,1.0,0.5,6.24,0.0,0.3,27.04,2.5
2.0,"2019-08-29 18:08:52.000000","2019-08-29 18:32:43.000000",1.0,4.51,1.0,N,234.0,33.0,1.0,17.5,1.0,0.5,5.45,0.0,0.3,27.25,2.5
2.0,"2019-08-29 18:57:22.000000","2019-08-29 19:20:58.000000",2.0,4.06,1.0,N,234.0,33.0,1.0,17.0,1.0,0.5,3.0,0.0,0.3,24.3,2.5
1.0,"2019-08-29 19:42:39.000000","2019-08-29 20:11:06.000000",1.0,4.3,1.0,N,234.0,33.0,1.0,18.5,3.5,0.5,5.7,0.0,0.3,28.5,2.5
2.0,"2019-08-29 20:30:28.000000","2019-08-29 20:53:49.000000",1.0,5.62,1.0,N,234.0,33.0,1.0,20.5,0.5,0.5,3.5,0.0,0.3,27.8,2.5
1.0,"2019-08-29 20:54:02.000000","2019-08-29 21:19:53.000000",1.0,4.3,1.0,N,234.0,33.0,1.0,18.5,3.0,0.5,4.45,0.0,0.3,26.75,2.5
2.0,"2019-08-29 20:11:13.000000","2019-08-29 20:45:06.000000",2.0,5.15,1.0,N,234.0,33.0,1.0,22.5,0.5,0.5,5.26,0.0,0.3,31.56,2.5
2.0,"2019-08-29 20:34:20.000000","2019-08-29 20:52:10.000000",1.0,4.09,1.0,N,234.0,33.0,1.0,15.5,0.5,0.5,2.9,0.0,0.3,22.2,2.5
2.0,"2019-08-29 20:37:38.000000","2019-08-29 21:01:08.000000",3.0,3.86,1.0,N,234.0,33.0,1.0,16.0,0.5,0.5,3.0,0.0,0.3,22.8,2.5
2.0,"2019-08-29 20:48:40.000000","2019-08-29 21:11:40.000000",5.0,4.49,1.0,N,234.0,33.0,1.0,18.0,0.5,0.5,3.0,0.0,0.3,24.8,2.5
1.0,"2019-08-29 20:32:37.000000","2019-08-29 20:56:49.000000",1.0,4.3,1.0,N,234.0,33.0,1.0,17.0,3.0,0.5,3.2,0.0,0.3,24.0,2.5
1.0,"2019-08-29 21:32:43.000000","2019-08-29 21:53:57.000000",1.0,4.5,1.0,N,234.0,33.0,1.0,17.0,3.0,0.5,4.15,0.0,0.3,24.95,2.5
1.0,"2019-08-29 21:09:33.000000","2019-08-29 21:29:46.000000",1.0,5.7,1.0,N,234.0,33.0,1.0,19.5,3.0,0.5,4.65,0.0,0.3,27.95,2.5
1.0,"2019-08-29 21:18:24.000000","2019-08-29 21:39:42.000000",1.0,4.4,1.0,N,234.0,33.0,1.0,16.0,3.0,0.5,3.95,0.0,0.3,23.75,2.5
2.0,"2019-08-29 21:57:08.000000","2019-08-29 22:19:38.000000",1.0,6.07,1.0,N,234.0,33.0,1.0,22.0,0.5,0.5,6.45,0.0,0.3,32.25,2.5
2.0,"2019-08-29 22:19:09.000000","2019-08-29 22:39:04.000000",1.0,4.03,1.0,N,234.0,33.0,1.0,15.0,0.5,0.5,4.7,0.0,0.3,23.5,2.5
2.0,"2019-08-29 22:20:00.000000","2019-08-29 22:44:43.000000",1.0,6.35,1.0,N,234.0,33.0,1.0,22.5,0.5,0.5,5.26,0.0,0.3,31.56,2.5
2.0,"2019-08-29 23:42:50.000000","2019-08-30 00:00:07.000000",1.0,3.9,1.0,N,234.0,33.0,1.0,14.5,0.5,0.5,3.66,0.0,0.3,21.96,2.5
2.0,"2019-08-29 23:53:25.000000","2019-08-30 00:13:06.000000",1.0,5.77,1.0,N,234.0,33.0,1.0,20.0,0.5,0.5,5.95,0.0,0.3,29.75,2.5
2.0,"2019-08-30 00:06:46.000000","2019-08-30 00:22:03.000000",2.0,3.66,1.0,N,234.0,33.0,1.0,13.5,0.5,0.5,3.0,0.0,0.3,20.3,2.5
2.0,"2019-08-30 00:41:31.000000","2019-08-30 00:56:32.000000",1.0,4.43,1.0,N,234.0,33.0,1.0,15.0,0.5,0.5,3.76,0.0,0.3,22.56,2.5
2.0,"2019-08-30 00:44:23.000000","2019-08-30 01:00:10.000000",2.0,4.58,1.0,N,234.0,33.0,1.0,15.5,0.5,0.5,4.83,0.0,0.3,24.13,2.5
2.0,"2019-08-30 00:32:28.000000","2019-08-30 00:45:37.000000",1.0,4.19,1.0,N,234.0,33.0,1.0,14.0,0.5,0.5,3.56,0.0,0.3,21.36,2.5
2.0,"2019-08-30 01:19:50.000000","2019-08-30 01:34:36.000000",1.0,4.35,1.0,N,234.0,33.0,1.0,14.5,0.5,0.5,1.0,0.0,0.3,19.3,2.5
2.0,"2019-08-30 09:58:03.000000","2019-08-30 10:19:12.000000",6.0,5.64,1.0,N,234.0,33.0,1.0,21.0,0.0,0.5,6.08,0.0,0.3,30.38,2.5
2.0,"2019-08-30 11:35:22.000000","2019-08-30 12:00:03.000000",1.0,6.72,1.0,N,234.0,33.0,1.0,24.0,0.0,0.5,5.46,0.0,0.3,32.76,2.5
2.0,"2019-08-30 12:20:30.000000","2019-08-30 12:55:56.000000",1.0,7.18,1.0,N,234.0,33.0,1.0,27.5,0.0,0.5,6.16,0.0,0.3,36.96,2.5
1.0,"2019-08-30 14:46:50.000000","2019-08-30 15:10:08.000000",1.0,3.9,1.0,N,234.0,33.0,2.0,17.0,2.5,0.5,0.0,0.0,0.3,20.3,2.5
1.0,"2019-08-30 18:11:04.000000","2019-08-30 18:32:27.000000",1.0,3.9,1.0,N,234.0,33.0,2.0,16.0,3.5,0.5,0.0,0.0,0.3,20.3,2.5
1.0,"2019-08-30 19:08:21.000000","2019-08-30 19:38:43.000000",1.0,5.8,1.0,N,234.0,33.0,1.0,23.5,3.5,0.5,9.0,0.0,0.3,36.8,2.5
1.0,"2019-08-30 20:17:14.000000","2019-08-30 20:40:34.000000",1.0,3.8,1.0,N,234.0,33.0,1.0,16.0,3.0,0.5,3.95,0.0,0.3,23.75,2.5
2.0,"2019-08-30 20:22:33.000000","2019-08-30 20:49:07.000000",1.0,4.75,1.0,N,234.0,33.0,2.0,19.0,0.5,0.5,0.0,0.0,0.3,22.8,2.5
2.0,"2019-08-30 20:52:36.000000","2019-08-30 21:09:32.000000",5.0,3.97,1.0,N,234.0,33.0,1.0,14.5,0.5,0.5,3.66,0.0,0.3,21.96,2.5
2.0,"2019-08-30 21:07:04.000000","2019-08-30 21:32:16.000000",5.0,4.52,1.0,N,234.0,33.0,1.0,18.5,0.5,0.5,5.58,0.0,0.3,27.88,2.5
2.0,"2019-08-30 21:31:13.000000","2019-08-30 21:52:18.000000",1.0,4.02,1.0,N,234.0,33.0,1.0,16.0,0.5,0.5,2.0,0.0,0.3,21.8,2.5
2.0,"2019-08-30 22:17:17.000000","2019-08-30 22:35:56.000000",1.0,4.27,1.0,N,234.0,33.0,1.0,16.0,0.5,0.5,3.0,0.0,0.3,22.8,2.5
1.0,"2019-08-30 22:52:59.000000","2019-08-30 23:12:59.000000",1.0,4.0,1.0,N,234.0,33.0,1.0,16.0,3.0,0.5,3.95,0.0,0.3,23.75,2.5
1.0,"2019-08-31 03:29:48.000000","2019-08-31 03:44:36.000000",1.0,5.6,1.0,N,234.0,33.0,1.0,19.0,3.0,0.5,2.0,0.0,0.3,24.8,2.5
1.0,"2019-08-31 09:37:30.000000","2019-08-31 09:53:15.000000",1.0,4.0,1.0,N,234.0,33.0,1.0,15.0,2.5,0.5,3.66,0.0,0.3,21.96,2.5
1.0,"2019-08-31 12:46:59.000000","2019-08-31 13:03:48.000000",1.0,3.8,1.0,N,234.0,33.0,2.0,15.0,2.5,0.5,0.0,0.0,0.3,18.3,2.5
2.0,"2019-08-31 12:32:35.000000","2019-08-31 12:49:10.000000",1.0,6.0,1.0,N,234.0,33.0,1.0,20.0,0.0,0.5,3.5,0.0,0.3,26.8,2.5
1.0,"2019-08-31 18:56:29.000000","2019-08-31 19:19:18.000000",2.0,5.3,1.0,N,234.0,33.0,1.0,19.5,2.5,0.5,5.7,0.0,0.3,28.5,2.5
1.0,"2019-08-31 21:52:38.000000","2019-08-31 22:10:38.000000",2.0,3.7,1.0,N,234.0,33.0,1.0,15.5,3.0,0.5,2.0,0.0,0.3,21.3,2.5
2.0,"2019-08-31 23:08:07.000000","2019-08-31 23:30:12.000000",1.0,4.12,1.0,N,234.0,33.0,2.0,17.5,0.5,0.5,0.0,0.0,0.3,21.3,2.5
,"2019-08-19 14:17:56.000000","2019-08-19 14:52:57.000000",,4.48,,,234.0,33.0,,25.95,2.75,0.0,0.0,0.0,0.3,29.0,0.0
,"2019-08-21 12:59:59.000000","2019-08-21 13:28:21.000000",,4.15,,,234.0,33.0,,25.95,2.75,0.0,0.0,0.0,0.3,29.0,0.0
