2.0,"2019-08-03 10:04:35.000000","2019-08-03 11:00:35.000000",2.0,11.84,1.0,N,234.0,35.0,2.0,43.0,0.0,0.5,0.0,0.0,0.3,46.3,2.5
1.0,"2019-08-05 19:18:27.000000","2019-08-05 20:07:36.000000",1.0,0.0,1.0,N,234.0,35.0,1.0,40.2,0.0,0.5,0.0,0.0,0.3,41.0,0.0
1.0,"2019-08-07 14:52:02.000000","2019-08-07 15:58:56.000000",1.0,0.0,1.0,N,234.0,35.0,1.0,26.2,0.0,0.5,0.0,0.0,0.3,27.0,0.0
1.0,"2019-08-11 01:46:01.000000","2019-08-11 02:23:16.000000",1.0,8.9,1.0,N,234.0,35.0,2.0,31.0,3.0,0.5,0.0,0.0,0.3,34.8,2.5
1.0,"2019-08-14 14:14:37.000000","2019-08-14 15:03:28.000000",1.0,0.0,1.0,N,234.0,35.0,1.0,26.2,0.0,0.5,0.0,0.0,0.3,27.0,0.0
1.0,"2019-08-18 01:41:29.000000","2019-08-18 02:16:43.000000",1.0,11.7,1.0,N,234.0,35.0,2.0,36.5,3.0,0.5,0.0,0.0,0.3,40.3,2.5
1.0,"2019-08-19 09:11:58.000000","2019-08-19 10:14:00.000000",1.0,10.2,1.0,N,234.0,35.0,2.0,44.0,2.5,0.5,0.0,0.0,0.3,47.3,2.5
1.0,"2019-08-19 16:01:27.000000","2019-08-19 16:51:55.000000",1.0,0.0,1.0,N,234.0,35.0,1.0,26.2,0.0,0.5,0.0,0.0,0.3,27.0,0.0
1.0,"2019-08-20 12:23:41.000000","2019-08-20 13:11:43.000000",1.0,11.7,1.0,N,234.0,35.0,2.0,40.5,2.5,0.5,0.0,6.12,0.3,49.92,2.5
1.0,"2019-08-20 16:03:21.000000","2019-08-20 17:02:44.000000",1.0,0.0,1.0,N,234.0,35.0,1.0,26.2,0.0,0.5,0.0,0.0,0.3,27.0,0.0
1.0,"2019-08-22 20:53:39.000000","2019-08-22 21:44:13.000000",1.0,9.2,1.0,N,234.0,35.0,1.0,36.5,3.0,0.5,8.05,0.0,0.3,48.35,2.5
1.0,"2019-08-24 23:27:26.000000","2019-08-25 00:15:56.000000",1.0,0.0,1.0,N,234.0,35.0,1.0,38.2,0.0,0.5,0.0,0.0,0.3,39.0,0.0
1.0,"2019-08-25 00:26:49.000000","2019-08-25 01:00:22.000000",3.0,8.1,1.0,N,234.0,35.0,2.0,28.5,3.0,0.5,0.0,0.0,0.3,32.3,2.5
1.0,"2019-08-25 00:27:24.000000","2019-08-25 01:00:12.000000",1.0,8.1,1.0,N,234.0,35.0,2.0,28.5,3.0,0.5,0.0,0.0,0.3,32.3,2.5
1.0,"2019-08-30 18:26:49.000000","2019-08-30 19:06:06.000000",1.0,0.0,1.0,N,234.0,35.0,1.0,28.2,0.0,0.5,0.0,0.0,0.3,29.0,0.0
,"2019-08-06 13:21:00.000000","2019-08-06 14:10:00.000000",,8.88,,,234.0,35.0,,27.76,2.75,0.5,0.0,0.0,0.3,31.31,0.0
,"2019-08-10 20:50:00.000000","2019-08-10 21:44:00.000000",,14.4,,,234.0,35.0,,18.89,5.5,0.5,0.0,6.12,0.3,31.31,0.0
,"2019-08-16 11:18:43.000000","2019-08-16 12:07:27.000000",,8.25,,,234.0,35.0,,30.39,2.75,0.0,0.0,0.0,0.3,33.44,0.0
,"2019-08-17 16:59:00.000000","2019-08-17 17:57:00.000000",,9.4,,,234.0,35.0,,27.76,2.75,0.5,0.0,0.0,0.3,31.31,0.0
,"2019-08-22 13:47:00.000000","2019-08-22 14:44:00.000000",,8.9,,,234.0,35.0,,29.89,2.75,0.5,0.0,0.0,0.3,33.44,0.0
,"2019-08-21 16:03:00.000000","2019-08-21 17:00:00.000000",,9.33,,,234.0,35.0,,29.89,2.75,0.5,0.0,0.0,0.3,33.44,0.0
,"2019-08-28 16:13:42.000000","2019-08-28 17:12:43.000000",,9.27,,,234.0,35.0,,30.39,2.75,0.0,0.0,0.0,0.3,33.44,0.0
,"2019-08-22 16:21:00.000000","2019-08-22 17:31:00.000000",,12.8,,,234.0,35.0,,23.77,2.75,0.5,0.0,6.12,0.3,33.44,0.0
