2.0,"2019-08-01 00:35:25.000000","2019-08-01 01:05:39.000000",1.0,7.52,1.0,N,234.0,36.0,1.0,26.5,0.5,0.5,6.06,0.0,0.3,36.36,2.5
2.0,"2019-08-01 01:59:49.000000","2019-08-01 02:28:13.000000",1.0,6.87,1.0,N,234.0,36.0,1.0,24.5,0.5,0.5,5.66,0.0,0.3,33.96,2.5
2.0,"2019-08-01 01:29:39.000000","2019-08-01 01:45:25.000000",1.0,6.54,1.0,N,234.0,36.0,1.0,20.0,0.5,0.5,4.76,0.0,0.3,28.56,2.5
1.0,"2019-08-01 02:04:35.000000","2019-08-01 02:31:47.000000",4.0,6.6,1.0,N,234.0,36.0,1.0,24.0,3.0,0.5,2.0,0.0,0.3,29.8,2.5
2.0,"2019-08-01 14:21:26.000000","2019-08-01 15:00:31.000000",1.0,5.65,1.0,N,234.0,36.0,1.0,27.5,0.0,0.5,6.16,0.0,0.3,36.96,2.5
1.0,"2019-08-01 18:49:35.000000","2019-08-01 19:23:17.000000",0.0,7.0,1.0,N,234.0,36.0,1.0,26.5,1.0,0.5,0.0,6.12,0.3,34.42,0.0
2.0,"2019-08-01 18:11:12.000000","2019-08-01 18:52:35.000000",6.0,5.5,1.0,N,234.0,36.0,1.0,28.0,1.0,0.5,6.46,0.0,0.3,38.76,2.5
2.0,"2019-08-01 21:48:11.000000","2019-08-01 22:26:59.000000",1.0,6.89,1.0,N,234.0,36.0,1.0,29.5,0.5,0.5,6.66,0.0,0.3,39.96,2.5
2.0,"2019-08-01 23:18:40.000000","2019-08-01 23:51:03.000000",1.0,8.32,1.0,N,234.0,36.0,2.0,28.5,0.5,0.5,0.0,0.0,0.3,32.3,2.5
1.0,"2019-08-01 23:51:33.000000","2019-08-02 00:20:32.000000",2.0,5.7,1.0,N,234.0,36.0,1.0,23.0,3.0,0.5,5.35,0.0,0.3,32.15,2.5
2.0,"2019-08-01 23:45:46.000000","2019-08-02 00:12:39.000000",1.0,5.79,1.0,N,234.0,36.0,1.0,22.0,0.5,0.5,7.74,0.0,0.3,35.49,2.5
2.0,"2019-08-01 23:25:49.000000","2019-08-01 23:56:01.000000",1.0,5.84,1.0,N,234.0,36.0,1.0,23.5,0.5,0.5,5.46,0.0,0.3,32.76,2.5
2.0,"2019-08-02 03:45:32.000000","2019-08-02 04:13:55.000000",5.0,6.62,1.0,N,234.0,36.0,2.0,24.0,0.5,0.5,0.0,0.0,0.3,27.8,2.5
1.0,"2019-08-02 04:39:19.000000","2019-08-02 05:03:55.000000",1.0,6.0,1.0,N,234.0,36.0,2.0,22.0,3.0,0.5,0.0,0.0,0.3,25.8,2.5
2.0,"2019-08-02 15:06:37.000000","2019-08-02 16:07:44.000000",1.0,6.84,1.0,N,234.0,36.0,1.0,37.5,0.0,0.5,0.0,0.0,0.3,40.8,2.5
1.0,"2019-08-02 20:38:01.000000","2019-08-02 21:25:36.000000",2.0,8.6,1.0,N,234.0,36.0,1.0,35.0,3.0,0.5,0.0,0.0,0.3,38.8,2.5
2.0,"2019-08-03 00:19:42.000000","2019-08-03 00:57:38.000000",2.0,8.04,1.0,N,234.0,36.0,1.0,30.0,0.5,0.5,10.14,0.0,0.3,43.94,2.5
1.0,"2019-08-03 00:58:20.000000","2019-08-03 01:30:34.000000",2.0,6.6,1.0,N,234.0,36.0,2.0,25.0,3.0,0.5,0.0,0.0,0.3,28.8,2.5
2.0,"2019-08-03 01:46:53.000000","2019-08-03 02:12:34.000000",1.0,7.38,1.0,N,234.0,36.0,2.0,24.0,0.5,0.5,0.0,6.12,0.3,33.92,2.5
2.0,"2019-08-03 04:12:57.000000","2019-08-03 04:39:31.000000",2.0,7.39,1.0,N,234.0,36.0,1.0,25.0,0.5,0.5,5.76,0.0,0.3,34.56,2.5
2.0,"2019-08-03 05:32:47.000000","2019-08-03 05:54:12.000000",1.0,6.13,1.0,N,234.0,36.0,1.0,21.0,0.5,0.5,2.48,0.0,0.3,27.28,2.5
2.0,"2019-08-03 17:42:26.000000","2019-08-03 18:11:22.000000",1.0,6.16,1.0,N,234.0,36.0,1.0,23.0,0.0,0.5,5.26,0.0,0.3,31.56,2.5
2.0,"2019-08-03 19:41:49.000000","2019-08-03 20:06:55.000000",1.0,5.91,1.0,N,234.0,36.0,2.0,21.0,0.0,0.5,0.0,0.0,0.3,24.3,2.5
2.0,"2019-08-04 02:45:05.000000","2019-08-04 03:15:43.000000",1.0,6.78,1.0,N,234.0,36.0,1.0,25.0,0.5,0.5,7.2,0.0,0.3,36.0,2.5
2.0,"2019-08-04 03:43:07.000000","2019-08-04 04:04:42.000000",1.0,6.57,1.0,N,234.0,36.0,1.0,22.0,0.5,0.5,5.16,0.0,0.3,30.96,2.5
1.0,"2019-08-04 17:14:36.000000","2019-08-04 17:45:43.000000",1.0,7.2,1.0,N,234.0,36.0,1.0,25.5,2.5,0.5,5.75,0.0,0.3,34.55,2.5
2.0,"2019-08-04 17:30:49.000000","2019-08-04 18:01:10.000000",1.0,6.01,1.0,N,234.0,36.0,1.0,23.5,0.0,0.5,4.0,0.0,0.3,30.8,2.5
2.0,"2019-08-05 02:05:06.000000","2019-08-05 02:34:37.000000",3.0,7.73,1.0,N,234.0,36.0,2.0,27.5,0.5,0.5,0.0,0.0,0.3,31.3,2.5
1.0,"2019-08-05 02:43:17.000000","2019-08-05 03:05:59.000000",1.0,5.9,1.0,N,234.0,36.0,1.0,20.5,3.0,0.5,4.85,0.0,0.3,29.15,2.5
2.0,"2019-08-05 02:54:56.000000","2019-08-05 03:23:15.000000",1.0,8.21,1.0,N,234.0,36.0,1.0,27.5,0.5,0.5,6.26,0.0,0.3,37.56,2.5
2.0,"2019-08-06 04:28:59.000000","2019-08-06 04:56:30.000000",2.0,8.16,1.0,N,234.0,36.0,1.0,27.5,0.5,0.5,6.26,0.0,0.3,37.56,2.5
2.0,"2019-08-06 20:23:54.000000","2019-08-06 20:58:12.000000",1.0,8.6,1.0,N,234.0,36.0,2.0,30.0,0.5,0.5,0.0,0.0,0.3,33.8,2.5
2.0,"2019-08-06 21:37:47.000000","2019-08-06 22:02:34.000000",1.0,7.79,1.0,N,234.0,36.0,2.0,25.0,0.5,0.5,0.0,6.12,0.3,34.92,2.5
1.0,"2019-08-06 23:48:23.000000","2019-08-07 00:22:12.000000",1.0,6.8,1.0,N,234.0,36.0,1.0,26.5,3.0,0.5,6.05,0.0,0.3,36.35,2.5
1.0,"2019-08-06 23:15:36.000000","2019-08-06 23:51:00.000000",3.0,8.2,1.0,N,234.0,36.0,1.0,28.5,3.0,0.5,5.0,6.12,0.3,43.42,2.5
2.0,"2019-08-07 19:13:46.000000","2019-08-07 19:56:45.000000",1.0,6.66,1.0,N,234.0,36.0,2.0,29.5,1.0,0.5,0.0,0.0,0.3,33.8,2.5
2.0,"2019-08-07 19:56:41.000000","2019-08-07 20:28:51.000000",1.0,8.1,1.0,N,234.0,36.0,1.0,28.0,1.0,0.5,2.0,6.12,0.3,40.42,2.5
2.0,"2019-08-07 22:04:16.000000","2019-08-07 22:33:36.000000",4.0,7.0,1.0,N,234.0,36.0,1.0,25.5,0.5,0.5,2.93,0.0,0.3,32.23,2.5
2.0,"2019-08-08 00:15:38.000000","2019-08-08 00:37:04.000000",5.0,6.2,1.0,N,234.0,36.0,1.0,21.0,0.5,0.5,4.96,0.0,0.3,29.76,2.5
2.0,"2019-08-08 23:39:04.000000","2019-08-09 00:23:58.000000",1.0,8.14,1.0,N,234.0,36.0,1.0,34.0,0.5,0.5,9.45,0.0,0.3,47.25,2.5
1.0,"2019-08-09 19:20:34.000000","2019-08-09 20:04:08.000000",1.0,7.5,1.0,Y,234.0,36.0,1.0,30.0,3.5,0.5,6.85,0.0,0.3,41.15,2.5
2.0,"2019-08-09 19:21:09.000000","2019-08-09 19:58:23.000000",1.0,5.76,1.0,N,234.0,36.0,1.0,26.5,1.0,0.5,6.16,0.0,0.3,36.96,2.5
1.0,"2019-08-09 23:27:59.000000","2019-08-09 23:59:59.000000",2.0,5.7,1.0,N,234.0,36.0,1.0,24.0,3.0,0.5,8.3,0.0,0.3,36.1,2.5
2.0,"2019-08-10 00:46:22.000000","2019-08-10 01:15:11.000000",1.0,5.62,1.0,N,234.0,36.0,2.0,22.5,0.5,0.5,0.0,0.0,0.3,26.3,2.5
2.0,"2019-08-10 18:23:54.000000","2019-08-10 18:50:06.000000",1.0,7.63,1.0,N,234.0,36.0,1.0,25.5,0.0,0.5,6.98,6.12,0.3,41.9,2.5
2.0,"2019-08-11 02:35:34.000000","2019-08-11 03:00:18.000000",1.0,5.63,1.0,N,234.0,36.0,1.0,21.0,0.5,0.5,4.96,0.0,0.3,29.76,2.5
2.0,"2019-08-12 00:52:55.000000","2019-08-12 01:22:05.000000",2.0,6.87,1.0,N,234.0,36.0,1.0,24.5,0.5,0.5,7.08,0.0,0.3,35.38,2.5
1.0,"2019-08-12 02:37:54.000000","2019-08-12 03:02:30.000000",1.0,7.7,1.0,N,234.0,36.0,1.0,25.5,3.0,0.5,6.0,0.0,0.3,35.3,2.5
1.0,"2019-08-12 13:51:17.000000","2019-08-12 14:28:56.000000",1.0,6.2,1.0,N,234.0,36.0,2.0,27.5,2.5,0.5,0.0,0.0,0.3,30.8,2.5
1.0,"2019-08-12 14:02:52.000000","2019-08-12 14:40:11.000000",1.0,0.0,1.0,N,234.0,36.0,1.0,24.2,0.0,0.5,0.0,0.0,0.3,25.0,0.0
1.0,"2019-08-12 15:50:48.000000","2019-08-12 16:33:08.000000",1.0,0.0,1.0,N,234.0,36.0,1.0,26.2,0.0,0.5,0.0,0.0,0.3,27.0,0.0
2.0,"2019-08-12 17:03:40.000000","2019-08-12 17:42:32.000000",1.0,6.44,1.0,N,234.0,36.0,2.0,28.0,1.0,0.5,0.0,0.0,0.3,32.3,2.5
2.0,"2019-08-12 21:19:27.000000","2019-08-12 21:44:46.000000",1.0,6.12,1.0,N,234.0,36.0,1.0,22.0,0.5,0.5,5.16,0.0,0.3,30.96,2.5
2.0,"2019-08-12 22:29:42.000000","2019-08-12 23:02:05.000000",3.0,7.11,1.0,N,234.0,36.0,1.0,26.0,0.5,0.5,4.0,0.0,0.3,33.8,2.5
2.0,"2019-08-13 00:55:21.000000","2019-08-13 01:14:22.000000",2.0,5.82,1.0,N,234.0,36.0,1.0,20.0,0.5,0.5,3.0,0.0,0.3,26.8,2.5
2.0,"2019-08-13 03:20:07.000000","2019-08-13 03:44:02.000000",1.0,6.45,1.0,N,234.0,36.0,1.0,22.5,0.5,0.5,5.26,0.0,0.3,31.56,2.5
1.0,"2019-08-14 00:33:04.000000","2019-08-14 01:02:57.000000",1.0,7.0,1.0,N,234.0,36.0,1.0,25.5,3.0,0.5,0.0,0.0,0.3,29.3,2.5
2.0,"2019-08-14 01:18:18.000000","2019-08-14 01:37:58.000000",1.0,6.78,1.0,N,234.0,36.0,1.0,21.0,0.5,0.5,7.44,0.0,0.3,32.24,2.5
1.0,"2019-08-14 22:18:35.000000","2019-08-14 22:52:44.000000",1.0,6.4,1.0,N,234.0,36.0,2.0,25.5,3.0,0.5,0.0,0.0,0.3,29.3,2.5
1.0,"2019-08-15 21:47:27.000000","2019-08-15 22:21:29.000000",2.0,6.5,1.0,N,234.0,36.0,1.0,27.0,3.0,0.5,6.15,0.0,0.3,36.95,2.5
2.0,"2019-08-16 00:34:04.000000","2019-08-16 01:06:58.000000",5.0,8.11,1.0,N,234.0,36.0,2.0,28.5,0.5,0.5,0.0,0.0,0.3,32.3,2.5
1.0,"2019-08-17 21:03:15.000000","2019-08-17 21:53:41.000000",3.0,9.8,1.0,N,234.0,36.0,1.0,38.0,3.0,0.5,2.0,0.0,0.3,43.8,2.5
2.0,"2019-08-17 23:18:43.000000","2019-08-18 00:03:01.000000",1.0,7.67,1.0,N,234.0,36.0,2.0,31.0,0.5,0.5,0.0,0.0,0.3,34.8,2.5
2.0,"2019-08-18 01:10:31.000000","2019-08-18 01:44:29.000000",1.0,8.1,1.0,N,234.0,36.0,1.0,29.0,0.5,0.5,6.56,0.0,0.3,39.36,2.5
2.0,"2019-08-18 02:08:09.000000","2019-08-18 02:33:37.000000",6.0,6.52,1.0,N,234.0,36.0,1.0,23.0,0.5,0.5,5.36,0.0,0.3,32.16,2.5
2.0,"2019-08-18 09:40:01.000000","2019-08-18 10:05:54.000000",1.0,6.69,1.0,N,234.0,36.0,2.0,24.0,0.0,0.5,0.0,0.0,0.3,27.3,2.5
2.0,"2019-08-19 23:16:51.000000","2019-08-19 23:43:20.000000",1.0,6.38,1.0,N,234.0,36.0,1.0,23.0,0.5,0.5,5.0,0.0,0.3,31.8,2.5
1.0,"2019-08-20 23:40:28.000000","2019-08-21 00:06:00.000000",1.0,6.6,1.0,N,234.0,36.0,1.0,23.0,3.0,0.5,5.35,0.0,0.3,32.15,2.5
2.0,"2019-08-21 00:56:18.000000","2019-08-21 01:17:16.000000",1.0,6.48,1.0,N,234.0,36.0,1.0,21.5,0.5,0.5,4.0,0.0,0.3,29.3,2.5
1.0,"2019-08-21 14:42:06.000000","2019-08-21 15:09:23.000000",1.0,6.8,1.0,N,234.0,36.0,1.0,24.0,2.5,0.5,6.65,6.12,0.3,40.07,2.5
1.0,"2019-08-22 01:54:08.000000","2019-08-22 02:14:49.000000",1.0,5.6,1.0,Y,234.0,36.0,2.0,20.0,3.0,0.5,0.0,0.0,0.3,23.8,2.5
1.0,"2019-08-22 18:10:05.000000","2019-08-22 18:48:19.000000",1.0,7.2,1.0,N,234.0,36.0,1.0,28.5,1.0,0.5,0.0,6.12,0.3,36.42,0.0
1.0,"2019-08-22 23:24:18.000000","2019-08-23 00:03:19.000000",2.0,5.5,1.0,N,234.0,36.0,1.0,27.0,3.0,0.5,6.16,0.0,0.3,36.96,2.5
2.0,"2019-08-22 23:55:39.000000","2019-08-23 00:17:04.000000",1.0,7.09,1.0,N,234.0,36.0,1.0,22.5,0.5,0.5,6.48,6.12,0.3,38.9,2.5
2.0,"2019-08-23 00:54:27.000000","2019-08-23 01:21:31.000000",2.0,6.79,1.0,N,234.0,36.0,1.0,24.0,0.5,0.5,5.56,0.0,0.3,33.36,2.5
1.0,"2019-08-23 15:35:00.000000","2019-08-23 16:14:39.000000",2.0,5.5,1.0,N,234.0,36.0,1.0,27.5,1.0,0.5,0.0,0.0,0.3,29.3,0.0
1.0,"2019-08-23 16:40:07.000000","2019-08-23 17:23:42.000000",1.0,7.1,1.0,N,234.0,36.0,1.0,31.0,1.0,0.5,0.0,6.12,0.3,38.92,0.0
2.0,"2019-08-24 01:14:33.000000","2019-08-24 01:39:22.000000",2.0,6.39,1.0,N,234.0,36.0,1.0,22.5,0.5,0.5,5.26,0.0,0.3,31.56,2.5
1.0,"2019-08-24 02:44:10.000000","2019-08-24 03:15:32.000000",1.0,7.0,1.0,N,234.0,36.0,1.0,27.0,3.0,0.5,6.15,0.0,0.3,36.95,2.5
2.0,"2019-08-24 04:14:06.000000","2019-08-24 04:39:07.000000",1.0,8.32,1.0,N,234.0,36.0,1.0,26.0,0.5,0.5,8.98,6.12,0.3,44.9,2.5
2.0,"2019-08-24 13:26:17.000000","2019-08-24 13:54:31.000000",1.0,5.43,1.0,N,234.0,36.0,1.0,22.0,0.0,0.5,5.06,0.0,0.3,30.36,2.5
1.0,"2019-08-24 23:16:13.000000","2019-08-24 23:59:23.000000",1.0,7.4,1.0,N,234.0,36.0,1.0,30.5,3.0,0.5,7.0,0.0,0.3,41.3,2.5
2.0,"2019-08-25 02:41:24.000000","2019-08-25 03:05:49.000000",1.0,6.67,1.0,N,234.0,36.0,2.0,23.0,0.5,0.5,0.0,0.0,0.3,26.8,2.5
1.0,"2019-08-25 10:35:19.000000","2019-08-25 11:05:18.000000",1.0,7.7,1.0,N,234.0,36.0,2.0,27.5,2.5,0.5,0.0,0.0,0.3,30.8,2.5
1.0,"2019-08-26 01:20:39.000000","2019-08-26 01:51:41.000000",2.0,7.0,1.0,N,234.0,36.0,1.0,26.0,3.0,0.5,7.45,0.0,0.3,37.25,2.5
1.0,"2019-08-26 02:55:52.000000","2019-08-26 03:24:46.000000",1.0,6.9,1.0,N,234.0,36.0,2.0,25.0,3.0,0.5,0.0,0.0,0.3,28.8,2.5
1.0,"2019-08-26 19:14:42.000000","2019-08-26 19:59:12.000000",1.0,7.0,1.0,N,234.0,36.0,2.0,30.0,3.5,0.5,0.0,0.0,0.3,34.3,2.5
2.0,"2019-08-26 22:59:25.000000","2019-08-26 23:21:10.000000",1.0,7.78,1.0,N,234.0,36.0,1.0,24.0,0.5,0.5,6.78,6.12,0.3,40.7,2.5
2.0,"2019-08-26 22:23:03.000000","2019-08-26 22:54:17.000000",1.0,7.05,1.0,N,234.0,36.0,1.0,26.0,0.5,0.5,7.45,0.0,0.3,37.25,2.5
1.0,"2019-08-28 18:08:11.000000","2019-08-28 18:55:32.000000",1.0,8.0,1.0,N,234.0,36.0,1.0,34.0,1.0,0.5,0.0,0.0,0.3,35.8,0.0
1.0,"2019-08-28 20:51:43.000000","2019-08-28 21:17:14.000000",1.0,5.6,1.0,N,234.0,36.0,2.0,21.0,3.0,0.5,0.0,0.0,0.3,24.8,2.5
2.0,"2019-08-29 18:43:08.000000","2019-08-29 19:22:02.000000",5.0,6.34,1.0,N,234.0,36.0,2.0,28.0,1.0,0.5,0.0,0.0,0.3,32.3,2.5
2.0,"2019-08-29 23:22:18.000000","2019-08-29 23:55:03.000000",1.0,6.73,1.0,N,234.0,36.0,2.0,25.5,0.5,0.5,0.0,0.0,0.3,29.3,2.5
1.0,"2019-08-30 18:45:41.000000","2019-08-30 19:16:27.000000",1.0,5.9,1.0,N,234.0,36.0,1.0,24.0,3.5,0.5,5.65,0.0,0.3,33.95,2.5
2.0,"2019-08-30 18:39:57.000000","2019-08-30 19:10:14.000000",2.0,5.17,1.0,N,234.0,36.0,1.0,22.5,1.0,0.5,5.36,0.0,0.3,32.16,2.5
1.0,"2019-08-30 19:18:13.000000","2019-08-30 19:49:34.000000",1.0,7.6,1.0,N,234.0,36.0,1.0,26.5,3.5,0.5,7.35,6.12,0.3,44.27,2.5
1.0,"2019-08-30 19:42:30.000000","2019-08-30 20:26:10.000000",1.0,5.6,1.0,N,234.0,36.0,3.0,29.5,3.5,0.5,0.0,0.0,0.3,33.8,2.5
2.0,"2019-08-30 19:20:48.000000","2019-08-30 20:04:17.000000",1.0,6.4,1.0,N,234.0,36.0,2.0,29.5,1.0,0.5,0.0,0.0,0.3,33.8,2.5
2.0,"2019-08-30 19:39:53.000000","2019-08-30 20:17:45.000000",1.0,5.98,1.0,N,234.0,36.0,2.0,27.0,1.0,0.5,0.0,0.0,0.3,31.3,2.5
2.0,"2019-08-30 19:09:58.000000","2019-08-30 19:45:07.000000",1.0,5.09,1.0,N,234.0,36.0,2.0,25.0,1.0,0.5,0.0,0.0,0.3,29.3,2.5
2.0,"2019-08-30 20:17:11.000000","2019-08-30 20:52:56.000000",1.0,5.41,1.0,N,234.0,36.0,1.0,24.5,0.5,0.5,5.66,0.0,0.3,33.96,2.5
1.0,"2019-08-30 20:35:22.000000","2019-08-30 21:04:15.000000",0.0,5.2,1.0,N,234.0,36.0,2.0,22.0,3.0,0.5,0.0,0.0,0.3,25.8,2.5
1.0,"2019-08-30 20:04:57.000000","2019-08-30 20:40:48.000000",1.0,5.4,1.0,N,234.0,36.0,1.0,25.0,3.0,0.5,2.0,0.0,0.3,30.8,2.5
2.0,"2019-08-31 00:15:58.000000","2019-08-31 00:45:26.000000",5.0,6.02,1.0,N,234.0,36.0,1.0,23.5,0.5,0.5,5.46,0.0,0.3,32.76,2.5
2.0,"2019-08-31 00:42:44.000000","2019-08-31 01:11:18.000000",1.0,6.28,1.0,N,234.0,36.0,2.0,23.0,0.5,0.5,0.0,0.0,0.3,26.8,2.5
2.0,"2019-08-31 00:50:32.000000","2019-08-31 01:30:46.000000",1.0,7.57,1.0,N,234.0,36.0,1.0,29.5,0.5,0.5,8.32,0.0,0.3,41.62,2.5
2.0,"2019-08-31 06:06:20.000000","2019-08-31 06:36:13.000000",2.0,7.78,1.0,N,234.0,36.0,2.0,27.5,0.0,0.5,0.0,0.0,0.3,30.8,2.5
2.0,"2019-08-31 13:37:42.000000","2019-08-31 14:06:32.000000",1.0,6.91,1.0,N,234.0,36.0,1.0,25.0,0.0,0.5,8.49,0.0,0.3,36.79,2.5
2.0,"2019-08-31 20:04:09.000000","2019-08-31 20:31:01.000000",6.0,6.72,1.0,N,234.0,36.0,1.0,23.0,0.5,0.5,4.0,0.0,0.3,30.8,2.5
,"2019-08-05 13:29:00.000000","2019-08-05 14:10:00.000000",,6.78,,,234.0,36.0,,20.81,5.5,0.5,0.0,0.0,0.3,27.11,0.0
