1.0,"2019-08-01 00:16:16.000000","2019-08-01 00:34:00.000000",2.0,5.4,1.0,N,234.0,41.0,2.0,18.0,3.0,0.5,0.0,0.0,0.3,21.8,2.5
1.0,"2019-08-01 01:59:01.000000","2019-08-01 02:15:41.000000",1.0,5.8,1.0,N,234.0,41.0,1.0,18.5,3.0,0.5,4.45,0.0,0.3,26.75,2.5
2.0,"2019-08-01 01:21:29.000000","2019-08-01 01:40:06.000000",2.0,5.07,1.0,N,234.0,41.0,1.0,17.5,0.5,0.5,4.26,0.0,0.3,25.56,2.5
2.0,"2019-08-01 02:03:50.000000","2019-08-01 02:18:23.000000",2.0,4.71,1.0,N,234.0,41.0,1.0,15.5,0.5,0.5,4.82,0.0,0.3,24.12,2.5
1.0,"2019-08-01 14:21:05.000000","2019-08-01 15:13:28.000000",1.0,5.1,1.0,N,234.0,41.0,2.0,32.5,2.5,0.5,0.0,0.0,0.3,35.8,2.5
2.0,"2019-08-01 18:27:40.000000","2019-08-01 19:02:29.000000",2.0,5.44,1.0,N,234.0,41.0,1.0,24.5,1.0,0.5,5.0,0.0,0.3,33.8,2.5
2.0,"2019-08-01 19:53:29.000000","2019-08-01 20:18:22.000000",1.0,5.07,1.0,N,234.0,41.0,1.0,20.0,1.0,0.5,4.86,0.0,0.3,29.16,2.5
2.0,"2019-08-01 19:02:24.000000","2019-08-01 19:32:11.000000",5.0,5.45,1.0,N,234.0,41.0,2.0,22.5,1.0,0.5,0.0,0.0,0.3,26.8,2.5
2.0,"2019-08-01 19:55:01.000000","2019-08-01 20:18:24.000000",5.0,5.15,1.0,N,234.0,41.0,2.0,19.0,1.0,0.5,0.0,0.0,0.3,23.3,2.5
1.0,"2019-08-01 19:15:05.000000","2019-08-01 19:56:00.000000",1.0,6.9,1.0,N,234.0,41.0,1.0,29.0,3.5,0.5,3.33,0.0,0.3,36.63,2.5
1.0,"2019-08-01 22:00:22.000000","2019-08-01 22:33:00.000000",1.0,5.0,1.0,N,234.0,41.0,1.0,23.5,3.0,0.5,5.45,0.0,0.3,32.75,2.5
2.0,"2019-08-01 22:25:26.000000","2019-08-01 22:53:30.000000",1.0,6.4,1.0,N,234.0,41.0,1.0,24.0,0.5,0.5,4.17,0.0,0.3,31.97,2.5
2.0,"2019-08-01 23:42:47.000000","2019-08-02 00:06:06.000000",1.0,8.53,1.0,N,234.0,41.0,1.0,27.0,0.5,0.5,2.0,0.0,0.3,32.8,2.5
1.0,"2019-08-01 23:18:03.000000","2019-08-01 23:39:07.000000",2.0,5.5,1.0,N,234.0,41.0,1.0,19.5,3.0,0.5,4.66,0.0,0.3,27.96,2.5
1.0,"2019-08-01 23:18:33.000000","2019-08-01 23:45:19.000000",2.0,5.8,1.0,N,234.0,41.0,1.0,22.0,3.0,0.5,5.15,0.0,0.3,30.95,2.5
2.0,"2019-08-02 00:37:57.000000","2019-08-02 00:53:52.000000",1.0,4.97,1.0,N,234.0,41.0,1.0,16.0,0.5,0.5,3.96,0.0,0.3,23.76,2.5
2.0,"2019-08-02 00:43:09.000000","2019-08-02 01:01:38.000000",1.0,5.19,1.0,N,234.0,41.0,1.0,17.5,0.5,0.5,4.26,0.0,0.3,25.56,2.5
2.0,"2019-08-02 01:19:14.000000","2019-08-02 01:39:00.000000",1.0,5.86,1.0,N,234.0,41.0,2.0,19.5,0.5,0.5,0.0,0.0,0.3,23.3,2.5
2.0,"2019-08-02 01:23:53.000000","2019-08-02 01:45:56.000000",1.0,5.32,1.0,N,234.0,41.0,1.0,19.5,0.5,0.5,4.66,0.0,0.3,27.96,2.5
2.0,"2019-08-02 01:25:17.000000","2019-08-02 01:44:15.000000",1.0,5.41,1.0,N,234.0,41.0,2.0,18.5,0.5,0.5,0.0,0.0,0.3,22.3,2.5
2.0,"2019-08-02 08:25:17.000000","2019-08-02 08:59:01.000000",6.0,5.2,1.0,N,234.0,41.0,2.0,23.5,0.0,0.5,0.0,0.0,0.3,26.8,2.5
2.0,"2019-08-02 11:05:29.000000","2019-08-02 11:55:42.000000",1.0,5.71,1.0,N,234.0,41.0,2.0,32.0,0.0,0.5,0.0,0.0,0.3,35.3,2.5
2.0,"2019-08-02 14:54:10.000000","2019-08-02 15:38:28.000000",1.0,6.14,1.0,N,234.0,41.0,2.0,28.5,0.0,0.5,0.0,0.0,0.3,31.8,2.5
2.0,"2019-08-02 16:18:47.000000","2019-08-02 16:50:58.000000",1.0,5.0,1.0,N,234.0,41.0,1.0,23.0,1.0,0.5,5.46,0.0,0.3,32.76,2.5
2.0,"2019-08-02 16:27:04.000000","2019-08-02 17:04:37.000000",1.0,5.13,1.0,N,234.0,41.0,1.0,25.5,1.0,0.5,5.96,0.0,0.3,35.76,2.5
2.0,"2019-08-02 16:00:25.000000","2019-08-02 16:41:52.000000",1.0,5.63,1.0,N,234.0,41.0,1.0,28.0,1.0,0.5,8.08,0.0,0.3,40.38,2.5
2.0,"2019-08-02 21:15:27.000000","2019-08-02 21:49:24.000000",2.0,5.67,1.0,N,234.0,41.0,1.0,24.0,0.5,0.5,4.17,0.0,0.3,31.97,2.5
1.0,"2019-08-02 22:40:36.000000","2019-08-02 23:05:38.000000",0.0,5.2,1.0,N,234.0,41.0,1.0,20.0,3.0,0.5,0.0,0.0,0.3,23.8,2.5
1.0,"2019-08-02 23:39:42.000000","2019-08-03 00:04:37.000000",1.0,5.7,1.0,Y,234.0,41.0,1.0,20.5,3.0,0.5,3.0,0.0,0.3,27.3,2.5
1.0,"2019-08-02 23:50:10.000000","2019-08-03 00:05:22.000000",1.0,4.6,1.0,N,234.0,41.0,1.0,15.5,3.0,0.5,4.8,0.0,0.3,24.1,2.5
2.0,"2019-08-02 23:05:07.000000","2019-08-02 23:28:05.000000",1.0,5.31,1.0,N,234.0,41.0,1.0,20.0,0.5,0.5,1.0,0.0,0.3,24.8,2.5
1.0,"2019-08-03 05:37:42.000000","2019-08-03 05:59:22.000000",2.0,7.8,1.0,N,234.0,41.0,2.0,25.0,3.0,0.5,0.0,0.0,0.3,28.8,2.5
2.0,"2019-08-03 12:36:40.000000","2019-08-03 13:09:52.000000",2.0,5.28,1.0,N,234.0,41.0,1.0,24.0,0.0,0.5,5.46,0.0,0.3,32.76,2.5
2.0,"2019-08-03 14:55:47.000000","2019-08-03 15:25:32.000000",1.0,6.57,1.0,N,234.0,41.0,1.0,25.5,0.0,0.5,5.76,0.0,0.3,34.56,2.5
1.0,"2019-08-03 14:43:54.000000","2019-08-03 15:19:36.000000",1.0,7.1,1.0,N,234.0,41.0,1.0,29.0,2.5,0.5,6.45,0.0,0.3,38.75,2.5
2.0,"2019-08-03 16:24:00.000000","2019-08-03 16:50:25.000000",2.0,5.77,1.0,N,234.0,41.0,2.0,21.5,0.0,0.5,0.0,0.0,0.3,24.8,2.5
2.0,"2019-08-03 21:22:20.000000","2019-08-03 21:55:28.000000",2.0,7.3,1.0,N,234.0,41.0,1.0,28.0,0.5,0.5,6.36,0.0,0.3,38.16,2.5
1.0,"2019-08-03 23:17:52.000000","2019-08-03 23:40:47.000000",0.0,4.9,1.0,N,234.0,41.0,1.0,19.0,3.0,0.5,4.55,0.0,0.3,27.35,2.5
2.0,"2019-08-03 23:30:44.000000","2019-08-04 00:11:57.000000",2.0,10.06,1.0,N,234.0,41.0,1.0,34.5,0.5,0.5,7.66,0.0,0.3,45.96,2.5
2.0,"2019-08-03 23:32:22.000000","2019-08-03 23:51:50.000000",1.0,4.65,1.0,N,234.0,41.0,1.0,16.5,0.5,0.5,5.08,0.0,0.3,25.38,2.5
2.0,"2019-08-03 23:58:48.000000","2019-08-04 00:28:48.000000",1.0,5.89,1.0,N,234.0,41.0,2.0,23.5,0.5,0.5,0.0,0.0,0.3,27.3,2.5
2.0,"2019-08-04 01:09:00.000000","2019-08-04 01:28:41.000000",1.0,5.39,1.0,N,234.0,41.0,1.0,18.5,0.5,0.5,4.46,0.0,0.3,26.76,2.5
2.0,"2019-08-04 01:38:19.000000","2019-08-04 01:55:51.000000",1.0,5.12,1.0,N,234.0,41.0,1.0,17.0,0.5,0.5,5.2,0.0,0.3,26.0,2.5
1.0,"2019-08-04 01:16:49.000000","2019-08-04 01:38:13.000000",0.0,5.3,1.0,N,234.0,41.0,1.0,19.0,3.0,0.5,0.0,0.0,0.3,22.8,2.5
2.0,"2019-08-04 03:21:23.000000","2019-08-04 03:41:20.000000",1.0,6.05,1.0,N,234.0,41.0,1.0,19.5,0.5,0.5,4.66,0.0,0.3,27.96,2.5
1.0,"2019-08-04 03:12:07.000000","2019-08-04 03:31:40.000000",0.0,6.8,1.0,N,234.0,41.0,1.0,20.5,3.0,0.5,5.0,0.0,0.3,29.3,2.5
2.0,"2019-08-04 12:02:41.000000","2019-08-04 12:25:56.000000",2.0,3.03,1.0,N,234.0,41.0,2.0,15.0,0.0,0.5,0.0,0.0,0.3,18.3,2.5
2.0,"2019-08-04 15:37:02.000000","2019-08-04 16:02:27.000000",1.0,5.97,1.0,N,234.0,41.0,1.0,21.0,0.0,0.5,4.86,0.0,0.3,29.16,2.5
2.0,"2019-08-04 18:29:11.000000","2019-08-04 18:49:43.000000",1.0,5.28,1.0,N,234.0,41.0,1.0,19.0,0.0,0.5,3.34,0.0,0.3,25.64,2.5
1.0,"2019-08-04 21:31:42.000000","2019-08-04 21:52:12.000000",1.0,4.9,1.0,N,234.0,41.0,1.0,18.0,3.0,0.5,4.35,0.0,0.3,26.15,2.5
2.0,"2019-08-04 22:19:09.000000","2019-08-04 22:34:47.000000",2.0,4.62,1.0,N,234.0,41.0,1.0,15.0,0.5,0.5,4.7,0.0,0.3,23.5,2.5
2.0,"2019-08-05 11:44:06.000000","2019-08-05 12:17:34.000000",1.0,6.91,1.0,N,234.0,41.0,1.0,28.0,0.0,0.5,6.26,0.0,0.3,37.56,2.5
2.0,"2019-08-05 13:50:49.000000","2019-08-05 14:26:13.000000",2.0,6.87,1.0,N,234.0,41.0,1.0,26.0,0.0,0.5,1.0,0.0,0.3,30.3,2.5
2.0,"2019-08-05 19:47:39.000000","2019-08-05 20:08:56.000000",1.0,5.54,1.0,N,234.0,41.0,1.0,19.0,1.0,0.5,4.66,0.0,0.3,27.96,2.5
1.0,"2019-08-05 19:59:37.000000","2019-08-05 20:25:12.000000",1.0,5.1,1.0,N,234.0,41.0,1.0,20.0,3.0,0.5,4.76,0.0,0.3,28.56,2.5
2.0,"2019-08-05 20:47:31.000000","2019-08-05 21:10:49.000000",3.0,5.67,1.0,N,234.0,41.0,1.0,20.0,0.5,0.5,0.0,0.0,0.3,23.8,2.5
1.0,"2019-08-05 20:44:54.000000","2019-08-05 21:09:41.000000",1.0,8.0,1.0,N,234.0,41.0,2.0,26.0,3.0,0.5,0.0,0.0,0.3,29.8,2.5
1.0,"2019-08-05 22:04:06.000000","2019-08-05 22:23:54.000000",1.0,5.2,1.0,N,234.0,41.0,1.0,18.0,3.0,0.5,4.35,0.0,0.3,26.15,2.5
2.0,"2019-08-05 22:18:19.000000","2019-08-05 22:38:06.000000",1.0,7.14,1.0,N,234.0,41.0,1.0,23.5,0.5,0.5,0.0,0.0,0.3,27.3,2.5
2.0,"2019-08-05 22:13:24.000000","2019-08-05 22:34:30.000000",1.0,4.95,1.0,N,234.0,41.0,1.0,19.0,0.5,0.5,4.56,0.0,0.3,27.36,2.5
2.0,"2019-08-05 23:19:10.000000","2019-08-05 23:40:03.000000",1.0,5.07,1.0,N,234.0,41.0,1.0,19.0,0.5,0.5,4.0,0.0,0.3,26.8,2.5
2.0,"2019-08-06 01:55:46.000000","2019-08-06 02:13:35.000000",2.0,5.91,1.0,N,234.0,41.0,1.0,19.0,0.5,0.5,5.7,0.0,0.3,28.5,2.5
2.0,"2019-08-06 01:09:46.000000","2019-08-06 01:24:58.000000",1.0,5.33,1.0,N,234.0,41.0,2.0,16.5,0.5,0.5,0.0,0.0,0.3,20.3,2.5
2.0,"2019-08-06 18:41:55.000000","2019-08-06 19:14:54.000000",1.0,5.8,1.0,N,234.0,41.0,1.0,24.0,1.0,0.5,5.66,0.0,0.3,33.96,2.5
2.0,"2019-08-06 18:49:36.000000","2019-08-06 19:17:51.000000",6.0,5.31,1.0,N,234.0,41.0,1.0,21.0,1.0,0.5,6.32,0.0,0.3,31.62,2.5
1.0,"2019-08-06 19:56:17.000000","2019-08-06 20:25:23.000000",1.0,6.2,1.0,N,234.0,41.0,1.0,24.5,3.0,0.5,4.0,0.0,0.3,32.3,2.5
2.0,"2019-08-06 19:45:31.000000","2019-08-06 20:07:55.000000",5.0,4.44,1.0,N,234.0,41.0,1.0,17.5,1.0,0.5,1.0,0.0,0.3,22.8,2.5
1.0,"2019-08-06 19:36:53.000000","2019-08-06 20:06:35.000000",1.0,5.8,1.0,N,234.0,41.0,1.0,24.0,3.5,0.5,5.65,0.0,0.3,33.95,2.5
2.0,"2019-08-06 20:54:16.000000","2019-08-06 21:18:04.000000",2.0,5.15,1.0,N,234.0,41.0,1.0,19.5,0.5,0.5,4.66,0.0,0.3,27.96,2.5
2.0,"2019-08-06 18:07:29.000000","2019-08-07 17:30:58.000000",1.0,5.66,1.0,N,234.0,41.0,1.0,20.0,0.5,0.5,3.57,0.0,0.3,27.37,2.5
1.0,"2019-08-06 22:51:38.000000","2019-08-06 23:17:00.000000",1.0,7.7,1.0,N,234.0,41.0,1.0,25.5,3.0,0.5,5.85,0.0,0.3,35.15,2.5
2.0,"2019-08-06 22:58:05.000000","2019-08-06 23:27:50.000000",1.0,6.16,1.0,N,234.0,41.0,1.0,24.0,0.5,0.5,5.56,0.0,0.3,33.36,2.5
2.0,"2019-08-06 23:43:23.000000","2019-08-07 00:03:50.000000",1.0,5.64,1.0,N,234.0,41.0,2.0,19.0,0.5,0.5,0.0,0.0,0.3,22.8,2.5
1.0,"2019-08-07 00:23:15.000000","2019-08-07 00:40:16.000000",1.0,5.1,1.0,Y,234.0,41.0,1.0,17.0,3.0,0.5,4.15,0.0,0.3,24.95,2.5
1.0,"2019-08-07 01:04:58.000000","2019-08-07 01:26:26.000000",1.0,4.9,1.0,N,234.0,41.0,1.0,19.0,3.0,0.5,0.0,0.0,0.3,22.8,2.5
1.0,"2019-08-07 02:51:41.000000","2019-08-07 03:14:13.000000",1.0,6.0,1.0,N,234.0,41.0,2.0,21.5,3.0,0.5,0.0,0.0,0.3,25.3,2.5
2.0,"2019-08-07 09:38:17.000000","2019-08-07 10:12:58.000000",1.0,7.02,1.0,N,234.0,41.0,1.0,27.0,0.0,0.5,6.06,0.0,0.3,38.31,2.5
2.0,"2019-08-07 16:40:46.000000","2019-08-07 17:44:25.000000",1.0,7.42,1.0,N,234.0,41.0,1.0,38.5,1.0,0.5,10.7,0.0,0.3,53.5,2.5
2.0,"2019-08-07 17:12:32.000000","2019-08-07 17:52:40.000000",1.0,4.87,1.0,N,234.0,41.0,2.0,26.0,1.0,0.5,0.0,0.0,0.3,30.3,2.5
2.0,"2019-08-07 19:00:47.000000","2019-08-07 19:40:21.000000",2.0,4.92,1.0,N,234.0,41.0,2.0,25.5,1.0,0.5,0.0,0.0,0.3,29.8,2.5
2.0,"2019-08-07 20:06:25.000000","2019-08-07 20:37:09.000000",1.0,5.59,1.0,N,234.0,41.0,2.0,23.0,0.5,0.5,0.0,0.0,0.3,26.8,2.5
2.0,"2019-08-07 21:55:16.000000","2019-08-07 22:20:56.000000",2.0,4.98,1.0,N,234.0,41.0,1.0,20.0,0.5,0.5,4.76,0.0,0.3,28.56,2.5
2.0,"2019-08-07 21:01:22.000000","2019-08-07 21:35:12.000000",1.0,8.61,1.0,N,234.0,41.0,1.0,30.0,0.5,0.5,6.76,0.0,0.3,40.56,2.5
2.0,"2019-08-07 21:02:26.000000","2019-08-07 21:38:13.000000",1.0,8.23,1.0,N,234.0,41.0,2.0,30.0,0.5,0.5,0.0,0.0,0.3,33.8,2.5
2.0,"2019-08-07 21:47:23.000000","2019-08-07 22:07:50.000000",2.0,5.06,1.0,N,234.0,41.0,1.0,18.0,0.5,0.5,2.5,0.0,0.3,24.3,2.5
1.0,"2019-08-07 22:16:03.000000","2019-08-07 22:38:42.000000",1.0,5.3,1.0,N,234.0,41.0,1.0,19.0,3.0,0.5,5.7,0.0,0.3,28.5,2.5
1.0,"2019-08-07 23:31:25.000000","2019-08-07 23:52:21.000000",1.0,6.2,1.0,N,234.0,41.0,1.0,20.0,3.0,0.5,4.75,0.0,0.3,28.55,2.5
2.0,"2019-08-08 00:47:14.000000","2019-08-08 01:02:51.000000",2.0,5.2,1.0,N,234.0,41.0,1.0,16.5,0.5,0.5,6.09,0.0,0.3,26.39,2.5
2.0,"2019-08-08 00:32:43.000000","2019-08-08 00:47:00.000000",6.0,5.87,1.0,N,234.0,41.0,1.0,17.5,0.5,0.5,0.0,0.0,0.3,21.3,2.5
2.0,"2019-08-08 01:55:49.000000","2019-08-08 02:13:59.000000",1.0,4.69,1.0,N,234.0,41.0,1.0,16.5,0.5,0.5,5.08,0.0,0.3,25.38,2.5
2.0,"2019-08-08 15:33:15.000000","2019-08-08 16:08:48.000000",1.0,5.69,1.0,N,234.0,41.0,1.0,24.5,0.0,0.5,2.0,0.0,0.3,29.8,2.5
1.0,"2019-08-08 16:36:10.000000","2019-08-08 17:29:15.000000",1.0,7.0,1.0,N,234.0,41.0,1.0,32.0,1.0,0.5,0.0,0.0,0.3,33.8,0.0
2.0,"2019-08-08 17:26:05.000000","2019-08-08 18:11:50.000000",1.0,5.43,1.0,N,234.0,41.0,1.0,30.0,1.0,0.5,5.0,0.0,0.3,39.3,2.5
2.0,"2019-08-08 18:42:14.000000","2019-08-08 19:20:53.000000",1.0,5.77,1.0,N,234.0,41.0,1.0,27.0,1.0,0.5,6.26,0.0,0.3,37.56,2.5
2.0,"2019-08-08 18:53:32.000000","2019-08-08 19:25:16.000000",1.0,5.73,1.0,N,234.0,41.0,2.0,23.5,1.0,0.5,0.0,0.0,0.3,27.8,2.5
1.0,"2019-08-08 19:17:35.000000","2019-08-08 19:50:15.000000",1.0,5.5,1.0,N,234.0,41.0,1.0,23.5,3.5,0.5,2.0,0.0,0.3,29.8,2.5
2.0,"2019-08-08 19:32:19.000000","2019-08-08 20:02:41.000000",2.0,5.5,1.0,N,234.0,41.0,1.0,22.5,1.0,0.5,5.36,0.0,0.3,32.16,2.5
2.0,"2019-08-08 18:59:59.000000","2019-08-08 19:30:48.000000",2.0,5.98,1.0,N,234.0,41.0,1.0,23.5,1.0,0.5,5.56,0.0,0.3,33.36,2.5
2.0,"2019-08-08 20:41:51.000000","2019-08-08 21:10:41.000000",1.0,5.5,1.0,N,234.0,41.0,1.0,22.0,0.5,0.5,5.16,0.0,0.3,30.96,2.5
1.0,"2019-08-08 21:43:21.000000","2019-08-08 22:08:27.000000",1.0,4.9,1.0,N,234.0,41.0,1.0,20.0,3.0,0.5,2.0,0.0,0.3,25.8,2.5
2.0,"2019-08-08 21:31:05.000000","2019-08-08 21:59:24.000000",1.0,5.72,1.0,N,234.0,41.0,1.0,22.0,0.5,0.5,5.16,0.0,0.3,30.96,2.5
1.0,"2019-08-08 21:27:44.000000","2019-08-08 21:50:21.000000",1.0,5.6,1.0,N,234.0,41.0,1.0,19.5,3.0,0.5,0.0,0.0,0.3,23.3,2.5
2.0,"2019-08-08 21:27:51.000000","2019-08-08 21:56:47.000000",6.0,5.28,1.0,N,234.0,41.0,1.0,22.0,0.5,0.5,5.16,0.0,0.3,30.96,2.5
1.0,"2019-08-08 22:53:27.000000","2019-08-08 23:14:57.000000",1.0,5.9,1.0,N,234.0,41.0,1.0,19.5,3.0,0.5,4.65,0.0,0.3,27.95,2.5
1.0,"2019-08-08 22:07:40.000000","2019-08-08 22:30:57.000000",1.0,5.3,1.0,N,234.0,41.0,1.0,20.0,3.0,0.5,3.0,0.0,0.3,26.8,2.5
1.0,"2019-08-08 22:47:41.000000","2019-08-08 23:13:12.000000",1.0,7.5,1.0,N,234.0,41.0,1.0,26.0,3.0,0.5,7.45,0.0,0.3,37.25,2.5
1.0,"2019-08-09 01:35:32.000000","2019-08-09 02:02:53.000000",2.0,5.7,1.0,N,234.0,41.0,1.0,22.5,3.0,0.5,4.0,0.0,0.3,30.3,2.5
2.0,"2019-08-09 02:05:40.000000","2019-08-09 02:28:25.000000",1.0,7.77,1.0,N,234.0,41.0,2.0,25.0,0.5,0.5,0.0,0.0,0.3,28.8,2.5
1.0,"2019-08-09 05:00:52.000000","2019-08-09 05:23:25.000000",1.0,5.6,1.0,N,234.0,41.0,2.0,20.5,3.0,0.5,0.0,0.0,0.3,24.3,2.5
1.0,"2019-08-09 13:43:01.000000","2019-08-09 14:31:29.000000",1.0,7.6,1.0,N,234.0,41.0,2.0,33.5,2.5,0.5,0.0,0.0,0.3,36.8,2.5
1.0,"2019-08-09 18:43:04.000000","2019-08-09 19:17:07.000000",1.0,5.3,1.0,N,234.0,41.0,1.0,24.5,3.5,0.5,4.0,0.0,0.3,32.8,2.5
1.0,"2019-08-09 18:38:28.000000","2019-08-09 19:06:10.000000",1.0,5.5,1.0,N,234.0,41.0,1.0,21.5,3.5,0.5,4.0,0.0,0.3,29.8,2.5
2.0,"2019-08-09 21:26:00.000000","2019-08-09 21:52:30.000000",2.0,5.0,1.0,N,234.0,41.0,2.0,20.5,0.5,0.5,0.0,0.0,0.3,24.3,2.5
2.0,"2019-08-09 21:12:30.000000","2019-08-09 21:41:05.000000",5.0,5.72,1.0,N,234.0,41.0,1.0,22.0,0.5,0.5,0.0,0.0,0.3,25.8,2.5
2.0,"2019-08-09 22:11:29.000000","2019-08-09 22:31:52.000000",3.0,4.99,1.0,N,234.0,41.0,1.0,18.0,0.5,0.5,1.0,0.0,0.3,22.8,2.5
2.0,"2019-08-09 23:47:57.000000","2019-08-10 00:05:56.000000",2.0,5.32,1.0,N,234.0,41.0,1.0,17.5,0.5,0.5,4.26,0.0,0.3,25.56,2.5
2.0,"2019-08-09 23:03:01.000000","2019-08-09 23:37:17.000000",1.0,6.01,1.0,N,234.0,41.0,1.0,25.5,0.5,0.5,1.7,0.0,0.3,31.0,2.5
2.0,"2019-08-09 23:26:43.000000","2019-08-09 23:43:41.000000",1.0,5.29,1.0,N,234.0,41.0,1.0,17.0,0.5,0.5,0.0,0.0,0.3,20.8,2.5
2.0,"2019-08-10 00:41:34.000000","2019-08-10 01:08:26.000000",1.0,7.58,1.0,N,234.0,41.0,1.0,26.5,0.5,0.5,6.06,0.0,0.3,36.36,2.5
1.0,"2019-08-10 01:20:54.000000","2019-08-10 01:44:46.000000",1.0,5.3,1.0,N,234.0,41.0,1.0,20.5,3.0,0.5,5.0,0.0,0.3,29.3,2.5
2.0,"2019-08-10 02:30:18.000000","2019-08-10 02:50:19.000000",4.0,5.19,1.0,N,234.0,41.0,1.0,18.5,0.5,0.5,0.0,0.0,0.3,22.3,2.5
2.0,"2019-08-10 02:50:38.000000","2019-08-10 03:12:55.000000",1.0,5.96,1.0,N,234.0,41.0,1.0,20.0,0.5,0.5,4.76,0.0,0.3,28.56,2.5
2.0,"2019-08-10 03:22:43.000000","2019-08-10 03:39:03.000000",1.0,5.72,1.0,N,234.0,41.0,1.0,18.0,0.5,0.5,2.0,0.0,0.3,23.8,2.5
2.0,"2019-08-10 09:53:37.000000","2019-08-10 10:17:13.000000",2.0,5.1,1.0,N,234.0,41.0,2.0,19.5,0.0,0.5,0.0,0.0,0.3,22.8,2.5
1.0,"2019-08-10 15:11:47.000000","2019-08-10 15:44:27.000000",1.0,6.0,1.0,N,234.0,41.0,1.0,24.5,2.5,0.5,0.0,0.0,0.3,27.8,2.5
1.0,"2019-08-10 17:24:30.000000","2019-08-10 17:56:51.000000",1.0,7.6,1.0,N,234.0,41.0,1.0,29.0,2.5,0.5,2.0,0.0,0.3,34.3,2.5
2.0,"2019-08-10 18:07:51.000000","2019-08-10 18:32:26.000000",2.0,5.02,1.0,N,234.0,41.0,2.0,20.0,0.0,0.5,0.0,0.0,0.3,23.3,2.5
1.0,"2019-08-10 20:00:54.000000","2019-08-10 20:29:59.000000",2.0,4.6,1.0,Y,234.0,41.0,2.0,21.5,3.0,0.5,0.0,0.0,0.3,25.3,2.5
2.0,"2019-08-10 21:53:44.000000","2019-08-10 22:34:48.000000",6.0,8.55,1.0,N,234.0,41.0,1.0,32.0,0.5,0.5,5.0,0.0,0.3,40.8,2.5
2.0,"2019-08-10 21:56:53.000000","2019-08-10 22:20:16.000000",1.0,5.3,1.0,N,234.0,41.0,1.0,19.5,0.5,0.5,4.66,0.0,0.3,27.96,2.5
1.0,"2019-08-10 22:44:36.000000","2019-08-10 23:04:49.000000",1.0,5.1,1.0,N,234.0,41.0,1.0,17.5,3.0,0.5,4.26,0.0,0.3,25.56,2.5
1.0,"2019-08-10 23:56:21.000000","2019-08-11 00:17:50.000000",1.0,7.7,1.0,N,234.0,41.0,1.0,24.0,3.0,0.5,5.55,0.0,0.3,33.35,2.5
1.0,"2019-08-11 00:34:24.000000","2019-08-11 00:48:42.000000",1.0,4.6,1.0,N,234.0,41.0,1.0,15.0,3.0,0.5,3.75,0.0,0.3,22.55,2.5
2.0,"2019-08-11 03:30:55.000000","2019-08-11 03:56:54.000000",4.0,7.84,1.0,N,234.0,41.0,1.0,26.0,0.5,0.5,5.96,0.0,0.3,35.76,2.5
1.0,"2019-08-11 09:50:38.000000","2019-08-11 10:12:53.000000",3.0,6.9,1.0,N,234.0,41.0,2.0,23.5,2.5,0.5,0.0,0.0,0.3,26.8,2.5
2.0,"2019-08-11 17:38:05.000000","2019-08-11 17:58:07.000000",1.0,5.24,1.0,N,234.0,41.0,1.0,18.5,0.0,0.5,4.36,0.0,0.3,26.16,2.5
2.0,"2019-08-11 18:32:50.000000","2019-08-11 18:53:39.000000",3.0,5.65,1.0,N,234.0,41.0,1.0,19.5,0.0,0.5,2.28,0.0,0.3,25.08,2.5
2.0,"2019-08-11 20:28:49.000000","2019-08-11 20:50:34.000000",1.0,4.87,1.0,N,234.0,41.0,1.0,18.5,0.5,0.5,4.46,0.0,0.3,26.76,2.5
1.0,"2019-08-11 21:40:12.000000","2019-08-11 21:54:35.000000",1.0,5.5,1.0,N,234.0,41.0,1.0,16.5,3.0,0.5,4.05,0.0,0.3,24.35,2.5
1.0,"2019-08-11 23:10:41.000000","2019-08-11 23:23:32.000000",1.0,4.4,1.0,N,234.0,41.0,1.0,14.0,3.0,0.5,3.55,0.0,0.3,21.35,2.5
1.0,"2019-08-11 23:14:46.000000","2019-08-11 23:31:21.000000",1.0,5.3,1.0,N,234.0,41.0,1.0,17.0,3.0,0.5,0.0,0.0,0.3,20.8,2.5
2.0,"2019-08-12 02:20:17.000000","2019-08-12 02:36:55.000000",1.0,5.56,1.0,N,234.0,41.0,2.0,18.0,0.5,0.5,0.0,0.0,0.3,21.8,2.5
1.0,"2019-08-12 11:47:05.000000","2019-08-12 12:14:09.000000",1.0,7.7,1.0,N,234.0,41.0,1.0,26.5,2.5,0.5,7.45,0.0,0.3,37.25,2.5
1.0,"2019-08-12 14:12:00.000000","2019-08-12 14:41:04.000000",1.0,6.7,1.0,N,234.0,41.0,1.0,25.0,2.5,0.5,5.65,0.0,0.3,33.95,2.5
2.0,"2019-08-12 18:30:29.000000","2019-08-12 18:59:28.000000",1.0,6.78,1.0,N,234.0,41.0,2.0,25.0,1.0,0.5,0.0,0.0,0.3,29.3,2.5
2.0,"2019-08-12 19:56:31.000000","2019-08-12 20:32:22.000000",1.0,5.86,1.0,N,234.0,41.0,1.0,25.5,1.0,0.5,5.0,0.0,0.3,34.8,2.5
1.0,"2019-08-12 19:07:15.000000","2019-08-12 19:30:14.000000",1.0,5.2,1.0,N,234.0,41.0,2.0,19.5,3.5,0.5,0.0,0.0,0.3,23.8,2.5
1.0,"2019-08-12 20:27:56.000000","2019-08-12 20:49:20.000000",1.0,5.2,1.0,N,234.0,41.0,2.0,18.5,3.0,0.5,0.0,0.0,0.3,22.3,2.5
1.0,"2019-08-12 21:55:23.000000","2019-08-12 22:14:59.000000",1.0,5.6,1.0,N,234.0,41.0,1.0,19.0,3.0,0.5,4.55,0.0,0.3,27.35,2.5
2.0,"2019-08-12 22:32:16.000000","2019-08-12 22:52:39.000000",1.0,4.74,1.0,N,234.0,41.0,2.0,18.5,0.5,0.5,0.0,0.0,0.3,22.3,2.5
1.0,"2019-08-12 22:44:21.000000","2019-08-12 23:10:28.000000",1.0,5.0,1.0,N,234.0,41.0,1.0,20.0,3.0,0.5,4.75,0.0,0.3,28.55,2.5
2.0,"2019-08-12 22:05:06.000000","2019-08-12 22:28:25.000000",2.0,5.29,1.0,N,234.0,41.0,1.0,20.0,0.5,0.5,4.76,0.0,0.3,28.56,2.5
1.0,"2019-08-12 23:33:21.000000","2019-08-12 23:52:08.000000",0.0,5.6,1.0,N,234.0,41.0,1.0,18.5,3.0,0.5,1.7,0.0,0.3,24.0,2.5
1.0,"2019-08-13 02:30:31.000000","2019-08-13 02:50:40.000000",2.0,6.3,1.0,N,234.0,41.0,2.0,20.5,3.0,0.5,0.0,0.0,0.3,24.3,2.5
1.0,"2019-08-13 16:42:03.000000","2019-08-13 17:19:42.000000",4.0,6.0,1.0,N,234.0,41.0,1.0,26.0,3.5,0.5,9.05,0.0,0.3,39.35,2.5
2.0,"2019-08-13 19:21:23.000000","2019-08-13 19:46:15.000000",2.0,5.19,1.0,N,234.0,41.0,1.0,20.5,1.0,0.5,4.96,0.0,0.3,29.76,2.5
2.0,"2019-08-13 19:01:29.000000","2019-08-13 19:28:08.000000",1.0,5.22,1.0,N,234.0,41.0,1.0,20.5,1.0,0.5,6.2,0.0,0.3,31.0,2.5
2.0,"2019-08-13 19:15:38.000000","2019-08-13 19:43:01.000000",1.0,5.47,1.0,N,234.0,41.0,2.0,22.5,1.0,0.5,0.0,0.0,0.3,26.8,2.5
2.0,"2019-08-13 19:23:07.000000","2019-08-13 19:55:58.000000",1.0,5.81,1.0,N,234.0,41.0,1.0,24.0,1.0,0.5,5.66,0.0,0.3,33.96,2.5
1.0,"2019-08-13 20:55:56.000000","2019-08-13 21:16:07.000000",2.0,5.0,1.0,N,234.0,41.0,2.0,17.5,3.0,0.5,0.0,0.0,0.3,21.3,2.5
2.0,"2019-08-13 20:08:23.000000","2019-08-13 20:32:04.000000",1.0,5.25,1.0,N,234.0,41.0,1.0,20.0,0.5,0.5,1.0,0.0,0.3,24.8,2.5
1.0,"2019-08-13 20:40:45.000000","2019-08-13 21:12:17.000000",1.0,5.9,1.0,N,234.0,41.0,1.0,24.5,3.0,0.5,2.83,0.0,0.3,31.13,2.5
1.0,"2019-08-13 20:19:58.000000","2019-08-13 20:43:31.000000",1.0,5.3,1.0,N,234.0,41.0,2.0,20.0,3.5,0.5,0.0,0.0,0.3,24.3,2.5
2.0,"2019-08-13 21:52:59.000000","2019-08-13 22:18:03.000000",1.0,5.47,1.0,N,234.0,41.0,1.0,21.0,0.5,0.5,4.96,0.0,0.3,29.76,2.5
2.0,"2019-08-13 21:17:21.000000","2019-08-13 21:39:12.000000",1.0,6.05,1.0,N,234.0,41.0,1.0,21.5,0.5,0.5,7.59,0.0,0.3,32.89,2.5
1.0,"2019-08-13 23:22:20.000000","2019-08-13 23:46:36.000000",1.0,6.5,1.0,N,234.0,41.0,2.0,21.5,3.0,0.5,0.0,0.0,0.3,25.3,2.5
2.0,"2019-08-13 23:45:48.000000","2019-08-14 00:04:47.000000",1.0,5.78,1.0,N,234.0,41.0,1.0,18.0,0.5,0.5,5.45,0.0,0.3,27.25,2.5
2.0,"2019-08-13 22:59:04.000000","2019-08-13 23:24:03.000000",1.0,6.36,1.0,N,234.0,41.0,1.0,21.5,0.5,0.5,5.57,0.0,0.3,30.87,2.5
2.0,"2019-08-14 00:07:35.000000","2019-08-14 00:34:48.000000",2.0,5.51,1.0,N,234.0,41.0,2.0,21.5,0.5,0.5,0.0,0.0,0.3,25.3,2.5
2.0,"2019-08-14 03:42:59.000000","2019-08-14 03:54:35.000000",5.0,4.61,1.0,N,234.0,41.0,1.0,14.5,0.5,0.5,3.66,0.0,0.3,21.96,2.5
2.0,"2019-08-14 10:20:20.000000","2019-08-14 10:46:41.000000",5.0,4.78,1.0,N,234.0,41.0,2.0,20.5,0.0,0.5,0.0,0.0,0.3,23.8,2.5
1.0,"2019-08-14 19:52:18.000000","2019-08-14 20:23:36.000000",2.0,5.3,1.0,N,234.0,41.0,1.0,22.0,3.0,0.5,6.45,0.0,0.3,32.25,2.5
1.0,"2019-08-14 20:44:41.000000","2019-08-14 21:09:55.000000",1.0,5.4,1.0,N,234.0,41.0,1.0,21.0,3.0,0.5,4.96,0.0,0.3,29.76,2.5
2.0,"2019-08-14 20:45:18.000000","2019-08-14 21:07:03.000000",3.0,4.81,1.0,N,234.0,41.0,1.0,18.0,0.5,0.5,4.36,0.0,0.3,26.16,2.5
2.0,"2019-08-14 21:33:34.000000","2019-08-14 21:59:39.000000",2.0,6.62,1.0,N,234.0,41.0,1.0,23.0,0.5,0.5,3.0,0.0,0.3,29.8,2.5
2.0,"2019-08-14 21:43:47.000000","2019-08-14 22:03:52.000000",1.0,5.24,1.0,N,234.0,41.0,1.0,18.5,0.5,0.5,4.46,0.0,0.3,26.76,2.5
1.0,"2019-08-14 21:51:44.000000","2019-08-14 22:20:44.000000",3.0,5.6,1.0,N,234.0,41.0,1.0,22.5,3.0,0.5,5.25,0.0,0.3,31.55,2.5
2.0,"2019-08-14 21:27:50.000000","2019-08-14 21:52:19.000000",1.0,5.8,1.0,N,234.0,41.0,1.0,21.0,0.5,0.5,4.96,0.0,0.3,29.76,2.5
2.0,"2019-08-14 21:21:25.000000","2019-08-14 21:47:45.000000",1.0,5.74,1.0,N,234.0,41.0,1.0,21.5,0.5,0.5,5.06,0.0,0.3,30.36,2.5
2.0,"2019-08-14 21:49:39.000000","2019-08-15 21:14:25.000000",1.0,7.67,1.0,N,234.0,41.0,1.0,25.5,0.5,0.5,5.86,0.0,0.3,35.16,2.5
2.0,"2019-08-14 22:43:20.000000","2019-08-14 23:09:29.000000",1.0,7.59,1.0,N,234.0,41.0,1.0,26.0,0.5,0.5,5.96,0.0,0.3,35.76,2.5
1.0,"2019-08-14 23:46:31.000000","2019-08-15 00:04:17.000000",1.0,4.7,1.0,N,234.0,41.0,1.0,17.5,3.0,0.5,4.26,0.0,0.3,25.56,2.5
2.0,"2019-08-14 23:18:46.000000","2019-08-14 23:44:53.000000",2.0,8.06,1.0,N,234.0,41.0,1.0,27.0,0.5,0.5,6.16,0.0,0.3,36.96,2.5
2.0,"2019-08-15 01:43:55.000000","2019-08-15 02:03:34.000000",1.0,5.25,1.0,N,234.0,41.0,1.0,19.0,0.5,0.5,2.0,0.0,0.3,24.8,2.5
2.0,"2019-08-15 01:26:16.000000","2019-08-15 01:49:52.000000",1.0,5.51,1.0,N,234.0,41.0,1.0,20.0,0.5,0.5,2.2,0.0,0.3,26.0,2.5
1.0,"2019-08-15 14:21:05.000000","2019-08-15 14:57:07.000000",1.0,8.2,1.0,N,234.0,41.0,2.0,29.5,2.5,0.5,0.0,0.0,0.3,32.8,2.5
2.0,"2019-08-15 20:50:39.000000","2019-08-15 21:15:02.000000",5.0,5.51,1.0,N,234.0,41.0,1.0,20.5,0.5,0.5,2.0,0.0,0.3,26.3,2.5
1.0,"2019-08-15 21:37:17.000000","2019-08-15 22:04:08.000000",1.0,4.9,1.0,N,234.0,41.0,1.0,21.0,3.0,0.5,0.0,0.0,0.3,24.8,2.5
2.0,"2019-08-15 22:07:58.000000","2019-08-15 22:35:54.000000",1.0,5.41,1.0,N,234.0,41.0,2.0,21.5,0.5,0.5,0.0,0.0,0.3,25.3,2.5
1.0,"2019-08-15 22:28:59.000000","2019-08-15 22:53:56.000000",1.0,5.3,1.0,N,234.0,41.0,1.0,20.0,3.0,0.5,3.0,0.0,0.3,26.8,2.5
2.0,"2019-08-15 23:58:01.000000","2019-08-16 00:25:17.000000",2.0,5.55,1.0,N,234.0,41.0,1.0,22.0,0.5,0.5,5.16,0.0,0.3,30.96,2.5
2.0,"2019-08-15 23:58:07.000000","2019-08-16 00:13:02.000000",1.0,5.03,1.0,N,234.0,41.0,1.0,15.5,0.5,0.5,3.86,0.0,0.3,23.16,2.5
2.0,"2019-08-16 00:14:10.000000","2019-08-16 00:40:00.000000",1.0,5.98,1.0,N,234.0,41.0,1.0,21.5,0.5,0.5,5.06,0.0,0.3,30.36,2.5
2.0,"2019-08-16 10:53:44.000000","2019-08-16 11:29:13.000000",2.0,6.85,1.0,N,234.0,41.0,1.0,27.0,0.0,0.5,6.06,0.0,0.3,36.36,2.5
2.0,"2019-08-16 11:33:04.000000","2019-08-16 12:13:51.000000",5.0,8.05,1.0,N,234.0,41.0,1.0,33.0,0.0,0.5,2.0,0.0,0.3,38.3,2.5
2.0,"2019-08-16 12:12:39.000000","2019-08-16 12:49:41.000000",1.0,5.37,1.0,N,234.0,41.0,2.0,24.5,0.0,0.5,0.0,0.0,0.3,27.8,2.5
1.0,"2019-08-16 18:59:56.000000","2019-08-16 19:39:38.000000",1.0,5.6,1.0,N,234.0,41.0,1.0,27.0,3.5,0.5,6.25,0.0,0.3,37.55,2.5
2.0,"2019-08-16 18:52:33.000000","2019-08-16 19:28:49.000000",3.0,6.22,1.0,N,234.0,41.0,1.0,26.5,1.0,0.5,6.16,0.0,0.3,36.96,2.5
1.0,"2019-08-16 18:56:42.000000","2019-08-16 19:33:08.000000",1.0,5.8,1.0,N,234.0,41.0,1.0,25.5,3.5,0.5,7.45,0.0,0.3,37.25,2.5
2.0,"2019-08-16 18:16:49.000000","2019-08-16 18:45:04.000000",2.0,6.89,1.0,N,234.0,41.0,2.0,0.0,0.0,0.0,0.0,0.0,0.0,0.0,0.0
1.0,"2019-08-16 19:50:54.000000","2019-08-16 20:12:40.000000",1.0,5.1,1.0,N,234.0,41.0,1.0,18.0,3.0,0.5,4.35,0.0,0.3,26.15,2.5
2.0,"2019-08-16 19:38:37.000000","2019-08-16 20:06:34.000000",1.0,6.6,1.0,N,234.0,41.0,1.0,24.5,1.0,0.5,5.76,0.0,0.3,34.56,2.5
2.0,"2019-08-16 19:00:27.000000","2019-08-16 19:31:05.000000",1.0,5.34,1.0,N,234.0,41.0,1.0,22.5,1.0,0.5,4.5,0.0,0.3,31.3,2.5
1.0,"2019-08-16 21:00:49.000000","2019-08-16 21:26:11.000000",1.0,5.7,1.0,N,234.0,41.0,2.0,21.0,3.0,0.5,0.0,0.0,0.3,24.8,2.5
2.0,"2019-08-16 22:20:28.000000","2019-08-16 22:45:47.000000",1.0,5.31,1.0,N,234.0,41.0,1.0,20.5,0.5,0.5,2.5,0.0,0.3,26.8,2.5
1.0,"2019-08-16 22:28:11.000000","2019-08-16 22:48:24.000000",1.0,5.2,1.0,N,234.0,41.0,1.0,18.5,3.0,0.5,0.0,0.0,0.3,22.3,2.5
2.0,"2019-08-16 22:27:53.000000","2019-08-16 22:55:41.000000",1.0,8.46,1.0,N,234.0,41.0,1.0,28.5,0.5,0.5,1.07,0.0,0.3,33.37,2.5
1.0,"2019-08-16 22:22:04.000000","2019-08-16 22:56:19.000000",5.0,7.3,1.0,Y,234.0,41.0,1.0,27.0,3.0,0.5,5.0,0.0,0.3,35.8,2.5
1.0,"2019-08-16 22:48:41.000000","2019-08-16 23:17:07.000000",1.0,8.0,1.0,N,234.0,41.0,1.0,27.5,3.0,0.5,2.0,0.0,0.3,33.3,2.5
2.0,"2019-08-16 22:36:58.000000","2019-08-16 23:05:16.000000",1.0,5.75,1.0,N,234.0,41.0,1.0,21.5,0.5,0.5,5.06,0.0,0.3,30.36,2.5
2.0,"2019-08-16 23:41:18.000000","2019-08-17 00:01:32.000000",1.0,4.97,1.0,N,234.0,41.0,1.0,18.0,0.5,0.5,4.36,0.0,0.3,26.16,2.5
2.0,"2019-08-16 23:46:09.000000","2019-08-17 00:10:19.000000",1.0,5.9,1.0,N,234.0,41.0,1.0,21.0,0.5,0.5,4.96,0.0,0.3,29.76,2.5
2.0,"2019-08-16 23:31:38.000000","2019-08-16 23:54:24.000000",2.0,5.72,1.0,N,234.0,41.0,1.0,20.0,0.5,0.5,4.76,0.0,0.3,28.56,2.5
2.0,"2019-08-17 01:26:48.000000","2019-08-17 01:47:07.000000",1.0,7.55,1.0,N,234.0,41.0,1.0,23.5,0.5,0.5,6.82,0.0,0.3,34.12,2.5
2.0,"2019-08-17 02:46:00.000000","2019-08-17 03:00:50.000000",1.0,4.74,1.0,N,234.0,41.0,1.0,15.5,0.5,0.5,4.82,0.0,0.3,24.12,2.5
2.0,"2019-08-17 03:51:14.000000","2019-08-17 04:07:13.000000",1.0,5.33,1.0,N,234.0,41.0,2.0,17.0,0.5,0.5,0.0,0.0,0.3,20.8,2.5
1.0,"2019-08-17 04:11:48.000000","2019-08-17 04:26:14.000000",1.0,5.2,1.0,Y,234.0,41.0,1.0,16.5,3.0,0.5,1.0,0.0,0.3,21.3,2.5
2.0,"2019-08-17 09:45:25.000000","2019-08-17 10:15:20.000000",2.0,7.22,1.0,N,234.0,41.0,1.0,27.0,0.0,0.5,6.06,0.0,0.3,36.36,2.5
2.0,"2019-08-17 11:51:15.000000","2019-08-17 12:35:19.000000",3.0,7.86,1.0,N,234.0,41.0,1.0,34.0,0.0,0.5,7.46,0.0,0.3,44.76,2.5
2.0,"2019-08-17 15:15:47.000000","2019-08-17 15:43:15.000000",1.0,5.67,1.0,N,234.0,41.0,1.0,22.0,0.0,0.5,4.0,0.0,0.3,29.3,2.5
1.0,"2019-08-17 15:47:57.000000","2019-08-17 16:24:08.000000",1.0,5.4,1.0,N,234.0,41.0,1.0,25.5,2.5,0.5,5.75,0.0,0.3,34.55,2.5
1.0,"2019-08-17 17:57:46.000000","2019-08-17 18:22:03.000000",1.0,5.2,1.0,N,234.0,41.0,2.0,19.5,2.5,0.5,0.0,0.0,0.3,22.8,2.5
1.0,"2019-08-17 17:16:01.000000","2019-08-17 17:48:28.000000",1.0,7.3,1.0,N,234.0,41.0,1.0,28.0,2.5,0.5,6.25,0.0,0.3,37.55,2.5
1.0,"2019-08-17 20:14:33.000000","2019-08-17 20:33:23.000000",1.0,4.7,1.0,N,234.0,41.0,1.0,16.5,3.0,0.5,0.0,0.0,0.3,20.3,2.5
2.0,"2019-08-17 20:47:55.000000","2019-08-17 21:10:53.000000",1.0,5.03,1.0,N,234.0,41.0,1.0,19.0,0.5,0.5,4.56,0.0,0.3,27.36,2.5
2.0,"2019-08-17 20:53:53.000000","2019-08-17 21:13:17.000000",1.0,4.77,1.0,N,234.0,41.0,1.0,17.0,0.5,0.5,4.0,0.0,0.3,24.8,2.5
2.0,"2019-08-17 20:18:42.000000","2019-08-17 20:55:43.000000",2.0,5.2,1.0,N,234.0,41.0,1.0,25.5,0.5,0.5,3.0,0.0,0.3,34.25,2.5
2.0,"2019-08-17 20:36:02.000000","2019-08-17 20:59:57.000000",1.0,5.23,1.0,N,234.0,41.0,1.0,19.5,0.5,0.5,5.82,0.0,0.3,29.12,2.5
2.0,"2019-08-17 23:02:41.000000","2019-08-17 23:40:15.000000",3.0,7.49,1.0,N,234.0,41.0,1.0,30.0,0.5,0.5,2.0,0.0,0.3,35.8,2.5
1.0,"2019-08-17 23:32:13.000000","2019-08-17 23:50:17.000000",2.0,4.6,1.0,N,234.0,41.0,1.0,16.5,3.0,0.5,4.05,0.0,0.3,24.35,2.5
1.0,"2019-08-18 00:51:38.000000","2019-08-18 01:09:59.000000",1.0,5.3,1.0,N,234.0,41.0,1.0,17.5,3.0,0.5,4.25,0.0,0.3,25.55,2.5
2.0,"2019-08-18 00:05:19.000000","2019-08-18 00:27:55.000000",1.0,5.73,1.0,N,234.0,41.0,2.0,20.0,0.5,0.5,0.0,0.0,0.3,23.8,2.5
2.0,"2019-08-18 01:49:11.000000","2019-08-18 02:09:10.000000",1.0,4.88,1.0,N,234.0,41.0,1.0,18.0,0.5,0.5,2.18,0.0,0.3,23.98,2.5
1.0,"2019-08-18 03:46:28.000000","2019-08-18 04:05:05.000000",1.0,5.2,1.0,N,234.0,41.0,2.0,18.0,3.0,0.5,0.0,0.0,0.3,21.8,2.5
2.0,"2019-08-18 03:33:30.000000","2019-08-18 03:52:50.000000",2.0,5.4,1.0,N,234.0,41.0,1.0,19.5,0.5,0.5,4.66,0.0,0.3,27.96,2.5
2.0,"2019-08-18 03:02:55.000000","2019-08-18 03:22:10.000000",1.0,5.38,1.0,N,234.0,41.0,2.0,18.5,0.5,0.5,0.0,0.0,0.3,22.3,2.5
2.0,"2019-08-18 02:53:22.000000","2019-08-18 03:16:51.000000",5.0,6.67,1.0,N,234.0,41.0,1.0,23.0,0.5,0.5,10.0,0.0,0.3,36.8,2.5
2.0,"2019-08-18 07:28:27.000000","2019-08-18 07:44:57.000000",2.0,5.52,1.0,N,234.0,41.0,2.0,17.5,0.0,0.5,0.0,0.0,0.3,20.8,2.5
1.0,"2019-08-18 11:31:15.000000","2019-08-18 12:03:50.000000",1.0,5.2,1.0,N,234.0,41.0,2.0,23.0,2.5,0.5,0.0,0.0,0.3,26.3,2.5
1.0,"2019-08-18 12:27:09.000000","2019-08-18 12:57:34.000000",2.0,8.1,1.0,N,234.0,41.0,1.0,28.5,2.5,0.5,6.35,0.0,0.3,38.15,2.5
2.0,"2019-08-18 13:48:23.000000","2019-08-18 14:22:55.000000",2.0,7.97,1.0,N,234.0,41.0,1.0,30.0,0.0,0.5,8.32,0.0,0.3,41.62,2.5
2.0,"2019-08-18 15:00:17.000000","2019-08-18 15:26:10.000000",1.0,4.91,1.0,N,234.0,41.0,1.0,20.0,0.0,0.5,1.5,0.0,0.3,24.8,2.5
2.0,"2019-08-18 17:26:18.000000","2019-08-18 17:46:55.000000",1.0,5.18,1.0,N,234.0,41.0,1.0,18.5,0.0,0.5,1.0,0.0,0.3,22.8,2.5
2.0,"2019-08-18 22:04:19.000000","2019-08-18 22:17:22.000000",1.0,4.63,1.0,N,234.0,41.0,1.0,15.0,0.5,0.5,3.76,0.0,0.3,22.56,2.5
2.0,"2019-08-18 23:08:34.000000","2019-08-18 23:31:11.000000",2.0,5.06,1.0,N,234.0,41.0,1.0,19.5,0.5,0.5,5.82,0.0,0.3,29.12,2.5
2.0,"2019-08-19 01:08:50.000000","2019-08-19 01:26:32.000000",2.0,6.07,1.0,N,234.0,41.0,2.0,19.5,0.5,0.5,0.0,0.0,0.3,23.3,2.5
2.0,"2019-08-19 00:56:03.000000","2019-08-19 01:12:37.000000",1.0,5.34,1.0,N,234.0,41.0,1.0,17.5,0.5,0.5,4.26,0.0,0.3,25.56,2.5
1.0,"2019-08-19 10:02:46.000000","2019-08-19 10:27:16.000000",1.0,4.8,1.0,N,234.0,41.0,2.0,19.5,2.5,0.5,0.0,0.0,0.3,22.8,2.5
1.0,"2019-08-19 14:55:14.000000","2019-08-19 15:20:49.000000",1.0,5.1,1.0,N,234.0,41.0,1.0,20.5,2.5,0.5,4.75,0.0,0.3,28.55,2.5
1.0,"2019-08-19 15:29:36.000000","2019-08-19 15:56:10.000000",1.0,7.0,1.0,N,234.0,41.0,2.0,24.5,2.5,0.5,0.0,0.0,0.3,27.8,2.5
2.0,"2019-08-19 17:14:34.000000","2019-08-19 17:50:46.000000",1.0,5.41,1.0,N,234.0,41.0,1.0,26.0,1.0,0.5,6.06,0.0,0.3,36.36,2.5
1.0,"2019-08-19 18:39:37.000000","2019-08-19 19:07:17.000000",1.0,7.9,1.0,N,234.0,41.0,1.0,26.5,3.5,0.5,6.15,0.0,0.3,36.95,2.5
1.0,"2019-08-19 18:49:09.000000","2019-08-19 19:08:44.000000",1.0,7.1,1.0,N,234.0,41.0,1.0,22.0,3.5,0.5,1.0,0.0,0.3,27.3,2.5
1.0,"2019-08-19 19:01:40.000000","2019-08-19 19:26:34.000000",1.0,0.0,1.0,N,234.0,41.0,1.0,24.2,0.0,0.5,0.0,0.0,0.3,25.0,0.0
1.0,"2019-08-19 20:52:59.000000","2019-08-19 21:13:05.000000",1.0,4.8,1.0,N,234.0,41.0,1.0,17.5,3.0,0.5,3.68,0.0,0.3,24.98,2.5
1.0,"2019-08-19 20:55:44.000000","2019-08-19 21:22:46.000000",1.0,6.7,1.0,N,234.0,41.0,1.0,24.5,3.0,0.5,5.0,0.0,0.3,33.3,2.5
2.0,"2019-08-19 20:45:54.000000","2019-08-19 21:07:57.000000",1.0,7.34,1.0,N,234.0,41.0,1.0,24.5,0.5,0.5,5.66,0.0,0.3,33.96,2.5
2.0,"2019-08-19 21:51:04.000000","2019-08-19 22:12:47.000000",1.0,8.07,1.0,N,234.0,41.0,1.0,25.0,0.5,0.5,5.76,0.0,0.3,34.56,2.5
2.0,"2019-08-19 22:15:58.000000","2019-08-19 22:39:11.000000",1.0,5.2,1.0,N,234.0,41.0,1.0,19.5,0.5,0.5,4.66,0.0,0.3,27.96,2.5
2.0,"2019-08-19 23:11:57.000000","2019-08-19 23:26:27.000000",1.0,5.25,1.0,N,234.0,41.0,2.0,16.0,0.5,0.5,0.0,0.0,0.3,19.8,2.5
1.0,"2019-08-20 06:27:47.000000","2019-08-20 06:45:24.000000",1.0,5.4,1.0,N,234.0,41.0,1.0,18.0,2.5,0.5,3.83,0.0,0.3,25.13,2.5
2.0,"2019-08-20 12:49:47.000000","2019-08-20 13:26:17.000000",2.0,7.74,1.0,N,234.0,41.0,1.0,30.0,0.0,0.5,0.0,0.0,0.3,30.8,0.0
1.0,"2019-08-20 15:41:08.000000","2019-08-20 16:14:14.000000",1.0,5.8,1.0,N,234.0,41.0,2.0,24.5,2.5,0.5,0.0,0.0,0.3,27.8,2.5
1.0,"2019-08-20 16:16:50.000000","2019-08-20 16:55:59.000000",2.0,5.5,1.0,N,234.0,41.0,2.0,26.0,3.5,0.5,0.0,0.0,0.3,30.3,2.5
1.0,"2019-08-20 16:55:43.000000","2019-08-20 17:34:37.000000",1.0,5.7,1.0,N,234.0,41.0,1.0,26.5,3.5,0.5,6.16,0.0,0.3,36.96,2.5
2.0,"2019-08-20 16:31:11.000000","2019-08-20 17:04:10.000000",1.0,5.45,1.0,N,234.0,41.0,2.0,23.5,1.0,0.5,0.0,0.0,0.3,27.8,2.5
2.0,"2019-08-20 16:09:06.000000","2019-08-20 16:58:14.000000",6.0,6.61,1.0,N,234.0,41.0,1.0,31.5,1.0,0.5,7.16,0.0,0.3,42.96,2.5
1.0,"2019-08-20 19:09:13.000000","2019-08-20 19:38:46.000000",1.0,7.7,1.0,N,234.0,41.0,1.0,27.0,3.5,0.5,1.5,0.0,0.3,32.8,2.5
2.0,"2019-08-20 21:41:41.000000","2019-08-20 22:07:37.000000",1.0,6.74,1.0,N,234.0,41.0,1.0,22.5,0.5,0.5,5.26,0.0,0.3,31.56,2.5
2.0,"2019-08-20 23:15:33.000000","2019-08-20 23:42:39.000000",3.0,8.03,1.0,N,234.0,41.0,2.0,27.5,0.5,0.5,0.0,0.0,0.3,31.3,2.5
1.0,"2019-08-21 00:31:52.000000","2019-08-21 00:55:13.000000",1.0,5.5,1.0,N,234.0,41.0,1.0,20.5,3.0,0.5,4.85,0.0,0.3,29.15,2.5
2.0,"2019-08-21 00:59:15.000000","2019-08-21 01:20:13.000000",1.0,5.53,1.0,N,234.0,41.0,1.0,19.5,0.5,0.5,4.66,0.0,0.3,27.96,2.5
2.0,"2019-08-21 04:33:26.000000","2019-08-21 04:52:19.000000",1.0,5.29,1.0,N,234.0,41.0,2.0,18.5,0.5,0.5,0.0,0.0,0.3,22.3,2.5
2.0,"2019-08-21 10:58:09.000000","2019-08-21 11:32:55.000000",1.0,5.44,1.0,N,234.0,41.0,1.0,24.0,0.0,0.5,2.73,0.0,0.3,30.03,2.5
2.0,"2019-08-21 14:41:50.000000","2019-08-21 15:26:01.000000",1.0,7.72,1.0,N,234.0,41.0,1.0,32.5,0.0,0.5,7.16,0.0,0.3,42.96,2.5
2.0,"2019-08-21 16:44:22.000000","2019-08-21 17:18:54.000000",1.0,5.32,1.0,N,234.0,41.0,1.0,24.5,1.0,0.5,4.0,0.0,0.3,32.8,2.5
2.0,"2019-08-21 17:41:17.000000","2019-08-21 18:14:21.000000",1.0,5.52,1.0,N,234.0,41.0,1.0,23.5,1.0,0.5,5.56,0.0,0.3,33.36,2.5
2.0,"2019-08-21 19:57:21.000000","2019-08-21 20:23:46.000000",2.0,5.38,1.0,N,234.0,41.0,1.0,20.5,1.0,0.5,2.0,0.0,0.3,26.8,2.5
1.0,"2019-08-21 19:10:10.000000","2019-08-21 19:38:23.000000",1.0,6.6,1.0,N,234.0,41.0,1.0,24.5,3.5,0.5,7.2,0.0,0.3,36.0,2.5
2.0,"2019-08-21 20:59:57.000000","2019-08-21 21:27:09.000000",1.0,5.68,1.0,N,234.0,41.0,1.0,22.0,0.5,0.5,2.58,0.0,0.3,28.38,2.5
2.0,"2019-08-21 20:59:49.000000","2019-08-21 21:20:44.000000",1.0,4.68,1.0,N,234.0,41.0,1.0,18.0,0.5,0.5,2.0,0.0,0.3,23.8,2.5
2.0,"2019-08-21 20:53:14.000000","2019-08-21 21:19:24.000000",1.0,5.82,1.0,N,234.0,41.0,1.0,21.5,0.5,0.5,5.06,0.0,0.3,30.36,2.5
1.0,"2019-08-21 21:01:04.000000","2019-08-21 21:29:22.000000",1.0,5.1,1.0,N,234.0,41.0,1.0,21.5,3.0,0.5,5.05,0.0,0.3,30.35,2.5
1.0,"2019-08-21 21:51:31.000000","2019-08-21 22:22:19.000000",1.0,5.1,1.0,N,234.0,41.0,1.0,22.0,3.0,0.5,6.45,0.0,0.3,32.25,2.5
2.0,"2019-08-21 20:59:34.000000","2019-08-21 21:25:43.000000",5.0,8.7,1.0,N,234.0,41.0,1.0,27.0,0.5,0.5,6.16,0.0,0.3,36.96,2.5
2.0,"2019-08-21 21:39:40.000000","2019-08-21 22:03:36.000000",1.0,6.88,1.0,N,234.0,41.0,1.0,22.5,0.5,0.5,5.26,0.0,0.3,31.56,2.5
2.0,"2019-08-21 21:41:27.000000","2019-08-21 22:06:58.000000",3.0,6.1,1.0,N,234.0,41.0,1.0,21.5,0.5,0.5,5.06,0.0,0.3,30.36,2.5
1.0,"2019-08-21 22:10:02.000000","2019-08-21 22:36:44.000000",1.0,6.4,1.0,N,234.0,41.0,1.0,22.5,3.0,0.5,9.0,0.0,0.3,35.3,2.5
1.0,"2019-08-22 06:39:42.000000","2019-08-22 07:00:56.000000",1.0,5.5,1.0,N,234.0,41.0,1.0,19.5,2.5,0.5,4.55,0.0,0.3,27.35,2.5
1.0,"2019-08-22 12:18:02.000000","2019-08-22 12:57:41.000000",1.0,0.0,1.0,N,234.0,41.0,1.0,22.2,0.0,0.5,0.0,0.0,0.3,23.0,0.0
1.0,"2019-08-22 12:12:35.000000","2019-08-22 13:00:55.000000",1.0,7.3,1.0,N,234.0,41.0,1.0,33.0,2.5,0.5,7.25,0.0,0.3,43.55,2.5
2.0,"2019-08-22 19:58:19.000000","2019-08-22 20:40:10.000000",1.0,7.9,1.0,N,234.0,41.0,1.0,31.0,1.0,0.5,8.82,0.0,0.3,44.12,2.5
1.0,"2019-08-22 19:02:26.000000","2019-08-22 19:44:46.000000",1.0,5.7,1.0,N,234.0,41.0,1.0,29.0,1.0,0.5,0.0,0.0,0.3,30.8,0.0
2.0,"2019-08-22 20:59:48.000000","2019-08-22 21:33:44.000000",1.0,6.43,1.0,N,234.0,41.0,1.0,25.0,0.5,0.5,2.88,0.0,0.3,31.68,2.5
1.0,"2019-08-22 21:28:55.000000","2019-08-22 21:57:05.000000",1.0,5.8,1.0,N,234.0,41.0,1.0,22.0,3.0,0.5,0.43,0.0,0.3,26.23,2.5
1.0,"2019-08-22 21:20:46.000000","2019-08-22 21:51:12.000000",1.0,5.6,1.0,N,234.0,41.0,2.0,22.5,3.0,0.5,0.0,0.0,0.3,26.3,2.5
2.0,"2019-08-22 22:47:01.000000","2019-08-22 23:13:45.000000",1.0,5.5,1.0,N,234.0,41.0,1.0,21.0,0.5,0.5,4.96,0.0,0.3,29.76,2.5
2.0,"2019-08-22 22:12:13.000000","2019-08-22 22:31:24.000000",1.0,5.02,1.0,N,234.0,41.0,1.0,17.5,0.5,0.5,4.26,0.0,0.3,25.56,2.5
2.0,"2019-08-22 22:33:07.000000","2019-08-22 22:56:07.000000",2.0,5.1,1.0,N,234.0,41.0,1.0,19.0,0.5,0.5,0.0,0.0,0.3,22.8,2.5
1.0,"2019-08-22 22:09:24.000000","2019-08-22 22:39:35.000000",1.0,7.0,1.0,N,234.0,41.0,1.0,26.0,3.0,0.5,5.95,0.0,0.3,35.75,2.5
2.0,"2019-08-22 22:21:33.000000","2019-08-22 22:51:27.000000",1.0,5.4,1.0,N,234.0,41.0,1.0,23.0,0.5,0.5,3.5,0.0,0.3,30.3,2.5
2.0,"2019-08-22 23:13:52.000000","2019-08-22 23:40:41.000000",5.0,7.03,1.0,N,234.0,41.0,1.0,25.0,0.5,0.5,5.76,0.0,0.3,34.56,2.5
2.0,"2019-08-22 23:38:35.000000","2019-08-22 23:59:11.000000",2.0,4.75,1.0,N,234.0,41.0,1.0,18.0,0.5,0.5,4.36,0.0,0.3,26.16,2.5
2.0,"2019-08-22 23:13:13.000000","2019-08-22 23:32:05.000000",1.0,5.57,1.0,N,234.0,41.0,2.0,18.0,0.5,0.5,0.0,0.0,0.3,21.8,2.5
1.0,"2019-08-22 23:01:10.000000","2019-08-22 23:24:25.000000",1.0,4.9,1.0,N,234.0,41.0,1.0,18.5,3.0,0.5,4.45,0.0,0.3,26.75,2.5
2.0,"2019-08-23 05:35:14.000000","2019-08-23 05:58:02.000000",1.0,6.56,1.0,N,234.0,41.0,1.0,22.5,0.5,0.5,5.26,0.0,0.3,31.56,2.5
2.0,"2019-08-23 14:55:01.000000","2019-08-23 15:36:55.000000",2.0,6.7,1.0,N,234.0,41.0,1.0,29.0,0.0,0.5,8.08,0.0,0.3,40.38,2.5
1.0,"2019-08-23 18:12:38.000000","2019-08-23 18:43:31.000000",1.0,5.7,1.0,N,234.0,41.0,1.0,23.5,1.0,0.5,0.0,0.0,0.3,25.3,0.0
2.0,"2019-08-23 19:21:40.000000","2019-08-23 19:55:58.000000",1.0,5.6,1.0,N,234.0,41.0,1.0,24.5,1.0,0.5,5.76,0.0,0.3,34.56,2.5
1.0,"2019-08-23 19:58:39.000000","2019-08-23 20:22:26.000000",1.0,4.5,1.0,N,234.0,41.0,1.0,19.0,3.0,0.5,2.2,0.0,0.3,25.0,2.5
2.0,"2019-08-23 21:52:18.000000","2019-08-23 22:17:01.000000",1.0,4.92,1.0,N,234.0,41.0,1.0,19.5,0.5,0.5,0.0,0.0,0.3,23.3,2.5
2.0,"2019-08-23 22:26:57.000000","2019-08-23 22:46:13.000000",2.0,4.89,1.0,N,234.0,41.0,1.0,17.5,0.5,0.5,0.0,0.0,0.3,21.3,2.5
1.0,"2019-08-23 22:11:44.000000","2019-08-23 22:42:18.000000",1.0,5.5,1.0,N,234.0,41.0,1.0,22.5,3.0,0.5,5.25,0.0,0.3,31.55,2.5
1.0,"2019-08-23 22:15:20.000000","2019-08-23 22:42:34.000000",1.0,0.0,1.0,N,234.0,41.0,1.0,24.2,0.0,0.5,0.0,0.0,0.3,25.0,0.0
1.0,"2019-08-23 22:43:03.000000","2019-08-23 23:07:54.000000",1.0,6.0,1.0,N,234.0,41.0,1.0,21.5,3.0,0.5,0.0,0.0,0.3,25.3,2.5
2.0,"2019-08-23 22:49:37.000000","2019-08-23 23:17:58.000000",5.0,6.94,1.0,N,234.0,41.0,1.0,25.0,0.5,0.5,8.64,0.0,0.3,37.44,2.5
2.0,"2019-08-24 01:23:36.000000","2019-08-24 01:44:26.000000",1.0,5.91,1.0,N,234.0,41.0,2.0,19.5,0.5,0.5,0.0,0.0,0.3,23.3,2.5
1.0,"2019-08-24 01:22:29.000000","2019-08-24 01:48:19.000000",1.0,5.4,1.0,N,234.0,41.0,3.0,21.0,3.0,0.5,0.0,0.0,0.3,24.8,2.5
1.0,"2019-08-24 03:42:17.000000","2019-08-24 04:05:08.000000",1.0,5.9,1.0,N,234.0,41.0,1.0,21.0,3.0,0.5,4.95,0.0,0.3,29.75,2.5
1.0,"2019-08-24 05:48:51.000000","2019-08-24 06:04:42.000000",0.0,5.3,1.0,N,234.0,41.0,1.0,17.0,3.0,0.5,1.0,0.0,0.3,21.8,2.5
2.0,"2019-08-24 10:27:27.000000","2019-08-24 10:54:29.000000",5.0,7.78,1.0,N,234.0,41.0,2.0,26.5,0.0,0.5,0.0,0.0,0.3,29.8,2.5
2.0,"2019-08-24 17:53:26.000000","2019-08-24 18:18:25.000000",2.0,5.09,1.0,N,234.0,41.0,2.0,19.5,0.0,0.5,0.0,0.0,0.3,22.8,2.5
2.0,"2019-08-24 18:15:01.000000","2019-08-24 18:39:53.000000",1.0,5.58,1.0,N,234.0,41.0,1.0,20.5,0.0,0.5,4.76,0.0,0.3,28.56,2.5
1.0,"2019-08-24 19:42:16.000000","2019-08-24 20:06:35.000000",1.0,5.3,1.0,N,234.0,41.0,2.0,20.0,3.0,0.5,0.0,0.0,0.3,23.8,2.5
2.0,"2019-08-24 20:37:36.000000","2019-08-24 21:10:52.000000",1.0,6.33,1.0,N,234.0,41.0,1.0,24.5,0.5,0.5,5.66,0.0,0.3,33.96,2.5
1.0,"2019-08-24 21:45:20.000000","2019-08-24 22:20:26.000000",1.0,6.6,1.0,N,234.0,41.0,1.0,26.0,3.0,0.5,5.96,0.0,0.3,35.76,2.5
1.0,"2019-08-24 22:44:02.000000","2019-08-24 23:09:56.000000",3.0,5.9,1.0,N,234.0,41.0,2.0,21.0,3.0,0.5,0.0,0.0,0.3,24.8,2.5
2.0,"2019-08-24 22:14:10.000000","2019-08-24 22:40:54.000000",1.0,5.61,1.0,N,234.0,41.0,1.0,22.0,0.5,0.5,4.2,0.0,0.3,30.0,2.5
2.0,"2019-08-24 23:35:38.000000","2019-08-25 00:06:34.000000",1.0,6.51,1.0,N,234.0,41.0,1.0,25.0,0.5,0.5,2.5,0.0,0.3,31.3,2.5
1.0,"2019-08-25 00:22:21.000000","2019-08-25 00:39:04.000000",2.0,4.8,1.0,N,234.0,41.0,1.0,16.0,3.0,0.5,3.95,0.0,0.3,23.75,2.5
1.0,"2019-08-25 00:59:48.000000","2019-08-25 01:22:40.000000",0.0,5.7,1.0,N,234.0,41.0,1.0,20.0,3.0,0.5,0.0,0.0,0.3,23.8,2.5
2.0,"2019-08-25 00:32:54.000000","2019-08-25 00:51:12.000000",1.0,5.08,1.0,N,234.0,41.0,1.0,17.0,0.5,0.5,3.5,0.0,0.3,24.3,2.5
1.0,"2019-08-25 01:14:56.000000","2019-08-25 01:32:49.000000",1.0,5.2,1.0,N,234.0,41.0,2.0,17.5,3.0,0.5,0.0,0.0,0.3,21.3,2.5
1.0,"2019-08-25 01:53:15.000000","2019-08-25 02:19:05.000000",1.0,5.9,1.0,N,234.0,41.0,2.0,21.5,3.0,0.5,0.0,0.0,0.3,25.3,2.5
1.0,"2019-08-25 02:01:51.000000","2019-08-25 02:24:04.000000",1.0,5.9,1.0,N,234.0,41.0,1.0,20.0,3.0,0.5,1.0,0.0,0.3,24.8,2.5
2.0,"2019-08-25 11:22:32.000000","2019-08-25 11:47:24.000000",6.0,5.12,1.0,N,234.0,41.0,2.0,20.5,0.0,0.5,0.0,0.0,0.3,23.8,2.5
2.0,"2019-08-25 12:51:53.000000","2019-08-25 13:18:48.000000",1.0,5.74,1.0,N,234.0,41.0,1.0,22.5,0.0,0.5,5.16,0.0,0.3,30.96,2.5
1.0,"2019-08-25 16:47:27.000000","2019-08-25 17:11:11.000000",1.0,6.0,1.0,N,234.0,41.0,1.0,20.5,2.5,0.5,2.0,0.0,0.3,25.8,2.5
2.0,"2019-08-25 17:02:46.000000","2019-08-25 17:30:23.000000",1.0,5.74,1.0,N,234.0,41.0,1.0,22.5,0.0,0.5,2.0,0.0,0.3,27.8,2.5
1.0,"2019-08-25 18:21:32.000000","2019-08-25 18:51:49.000000",1.0,7.5,1.0,N,234.0,41.0,1.0,28.0,2.5,0.5,4.7,0.0,0.3,36.0,2.5
2.0,"2019-08-25 19:23:47.000000","2019-08-25 19:46:29.000000",2.0,5.23,1.0,N,234.0,41.0,1.0,19.5,0.0,0.5,4.56,0.0,0.3,27.36,2.5
2.0,"2019-08-25 20:22:40.000000","2019-08-25 20:44:21.000000",2.0,5.34,1.0,N,234.0,41.0,2.0,18.5,0.5,0.5,0.0,0.0,0.3,22.3,2.5
2.0,"2019-08-25 23:20:50.000000","2019-08-25 23:36:48.000000",1.0,5.17,1.0,N,234.0,41.0,1.0,16.0,0.5,0.5,2.5,0.0,0.3,22.3,2.5
1.0,"2019-08-26 02:23:34.000000","2019-08-26 02:37:08.000000",1.0,5.2,1.0,N,234.0,41.0,1.0,16.0,3.0,0.5,2.2,0.0,0.3,22.0,2.5
2.0,"2019-08-26 14:12:42.000000","2019-08-26 14:44:44.000000",1.0,6.88,1.0,N,234.0,41.0,2.0,26.0,0.0,0.5,0.0,0.0,0.3,29.3,2.5
2.0,"2019-08-26 14:08:05.000000","2019-08-26 14:35:33.000000",1.0,7.28,1.0,N,234.0,41.0,1.0,25.0,0.0,0.5,1.0,0.0,0.3,29.3,2.5
2.0,"2019-08-26 17:05:46.000000","2019-08-26 17:32:54.000000",6.0,5.91,1.0,N,234.0,41.0,1.0,22.0,1.0,0.5,7.89,0.0,0.3,34.19,2.5
2.0,"2019-08-26 18:04:44.000000","2019-08-26 18:32:30.000000",1.0,6.67,1.0,N,234.0,41.0,1.0,25.0,1.0,0.5,4.02,0.0,0.3,30.82,0.0
1.0,"2019-08-26 21:32:58.000000","2019-08-26 21:53:06.000000",1.0,5.5,1.0,N,234.0,41.0,1.0,19.5,3.0,0.5,1.0,0.0,0.3,24.3,2.5
1.0,"2019-08-26 21:06:33.000000","2019-08-26 21:24:59.000000",1.0,4.5,1.0,N,234.0,41.0,1.0,16.5,3.0,0.5,4.05,0.0,0.3,24.35,2.5
1.0,"2019-08-26 22:34:47.000000","2019-08-26 22:52:12.000000",1.0,4.7,1.0,N,234.0,41.0,1.0,16.5,3.0,0.5,2.0,0.0,0.3,22.3,2.5
1.0,"2019-08-27 00:58:04.000000","2019-08-27 01:15:26.000000",1.0,5.1,1.0,N,234.0,41.0,1.0,17.0,3.0,0.5,4.15,0.0,0.3,24.95,2.5
2.0,"2019-08-27 10:42:09.000000","2019-08-27 11:16:09.000000",1.0,4.79,1.0,N,234.0,41.0,2.0,22.5,0.0,0.5,0.0,0.0,0.3,25.8,2.5
2.0,"2019-08-27 14:43:21.000000","2019-08-27 15:20:59.000000",1.0,7.81,1.0,N,234.0,41.0,2.0,31.0,0.0,0.5,0.0,0.0,0.3,34.3,2.5
1.0,"2019-08-27 15:30:59.000000","2019-08-27 16:02:40.000000",1.0,6.9,1.0,N,234.0,41.0,1.0,26.5,2.5,0.5,5.95,0.0,0.3,35.75,2.5
2.0,"2019-08-27 16:50:24.000000","2019-08-27 17:27:38.000000",1.0,6.83,1.0,N,234.0,41.0,1.0,27.5,1.0,0.5,6.36,0.0,0.3,38.16,2.5
1.0,"2019-08-27 19:03:16.000000","2019-08-27 19:28:49.000000",1.0,5.0,1.0,N,234.0,41.0,1.0,20.0,3.5,0.5,6.05,0.0,0.3,30.35,2.5
2.0,"2019-08-27 20:34:20.000000","2019-08-27 20:54:17.000000",3.0,4.93,1.0,N,234.0,41.0,1.0,18.0,0.5,0.5,4.36,0.0,0.3,26.16,2.5
2.0,"2019-08-27 21:05:47.000000","2019-08-27 21:28:04.000000",1.0,4.56,1.0,N,234.0,41.0,1.0,17.5,0.5,0.5,5.32,0.0,0.3,26.62,2.5
2.0,"2019-08-27 21:47:45.000000","2019-08-27 22:08:41.000000",1.0,4.86,1.0,N,234.0,41.0,1.0,18.0,0.5,0.5,2.0,0.0,0.3,23.8,2.5
1.0,"2019-08-27 22:20:04.000000","2019-08-27 22:44:46.000000",1.0,6.1,1.0,N,234.0,41.0,1.0,21.0,3.0,0.5,10.0,0.0,0.3,34.8,2.5
1.0,"2019-08-27 22:20:13.000000","2019-08-27 22:40:51.000000",1.0,5.6,1.0,N,234.0,41.0,1.0,19.0,3.0,0.5,5.7,0.0,0.3,28.5,2.5
2.0,"2019-08-28 00:36:39.000000","2019-08-28 00:55:52.000000",2.0,5.81,1.0,N,234.0,41.0,1.0,18.5,0.5,0.5,5.58,0.0,0.3,27.88,2.5
2.0,"2019-08-28 00:53:24.000000","2019-08-28 01:27:49.000000",1.0,6.88,1.0,N,234.0,41.0,2.0,29.0,0.5,0.5,0.0,0.0,0.3,32.8,2.5
2.0,"2019-08-28 11:31:50.000000","2019-08-28 12:02:44.000000",1.0,6.75,1.0,N,234.0,41.0,1.0,26.5,0.0,0.5,5.96,0.0,0.3,35.76,2.5
2.0,"2019-08-28 11:27:39.000000","2019-08-28 12:01:56.000000",1.0,7.25,1.0,N,234.0,41.0,2.0,29.0,0.0,0.5,0.0,0.0,0.3,32.3,2.5
1.0,"2019-08-28 15:43:09.000000","2019-08-28 16:23:07.000000",1.0,0.0,1.0,N,234.0,41.0,1.0,24.2,0.0,0.5,0.0,0.0,0.3,25.0,0.0
2.0,"2019-08-28 17:42:50.000000","2019-08-28 18:14:01.000000",1.0,7.5,1.0,N,234.0,41.0,1.0,27.0,1.0,0.5,4.0,0.0,0.3,35.3,2.5
2.0,"2019-08-28 17:16:28.000000","2019-08-28 17:54:23.000000",1.0,5.17,1.0,N,234.0,41.0,1.0,24.5,1.0,0.5,3.0,0.0,0.3,33.75,2.5
2.0,"2019-08-28 18:00:17.000000","2019-08-28 18:35:58.000000",1.0,4.62,1.0,N,234.0,41.0,1.0,24.0,1.0,0.5,0.0,0.0,0.3,28.3,2.5
2.0,"2019-08-28 19:16:53.000000","2019-08-28 19:46:43.000000",1.0,5.6,1.0,N,234.0,41.0,1.0,22.0,1.0,0.5,2.2,0.0,0.3,28.5,2.5
2.0,"2019-08-28 19:01:49.000000","2019-08-28 19:32:36.000000",2.0,7.06,1.0,N,234.0,41.0,2.0,25.0,3.5,0.5,0.0,0.0,0.3,29.3,0.0
2.0,"2019-08-28 20:06:30.000000","2019-08-28 20:35:13.000000",1.0,7.95,1.0,N,234.0,41.0,1.0,27.5,0.5,0.5,6.26,0.0,0.3,37.56,2.5
2.0,"2019-08-28 20:26:27.000000","2019-08-28 20:50:16.000000",1.0,7.63,1.0,N,234.0,41.0,1.0,25.0,0.5,0.5,0.0,0.0,0.3,28.8,2.5
2.0,"2019-08-28 20:27:21.000000","2019-08-28 20:50:46.000000",1.0,4.9,1.0,N,234.0,41.0,1.0,19.0,0.5,0.5,4.56,0.0,0.3,27.36,2.5
1.0,"2019-08-28 20:57:04.000000","2019-08-28 21:18:54.000000",1.0,5.2,1.0,N,234.0,41.0,1.0,18.5,3.0,0.5,4.45,0.0,0.3,26.75,2.5
2.0,"2019-08-28 21:08:45.000000","2019-08-28 21:26:50.000000",1.0,4.77,1.0,N,234.0,41.0,1.0,16.5,0.5,0.5,2.0,0.0,0.3,22.3,2.5
2.0,"2019-08-28 21:02:17.000000","2019-08-28 21:27:47.000000",1.0,5.16,1.0,N,234.0,41.0,1.0,20.0,0.5,0.5,4.76,0.0,0.3,28.56,2.5
2.0,"2019-08-28 23:09:18.000000","2019-08-28 23:26:54.000000",1.0,4.86,1.0,N,234.0,41.0,1.0,16.5,0.5,0.5,2.0,0.0,0.3,22.3,2.5
2.0,"2019-08-28 23:57:46.000000","2019-08-29 00:15:59.000000",1.0,5.06,1.0,N,234.0,41.0,1.0,17.0,0.5,0.5,5.2,0.0,0.3,26.0,2.5
2.0,"2019-08-29 00:58:51.000000","2019-08-29 01:27:33.000000",2.0,7.47,1.0,N,234.0,41.0,1.0,27.0,0.5,0.5,3.0,0.0,0.3,33.8,2.5
2.0,"2019-08-29 02:38:49.000000","2019-08-29 02:51:31.000000",1.0,4.73,1.0,N,234.0,41.0,1.0,15.0,0.5,0.5,3.76,0.0,0.3,22.56,2.5
2.0,"2019-08-29 05:52:05.000000","2019-08-29 06:12:13.000000",6.0,6.16,1.0,N,234.0,41.0,2.0,20.5,0.5,0.5,0.0,0.0,0.3,24.3,2.5
1.0,"2019-08-29 06:41:00.000000","2019-08-29 07:01:54.000000",1.0,5.6,1.0,N,234.0,41.0,1.0,20.0,2.5,0.5,3.0,0.0,0.3,26.3,2.5
2.0,"2019-08-29 19:30:58.000000","2019-08-29 19:54:06.000000",1.0,5.1,1.0,N,234.0,41.0,1.0,19.5,1.0,0.5,4.76,0.0,0.3,28.56,2.5
2.0,"2019-08-29 20:36:50.000000","2019-08-29 21:01:46.000000",3.0,5.13,1.0,N,234.0,41.0,1.0,19.5,0.5,0.5,4.66,0.0,0.3,27.96,2.5
2.0,"2019-08-29 21:47:16.000000","2019-08-29 22:09:55.000000",2.0,6.17,1.0,N,234.0,41.0,2.0,21.0,0.5,0.5,0.0,0.0,0.3,24.8,2.5
2.0,"2019-08-29 21:52:41.000000","2019-08-29 22:13:58.000000",1.0,4.63,1.0,N,234.0,41.0,1.0,17.5,0.5,0.5,4.26,0.0,0.3,25.56,2.5
1.0,"2019-08-29 22:40:00.000000","2019-08-29 23:01:35.000000",1.0,5.5,1.0,N,234.0,41.0,1.0,18.5,3.0,0.5,5.55,0.0,0.3,27.85,2.5
1.0,"2019-08-29 22:31:09.000000","2019-08-29 22:57:57.000000",1.0,6.3,1.0,N,234.0,41.0,1.0,22.5,3.0,0.5,9.0,0.0,0.3,35.3,2.5
1.0,"2019-08-29 22:06:03.000000","2019-08-29 22:25:02.000000",1.0,5.0,1.0,N,234.0,41.0,2.0,17.5,3.0,0.5,0.0,0.0,0.3,21.3,2.5
1.0,"2019-08-29 23:12:24.000000","2019-08-29 23:33:46.000000",2.0,5.6,1.0,N,234.0,41.0,1.0,19.5,3.0,0.5,4.65,0.0,0.3,27.95,2.5
1.0,"2019-08-30 01:03:19.000000","2019-08-30 01:20:27.000000",1.0,4.9,1.0,N,234.0,41.0,1.0,16.5,3.0,0.5,4.05,0.0,0.3,24.35,2.5
1.0,"2019-08-30 02:04:54.000000","2019-08-30 02:23:41.000000",1.0,5.5,1.0,N,234.0,41.0,1.0,18.5,3.0,0.5,2.8,0.0,0.3,25.1,2.5
2.0,"2019-08-30 02:17:14.000000","2019-08-30 02:33:46.000000",1.0,5.69,1.0,N,234.0,41.0,2.0,17.5,0.5,0.5,0.0,0.0,0.3,21.3,2.5
2.0,"2019-08-30 10:16:37.000000","2019-08-30 10:47:11.000000",2.0,5.09,1.0,N,234.0,41.0,1.0,21.5,0.0,0.5,4.96,0.0,0.3,29.76,2.5
1.0,"2019-08-30 14:34:09.000000","2019-08-30 15:05:26.000000",1.0,5.3,1.0,N,234.0,41.0,1.0,24.0,2.5,0.5,2.7,0.0,0.3,30.0,2.5
2.0,"2019-08-30 15:41:20.000000","2019-08-30 16:13:53.000000",1.0,6.1,1.0,N,234.0,41.0,1.0,24.0,0.0,0.5,5.46,0.0,0.3,32.76,2.5
2.0,"2019-08-30 16:08:59.000000","2019-08-30 16:42:30.000000",1.0,5.64,1.0,N,234.0,41.0,1.0,25.0,1.0,0.5,8.79,0.0,0.3,38.09,2.5
2.0,"2019-08-30 16:33:30.000000","2019-08-30 17:20:45.000000",1.0,7.1,1.0,N,234.0,41.0,1.0,31.0,1.0,0.5,7.06,0.0,0.3,42.36,2.5
1.0,"2019-08-30 19:16:23.000000","2019-08-30 19:43:15.000000",1.0,6.0,1.0,N,234.0,41.0,1.0,22.0,3.5,0.5,5.25,0.0,0.3,31.55,2.5
1.0,"2019-08-30 20:52:02.000000","2019-08-30 21:14:54.000000",2.0,5.4,1.0,N,234.0,41.0,2.0,19.5,3.0,0.5,0.0,0.0,0.3,23.3,2.5
2.0,"2019-08-30 22:00:11.000000","2019-08-30 22:24:09.000000",1.0,5.69,1.0,N,234.0,41.0,1.0,20.5,0.5,0.5,4.86,0.0,0.3,29.16,2.5
2.0,"2019-08-30 22:25:09.000000","2019-08-30 22:52:04.000000",1.0,5.83,1.0,N,234.0,41.0,1.0,21.5,0.5,0.5,3.0,0.0,0.3,28.3,2.5
2.0,"2019-08-30 22:30:49.000000","2019-08-30 22:53:54.000000",1.0,6.83,1.0,N,234.0,41.0,1.0,23.5,0.5,0.5,5.46,0.0,0.3,32.76,2.5
1.0,"2019-08-30 22:11:06.000000","2019-08-30 22:39:18.000000",1.0,5.9,1.0,N,234.0,41.0,1.0,22.5,3.0,0.5,5.25,0.0,0.3,31.55,2.5
2.0,"2019-08-30 23:39:55.000000","2019-08-30 23:55:52.000000",2.0,4.41,1.0,N,234.0,41.0,1.0,15.0,0.5,0.5,2.0,0.0,0.3,20.8,2.5
2.0,"2019-08-31 01:24:39.000000","2019-08-31 01:40:02.000000",1.0,4.67,1.0,N,234.0,41.0,1.0,15.5,0.5,0.5,3.0,0.0,0.3,22.3,2.5
1.0,"2019-08-31 01:59:37.000000","2019-08-31 02:13:25.000000",1.0,5.4,1.0,N,234.0,41.0,1.0,16.0,3.0,0.5,4.0,0.0,0.3,23.8,2.5
2.0,"2019-08-31 03:14:04.000000","2019-08-31 03:33:06.000000",2.0,5.27,1.0,N,234.0,41.0,2.0,18.5,0.5,0.5,0.0,0.0,0.3,22.3,2.5
2.0,"2019-08-31 07:45:46.000000","2019-08-31 07:58:52.000000",2.0,5.01,1.0,N,234.0,41.0,1.0,15.5,0.0,0.5,3.76,0.0,0.3,22.56,2.5
2.0,"2019-08-31 09:36:39.000000","2019-08-31 09:59:16.000000",6.0,5.32,1.0,N,234.0,41.0,2.0,20.0,0.0,0.5,0.0,0.0,0.3,23.3,2.5
2.0,"2019-08-31 14:17:26.000000","2019-08-31 14:41:40.000000",1.0,5.2,1.0,N,234.0,41.0,2.0,19.5,0.0,0.5,0.0,0.0,0.3,22.8,2.5
2.0,"2019-08-31 16:46:57.000000","2019-08-31 17:15:15.000000",2.0,5.5,1.0,N,234.0,41.0,1.0,22.0,0.0,0.5,5.06,0.0,0.3,30.36,2.5
2.0,"2019-08-31 16:54:37.000000","2019-08-31 17:22:46.000000",1.0,5.91,1.0,N,234.0,41.0,1.0,23.0,0.0,0.5,2.5,0.0,0.3,28.8,2.5
1.0,"2019-08-31 17:58:16.000000","2019-08-31 18:23:59.000000",1.0,5.1,1.0,N,234.0,41.0,1.0,20.5,2.5,0.5,4.75,0.0,0.3,28.55,2.5
2.0,"2019-08-31 19:11:17.000000","2019-08-31 19:34:15.000000",1.0,5.59,1.0,N,234.0,41.0,1.0,20.0,0.0,0.5,4.66,0.0,0.3,27.96,2.5
2.0,"2019-08-31 21:26:13.000000","2019-08-31 21:51:05.000000",1.0,7.56,1.0,N,234.0,41.0,1.0,25.5,0.5,0.5,0.0,0.0,0.3,29.3,2.5
2.0,"2019-08-31 21:01:11.000000","2019-08-31 21:26:05.000000",2.0,6.39,1.0,N,234.0,41.0,1.0,22.0,0.5,0.5,5.16,0.0,0.3,30.96,2.5
,"2019-08-11 17:37:00.000000","2019-08-11 18:07:00.000000",,5.42,,,234.0,41.0,,32.45,2.75,0.5,0.0,0.0,0.3,36.0,0.0
,"2019-08-17 16:45:00.000000","2019-08-17 17:20:00.000000",,5.94,,,234.0,41.0,,27.73,2.75,0.5,0.0,0.0,0.3,31.28,0.0
,"2019-08-18 12:38:57.000000","2019-08-18 13:10:51.000000",,6.67,,,234.0,41.0,,39.26,2.75,0.0,0.0,0.0,0.3,42.31,0.0
,"2019-08-23 17:50:00.000000","2019-08-23 18:17:00.000000",,6.82,,,234.0,41.0,,32.41,2.75,0.5,0.0,0.0,0.3,35.96,0.0
