2.0,"2019-08-01 00:33:46.000000","2019-08-01 00:54:13.000000",1.0,6.09,1.0,N,234.0,42.0,2.0,19.5,0.5,0.5,0.0,0.0,0.3,23.3,2.5
2.0,"2019-08-01 01:46:05.000000","2019-08-01 02:05:37.000000",2.0,7.87,1.0,N,234.0,42.0,2.0,24.5,0.5,0.5,0.0,0.0,0.3,28.3,2.5
1.0,"2019-08-01 02:50:14.000000","2019-08-01 03:02:42.000000",1.0,5.1,1.0,N,234.0,42.0,1.0,15.5,3.0,0.5,3.0,0.0,0.3,22.3,2.5
2.0,"2019-08-01 19:49:51.000000","2019-08-01 20:25:10.000000",1.0,8.45,1.0,N,234.0,42.0,1.0,31.0,1.0,0.5,2.0,0.0,0.3,37.3,2.5
1.0,"2019-08-01 20:01:34.000000","2019-08-01 20:30:46.000000",1.0,5.9,1.0,N,234.0,42.0,2.0,23.0,3.0,0.5,0.0,0.0,0.3,26.8,2.5
2.0,"2019-08-01 21:11:38.000000","2019-08-01 21:41:50.000000",4.0,8.09,1.0,N,234.0,42.0,2.0,26.5,0.5,0.5,0.0,0.0,0.3,30.3,2.5
2.0,"2019-08-01 21:54:35.000000","2019-08-01 22:29:02.000000",5.0,8.13,1.0,N,234.0,42.0,1.0,29.5,0.5,0.5,5.7,0.0,0.3,39.0,2.5
1.0,"2019-08-01 22:08:09.000000","2019-08-01 22:43:33.000000",1.0,6.9,1.0,N,234.0,42.0,3.0,26.5,3.0,0.5,0.0,0.0,0.3,30.3,2.5
1.0,"2019-08-01 22:24:16.000000","2019-08-01 22:53:31.000000",1.0,5.9,1.0,N,234.0,42.0,1.0,23.5,3.0,0.5,2.73,0.0,0.3,30.03,2.5
2.0,"2019-08-01 22:32:45.000000","2019-08-01 22:55:25.000000",6.0,5.35,1.0,N,234.0,42.0,2.0,20.0,0.5,0.5,0.0,0.0,0.3,23.8,2.5
2.0,"2019-08-01 22:58:18.000000","2019-08-01 23:21:39.000000",1.0,8.38,1.0,N,234.0,42.0,1.0,27.0,0.5,0.5,6.16,0.0,0.3,36.96,2.5
2.0,"2019-08-01 23:27:13.000000","2019-08-01 23:45:50.000000",1.0,7.55,1.0,N,234.0,42.0,1.0,23.5,0.5,0.5,4.7,0.0,0.3,32.0,2.5
2.0,"2019-08-01 23:21:19.000000","2019-08-01 23:52:12.000000",1.0,9.29,1.0,N,234.0,42.0,1.0,31.0,0.5,0.5,2.0,0.0,0.3,36.8,2.5
1.0,"2019-08-01 23:19:10.000000","2019-08-01 23:40:51.000000",1.0,6.3,1.0,N,234.0,42.0,1.0,20.5,3.0,0.5,4.85,0.0,0.3,29.15,2.5
2.0,"2019-08-02 01:01:59.000000","2019-08-02 01:23:41.000000",1.0,5.98,1.0,N,234.0,42.0,1.0,20.0,0.5,0.5,0.0,0.0,0.3,23.8,2.5
2.0,"2019-08-02 01:04:43.000000","2019-08-02 01:21:03.000000",1.0,8.3,1.0,N,234.0,42.0,2.0,24.5,0.5,0.5,0.0,0.0,0.3,28.3,2.5
2.0,"2019-08-02 18:35:22.000000","2019-08-02 19:06:48.000000",3.0,6.26,1.0,N,234.0,42.0,1.0,24.0,1.0,0.5,5.66,0.0,0.3,33.96,2.5
2.0,"2019-08-02 21:45:34.000000","2019-08-02 22:13:02.000000",1.0,7.75,1.0,N,234.0,42.0,1.0,27.0,0.5,0.5,6.16,0.0,0.3,36.96,2.5
2.0,"2019-08-02 23:35:21.000000","2019-08-02 23:59:46.000000",1.0,7.83,1.0,N,234.0,42.0,1.0,26.5,0.5,0.5,3.0,0.0,0.3,33.3,2.5
2.0,"2019-08-02 23:32:30.000000","2019-08-02 23:58:22.000000",1.0,6.49,1.0,N,234.0,42.0,1.0,21.5,0.5,0.5,5.06,0.0,0.3,30.36,2.5
2.0,"2019-08-02 23:33:37.000000","2019-08-03 00:04:28.000000",1.0,6.22,1.0,N,234.0,42.0,1.0,24.5,0.5,0.5,2.0,0.0,0.3,30.3,2.5
2.0,"2019-08-03 00:21:09.000000","2019-08-03 00:41:54.000000",3.0,5.73,1.0,N,234.0,42.0,1.0,19.0,0.5,0.5,4.56,0.0,0.3,27.36,2.5
1.0,"2019-08-03 00:08:28.000000","2019-08-03 00:34:10.000000",1.0,7.7,1.0,N,234.0,42.0,2.0,25.5,3.0,0.5,0.0,0.0,0.3,29.3,2.5
2.0,"2019-08-03 01:21:35.000000","2019-08-03 01:39:16.000000",1.0,6.14,1.0,N,234.0,42.0,2.0,19.0,0.5,0.5,0.0,0.0,0.3,22.8,2.5
2.0,"2019-08-03 02:39:09.000000","2019-08-03 02:52:06.000000",3.0,5.24,1.0,N,234.0,42.0,1.0,15.5,0.5,0.5,3.86,0.0,0.3,23.16,2.5
1.0,"2019-08-03 02:02:41.000000","2019-08-03 02:25:05.000000",0.0,7.6,1.0,N,234.0,42.0,2.0,24.5,3.0,0.5,0.0,0.0,0.3,28.3,2.5
1.0,"2019-08-03 02:33:57.000000","2019-08-03 03:01:01.000000",1.0,6.1,1.0,N,234.0,42.0,2.0,23.5,3.0,0.5,0.0,0.0,0.3,27.3,2.5
1.0,"2019-08-03 11:38:51.000000","2019-08-03 12:08:06.000000",2.0,7.8,1.0,N,234.0,42.0,2.0,27.5,2.5,0.5,0.0,0.0,0.3,30.8,2.5
1.0,"2019-08-03 16:09:37.000000","2019-08-03 16:45:35.000000",1.0,7.1,1.0,N,234.0,42.0,1.0,27.5,2.5,0.5,6.15,0.0,0.3,36.95,2.5
1.0,"2019-08-03 16:16:48.000000","2019-08-03 16:48:35.000000",1.0,0.0,1.0,N,234.0,42.0,1.0,26.2,0.0,0.5,0.0,0.0,0.3,27.0,0.0
2.0,"2019-08-03 20:47:38.000000","2019-08-03 21:17:06.000000",1.0,7.9,1.0,N,234.0,42.0,1.0,27.5,0.5,0.5,4.0,0.0,0.3,35.3,2.5
2.0,"2019-08-03 22:54:45.000000","2019-08-03 23:23:58.000000",3.0,7.77,1.0,N,234.0,42.0,1.0,26.5,0.5,0.5,6.06,0.0,0.3,36.36,2.5
1.0,"2019-08-03 22:48:08.000000","2019-08-03 23:11:43.000000",1.0,5.8,1.0,N,234.0,42.0,1.0,20.5,3.0,0.5,4.85,0.0,0.3,29.15,2.5
2.0,"2019-08-03 21:58:57.000000","2019-08-03 22:25:39.000000",1.0,8.45,1.0,N,234.0,42.0,1.0,27.5,0.5,0.5,6.26,0.0,0.3,37.56,2.5
1.0,"2019-08-03 23:43:15.000000","2019-08-04 00:20:53.000000",1.0,7.0,1.0,N,234.0,42.0,2.0,27.5,3.0,0.5,0.0,0.0,0.3,31.3,2.5
2.0,"2019-08-04 00:41:51.000000","2019-08-04 01:10:17.000000",1.0,7.72,1.0,N,234.0,42.0,2.0,26.5,0.5,0.5,0.0,0.0,0.3,30.3,2.5
1.0,"2019-08-04 15:16:35.000000","2019-08-04 15:52:14.000000",2.0,6.7,1.0,N,234.0,42.0,1.0,26.5,2.5,0.5,5.95,0.0,0.3,35.75,2.5
2.0,"2019-08-04 16:09:05.000000","2019-08-04 16:35:10.000000",5.0,7.94,1.0,N,234.0,42.0,2.0,25.5,0.0,0.5,0.0,0.0,0.3,28.8,2.5
2.0,"2019-08-04 20:31:33.000000","2019-08-04 21:00:30.000000",1.0,6.17,1.0,N,234.0,42.0,1.0,23.5,0.5,0.5,6.82,0.0,0.3,34.12,2.5
1.0,"2019-08-05 11:43:10.000000","2019-08-05 12:32:56.000000",1.0,7.9,1.0,N,234.0,42.0,2.0,37.0,2.5,0.5,0.0,0.0,0.3,40.3,2.5
2.0,"2019-08-05 15:48:27.000000","2019-08-05 16:15:15.000000",6.0,7.83,1.0,N,234.0,42.0,1.0,25.0,0.0,0.5,2.5,0.0,0.3,30.8,2.5
2.0,"2019-08-05 16:28:09.000000","2019-08-05 16:58:24.000000",1.0,8.25,1.0,N,234.0,42.0,1.0,27.0,1.0,0.5,0.0,0.0,0.3,28.8,0.0
1.0,"2019-08-05 19:48:49.000000","2019-08-05 20:08:55.000000",1.0,7.6,1.0,N,234.0,42.0,1.0,23.5,3.0,0.5,5.46,0.0,0.3,32.76,2.5
1.0,"2019-08-06 09:16:30.000000","2019-08-06 10:09:16.000000",1.0,6.2,1.0,N,234.0,42.0,1.0,34.0,2.5,0.5,2.0,0.0,0.3,39.3,2.5
2.0,"2019-08-06 12:43:36.000000","2019-08-06 13:08:45.000000",5.0,9.53,1.0,N,234.0,42.0,2.0,29.0,0.0,0.5,0.0,0.0,0.3,32.3,2.5
2.0,"2019-08-06 15:36:38.000000","2019-08-06 16:24:37.000000",1.0,6.81,1.0,N,234.0,42.0,1.0,31.0,0.0,0.5,0.0,0.0,0.3,34.3,2.5
2.0,"2019-08-06 20:27:19.000000","2019-08-06 20:54:42.000000",1.0,6.31,1.0,N,234.0,42.0,1.0,22.5,0.5,0.5,3.0,0.0,0.3,29.3,2.5
2.0,"2019-08-06 21:21:48.000000","2019-08-06 21:45:17.000000",1.0,8.14,1.0,N,234.0,42.0,1.0,26.5,0.5,0.5,7.58,0.0,0.3,37.88,2.5
2.0,"2019-08-06 21:24:37.000000","2019-08-06 21:42:35.000000",6.0,5.33,1.0,N,234.0,42.0,1.0,17.5,0.5,0.5,4.26,0.0,0.3,25.56,2.5
2.0,"2019-08-06 23:03:33.000000","2019-08-06 23:26:11.000000",1.0,5.87,1.0,N,234.0,42.0,1.0,20.0,0.5,0.5,3.57,0.0,0.3,27.37,2.5
2.0,"2019-08-06 23:20:10.000000","2019-08-06 23:42:33.000000",1.0,5.69,1.0,N,234.0,42.0,1.0,19.5,0.5,0.5,5.0,0.0,0.3,28.3,2.5
1.0,"2019-08-07 00:03:08.000000","2019-08-07 00:30:26.000000",1.0,7.6,1.0,N,234.0,42.0,1.0,26.0,3.0,0.5,7.45,0.0,0.3,37.25,2.5
2.0,"2019-08-07 00:29:12.000000","2019-08-07 00:52:33.000000",2.0,6.31,1.0,N,234.0,42.0,2.0,21.0,0.5,0.5,0.0,0.0,0.3,24.8,2.5
2.0,"2019-08-07 01:54:32.000000","2019-08-07 02:12:58.000000",2.0,6.41,1.0,N,234.0,42.0,1.0,21.0,0.5,0.5,2.0,0.0,0.3,26.8,2.5
1.0,"2019-08-07 14:29:45.000000","2019-08-07 15:27:17.000000",1.0,0.0,1.0,N,234.0,42.0,1.0,26.2,0.0,0.5,0.0,0.0,0.3,27.0,0.0
1.0,"2019-08-07 16:37:11.000000","2019-08-07 17:21:47.000000",2.0,9.3,1.0,N,234.0,42.0,1.0,32.5,3.5,0.5,7.35,0.0,0.3,44.15,2.5
2.0,"2019-08-07 19:57:54.000000","2019-08-07 20:40:13.000000",4.0,8.87,1.0,N,234.0,42.0,1.0,31.5,1.0,0.5,8.95,0.0,0.3,44.75,2.5
1.0,"2019-08-07 20:46:50.000000","2019-08-07 21:16:15.000000",1.0,7.8,1.0,N,234.0,42.0,1.0,26.0,3.0,0.5,3.0,0.0,0.3,32.8,2.5
2.0,"2019-08-07 21:17:17.000000","2019-08-07 21:46:45.000000",1.0,6.74,1.0,N,234.0,42.0,2.0,24.0,0.5,0.5,0.0,0.0,0.3,27.8,2.5
2.0,"2019-08-07 23:29:34.000000","2019-08-07 23:53:22.000000",1.0,8.03,1.0,N,234.0,42.0,1.0,26.5,0.5,0.5,7.58,0.0,0.3,37.88,2.5
2.0,"2019-08-07 23:29:17.000000","2019-08-07 23:51:51.000000",1.0,5.68,1.0,N,234.0,42.0,1.0,20.5,0.5,0.5,4.86,0.0,0.3,29.16,2.5
2.0,"2019-08-08 00:52:45.000000","2019-08-08 01:19:06.000000",1.0,5.73,1.0,N,234.0,42.0,2.0,22.0,0.5,0.5,0.0,0.0,0.3,25.8,2.5
1.0,"2019-08-08 12:51:55.000000","2019-08-08 13:13:00.000000",1.0,0.0,1.0,N,234.0,42.0,1.0,24.2,0.0,0.5,0.0,0.0,0.3,25.0,0.0
2.0,"2019-08-08 15:58:12.000000","2019-08-08 16:45:59.000000",4.0,6.17,1.0,N,234.0,42.0,1.0,31.5,0.0,0.5,6.96,0.0,0.3,41.76,2.5
1.0,"2019-08-08 16:25:40.000000","2019-08-08 16:59:13.000000",2.0,6.2,1.0,N,234.0,42.0,2.0,24.5,3.5,0.5,0.0,0.0,0.3,28.8,2.5
2.0,"2019-08-08 20:37:27.000000","2019-08-08 21:14:35.000000",1.0,8.75,1.0,N,234.0,42.0,2.0,31.0,0.5,0.5,0.0,0.0,0.3,34.8,2.5
1.0,"2019-08-08 20:52:43.000000","2019-08-08 21:29:47.000000",0.0,6.5,1.0,N,234.0,42.0,1.0,27.0,3.0,0.5,4.0,0.0,0.3,34.8,2.5
2.0,"2019-08-08 20:15:00.000000","2019-08-08 20:50:01.000000",1.0,7.77,1.0,N,234.0,42.0,1.0,29.0,0.5,0.5,6.56,0.0,0.3,39.36,2.5
1.0,"2019-08-08 21:45:03.000000","2019-08-08 22:14:16.000000",1.0,8.7,1.0,N,234.0,42.0,2.0,28.5,3.0,0.5,0.0,0.0,0.3,32.3,2.5
1.0,"2019-08-08 21:51:01.000000","2019-08-08 22:19:35.000000",1.0,6.6,1.0,N,234.0,42.0,1.0,23.0,3.0,0.5,3.0,0.0,0.3,29.8,2.5
1.0,"2019-08-08 22:57:42.000000","2019-08-08 23:27:13.000000",2.0,6.5,1.0,N,234.0,42.0,2.0,24.0,3.0,0.5,0.0,0.0,0.3,27.8,2.5
2.0,"2019-08-08 22:58:59.000000","2019-08-08 23:21:58.000000",1.0,5.86,1.0,N,234.0,42.0,1.0,20.5,0.5,0.5,4.86,0.0,0.3,29.16,2.5
2.0,"2019-08-09 00:41:36.000000","2019-08-09 01:00:09.000000",1.0,7.66,1.0,N,234.0,42.0,1.0,23.5,0.5,0.5,5.46,0.0,0.3,32.76,2.5
2.0,"2019-08-09 03:41:49.000000","2019-08-09 04:01:20.000000",1.0,6.75,1.0,N,234.0,42.0,1.0,21.0,0.5,0.5,2.0,0.0,0.3,26.8,2.5
2.0,"2019-08-09 04:32:26.000000","2019-08-09 04:55:43.000000",2.0,8.81,1.0,N,234.0,42.0,2.0,27.5,0.5,0.5,0.0,0.0,0.3,31.3,2.5
2.0,"2019-08-09 13:51:48.000000","2019-08-09 14:34:48.000000",3.0,8.41,1.0,N,234.0,42.0,2.0,31.5,0.0,0.5,0.0,0.0,0.3,34.8,2.5
1.0,"2019-08-09 13:47:04.000000","2019-08-09 14:32:17.000000",1.0,7.0,1.0,N,234.0,42.0,1.0,30.5,2.5,0.5,3.0,0.0,0.3,36.8,2.5
2.0,"2019-08-09 15:17:12.000000","2019-08-09 15:57:14.000000",5.0,7.17,1.0,N,234.0,42.0,1.0,27.5,0.0,0.5,6.16,0.0,0.3,38.91,2.5
2.0,"2019-08-09 18:36:43.000000","2019-08-09 19:01:10.000000",6.0,7.24,1.0,N,234.0,42.0,2.0,24.5,1.0,0.5,0.0,0.0,0.3,28.8,2.5
1.0,"2019-08-09 18:40:48.000000","2019-08-09 19:15:06.000000",1.0,5.6,1.0,N,234.0,42.0,1.0,24.5,3.5,0.5,5.75,0.0,0.3,34.55,2.5
1.0,"2019-08-09 18:03:20.000000","2019-08-09 18:35:32.000000",1.0,7.5,1.0,N,234.0,42.0,1.0,26.5,3.5,0.5,6.15,0.0,0.3,36.95,2.5
1.0,"2019-08-09 18:58:00.000000","2019-08-09 19:32:55.000000",1.0,6.7,1.0,Y,234.0,42.0,1.0,26.5,3.5,0.5,6.15,0.0,0.3,36.95,2.5
2.0,"2019-08-09 18:52:03.000000","2019-08-09 19:24:21.000000",2.0,7.39,1.0,N,234.0,42.0,1.0,27.5,1.0,0.5,0.0,0.0,0.3,31.8,2.5
1.0,"2019-08-09 18:45:42.000000","2019-08-09 19:23:42.000000",1.0,6.3,1.0,N,234.0,42.0,1.0,27.0,3.5,0.5,1.0,0.0,0.3,32.3,2.5
2.0,"2019-08-09 22:37:11.000000","2019-08-09 23:01:59.000000",1.0,8.08,1.0,N,234.0,42.0,2.0,26.0,0.5,0.5,0.0,0.0,0.3,29.8,2.5
2.0,"2019-08-09 21:53:51.000000","2019-08-09 22:16:25.000000",1.0,5.05,1.0,N,234.0,42.0,2.0,18.5,0.5,0.5,0.0,0.0,0.3,22.3,2.5
1.0,"2019-08-09 22:13:42.000000","2019-08-09 22:45:14.000000",1.0,8.4,1.0,N,234.0,42.0,1.0,30.0,3.0,0.5,6.75,0.0,0.3,40.55,2.5
2.0,"2019-08-09 23:34:51.000000","2019-08-09 23:53:14.000000",1.0,6.12,1.0,N,234.0,42.0,1.0,19.0,0.5,0.5,5.7,0.0,0.3,28.5,2.5
2.0,"2019-08-10 00:31:12.000000","2019-08-10 00:56:42.000000",3.0,9.94,1.0,N,234.0,42.0,1.0,30.0,0.5,0.5,6.76,0.0,0.3,40.56,2.5
2.0,"2019-08-10 00:20:03.000000","2019-08-10 00:41:37.000000",2.0,7.85,1.0,N,234.0,42.0,1.0,25.0,0.5,0.5,7.2,0.0,0.3,36.0,2.5
2.0,"2019-08-10 01:25:30.000000","2019-08-10 01:42:25.000000",1.0,6.16,1.0,N,234.0,42.0,2.0,18.5,0.5,0.5,0.0,0.0,0.3,22.3,2.5
2.0,"2019-08-10 01:07:55.000000","2019-08-10 01:39:06.000000",1.0,6.57,1.0,N,234.0,42.0,1.0,25.0,0.5,0.5,5.0,0.0,0.3,33.8,2.5
1.0,"2019-08-10 02:13:26.000000","2019-08-10 02:30:56.000000",1.0,6.5,1.0,N,234.0,42.0,2.0,19.5,3.0,0.5,0.0,0.0,0.3,23.3,2.5
2.0,"2019-08-10 02:29:43.000000","2019-08-10 02:46:04.000000",2.0,5.72,1.0,N,234.0,42.0,1.0,17.5,0.5,0.5,1.7,0.0,0.3,23.0,2.5
2.0,"2019-08-10 11:46:11.000000","2019-08-10 12:18:01.000000",6.0,8.25,1.0,N,234.0,42.0,1.0,29.5,0.0,0.5,6.56,0.0,0.3,39.36,2.5
1.0,"2019-08-10 13:17:36.000000","2019-08-10 13:42:42.000000",1.0,7.0,1.0,N,234.0,42.0,1.0,24.5,2.5,0.5,3.34,0.0,0.3,31.14,2.5
2.0,"2019-08-10 14:28:05.000000","2019-08-10 14:56:59.000000",4.0,6.1,1.0,N,234.0,42.0,1.0,23.0,0.0,0.5,0.0,0.0,0.3,26.3,2.5
1.0,"2019-08-10 14:02:27.000000","2019-08-10 14:30:42.000000",1.0,5.9,1.0,N,234.0,42.0,1.0,22.0,2.5,0.5,1.0,0.0,0.3,26.3,2.5
1.0,"2019-08-10 17:45:37.000000","2019-08-10 18:12:00.000000",1.0,6.2,1.0,N,234.0,42.0,1.0,22.0,2.5,0.5,5.0,0.0,0.3,30.3,2.5
2.0,"2019-08-10 17:54:38.000000","2019-08-10 18:22:43.000000",1.0,8.2,1.0,N,234.0,42.0,1.0,28.0,0.0,0.5,6.26,0.0,0.3,39.51,2.5
2.0,"2019-08-10 19:38:59.000000","2019-08-10 20:05:13.000000",1.0,5.79,1.0,N,234.0,42.0,1.0,22.0,0.0,0.5,10.0,0.0,0.3,35.3,2.5
2.0,"2019-08-10 22:17:31.000000","2019-08-10 22:52:47.000000",2.0,7.65,1.0,N,234.0,42.0,1.0,27.0,0.5,0.5,9.24,0.0,0.3,40.04,2.5
2.0,"2019-08-10 22:20:28.000000","2019-08-10 22:45:46.000000",5.0,5.3,1.0,N,234.0,42.0,1.0,20.5,0.5,0.5,4.86,0.0,0.3,29.16,2.5
2.0,"2019-08-10 22:31:02.000000","2019-08-10 23:00:05.000000",1.0,6.65,1.0,N,234.0,42.0,2.0,24.0,0.5,0.5,0.0,0.0,0.3,27.8,2.5
2.0,"2019-08-10 23:48:47.000000","2019-08-11 00:11:56.000000",1.0,6.64,1.0,N,234.0,42.0,1.0,21.5,0.5,0.5,5.0,0.0,0.3,30.3,2.5
1.0,"2019-08-10 23:41:16.000000","2019-08-11 00:07:14.000000",1.0,6.2,1.0,N,234.0,42.0,2.0,21.5,3.0,0.5,0.0,0.0,0.3,25.3,2.5
1.0,"2019-08-11 01:37:16.000000","2019-08-11 01:52:28.000000",2.0,5.5,1.0,N,234.0,42.0,1.0,17.0,3.0,0.5,4.15,0.0,0.3,24.95,2.5
1.0,"2019-08-11 01:17:52.000000","2019-08-11 01:37:59.000000",1.0,6.4,1.0,N,234.0,42.0,2.0,20.0,3.0,0.5,0.0,0.0,0.3,23.8,2.5
1.0,"2019-08-11 02:53:22.000000","2019-08-11 03:21:46.000000",2.0,7.2,1.0,N,234.0,42.0,2.0,25.5,3.0,0.5,0.0,0.0,0.3,29.3,2.5
1.0,"2019-08-11 03:58:31.000000","2019-08-11 04:26:12.000000",2.0,6.6,1.0,N,234.0,42.0,2.0,24.0,3.0,0.5,0.0,0.0,0.3,27.8,2.5
1.0,"2019-08-11 04:45:57.000000","2019-08-11 05:09:11.000000",2.0,6.8,1.0,N,234.0,42.0,1.0,22.5,3.0,0.5,5.25,0.0,0.3,31.55,2.5
2.0,"2019-08-11 04:02:25.000000","2019-08-11 04:17:41.000000",1.0,6.09,1.0,N,234.0,42.0,2.0,18.0,0.5,0.5,0.0,0.0,0.3,21.8,2.5
1.0,"2019-08-11 04:21:49.000000","2019-08-11 04:39:07.000000",1.0,7.7,1.0,N,234.0,42.0,1.0,23.5,3.0,0.5,0.0,0.0,0.3,27.3,2.5
2.0,"2019-08-11 05:08:29.000000","2019-08-11 05:26:23.000000",1.0,7.95,1.0,N,234.0,42.0,1.0,24.5,0.5,0.5,5.66,0.0,0.3,33.96,2.5
2.0,"2019-08-11 11:05:07.000000","2019-08-11 11:31:58.000000",1.0,6.81,1.0,N,234.0,42.0,2.0,23.5,0.0,0.5,0.0,0.0,0.3,26.8,2.5
1.0,"2019-08-11 14:29:57.000000","2019-08-11 14:59:45.000000",1.0,5.7,1.0,N,234.0,42.0,1.0,24.0,2.5,0.5,5.45,0.0,0.3,32.75,2.5
2.0,"2019-08-11 15:01:51.000000","2019-08-11 15:34:51.000000",1.0,6.18,1.0,N,234.0,42.0,1.0,24.0,0.0,0.5,5.46,0.0,0.3,32.76,2.5
2.0,"2019-08-11 18:52:02.000000","2019-08-11 19:19:35.000000",1.0,7.92,1.0,N,234.0,42.0,2.0,26.5,0.0,0.5,0.0,0.0,0.3,29.8,2.5
2.0,"2019-08-11 22:38:37.000000","2019-08-11 23:05:51.000000",1.0,7.75,1.0,N,234.0,42.0,1.0,26.5,0.5,0.5,0.0,0.0,0.3,30.3,2.5
2.0,"2019-08-11 22:02:35.000000","2019-08-11 22:20:34.000000",1.0,5.72,1.0,N,234.0,42.0,1.0,18.5,0.5,0.5,3.3,0.0,0.3,25.6,2.5
1.0,"2019-08-12 15:34:04.000000","2019-08-12 16:12:13.000000",1.0,0.0,1.0,N,234.0,42.0,1.0,24.2,0.0,0.5,0.0,0.0,0.3,25.0,0.0
2.0,"2019-08-12 15:06:43.000000","2019-08-12 15:43:43.000000",1.0,7.56,1.0,N,234.0,42.0,1.0,29.0,0.0,0.5,3.0,0.0,0.3,35.3,2.5
1.0,"2019-08-12 18:30:48.000000","2019-08-12 19:00:57.000000",1.0,6.1,1.0,Y,234.0,42.0,1.0,23.5,3.5,0.5,4.0,0.0,0.3,31.8,2.5
2.0,"2019-08-12 20:09:05.000000","2019-08-12 20:41:35.000000",2.0,7.49,1.0,N,234.0,42.0,1.0,27.0,0.5,0.5,7.7,0.0,0.3,38.5,2.5
1.0,"2019-08-12 20:59:24.000000","2019-08-12 21:31:34.000000",2.0,9.1,1.0,N,234.0,42.0,1.0,31.5,3.0,0.5,2.0,0.0,0.3,37.3,2.5
1.0,"2019-08-12 23:18:17.000000","2019-08-12 23:35:02.000000",1.0,7.0,1.0,Y,234.0,42.0,1.0,21.5,3.0,0.5,5.05,0.0,0.3,30.35,2.5
1.0,"2019-08-12 23:07:06.000000","2019-08-12 23:27:52.000000",1.0,5.9,1.0,N,234.0,42.0,1.0,19.5,3.0,0.5,3.5,0.0,0.3,26.8,2.5
1.0,"2019-08-13 06:58:12.000000","2019-08-13 07:19:03.000000",0.0,6.3,1.0,N,234.0,42.0,1.0,20.5,2.5,0.5,3.57,0.0,0.3,27.37,2.5
1.0,"2019-08-13 10:18:57.000000","2019-08-13 10:52:40.000000",1.0,0.0,1.0,N,234.0,42.0,1.0,26.2,0.0,0.5,0.0,0.0,0.3,27.0,0.0
2.0,"2019-08-13 13:45:33.000000","2019-08-13 14:14:33.000000",1.0,8.06,1.0,N,234.0,42.0,1.0,27.5,0.0,0.5,4.8,0.0,0.3,35.6,2.5
2.0,"2019-08-13 15:14:54.000000","2019-08-13 15:43:30.000000",1.0,8.49,1.0,N,234.0,42.0,1.0,27.5,0.0,0.5,6.16,0.0,0.3,36.96,2.5
1.0,"2019-08-13 19:23:28.000000","2019-08-13 20:01:15.000000",1.0,0.0,1.0,N,234.0,42.0,1.0,26.2,0.0,0.5,0.0,0.0,0.3,27.0,0.0
1.0,"2019-08-13 19:31:52.000000","2019-08-13 20:05:32.000000",1.0,6.9,1.0,N,234.0,42.0,1.0,27.0,3.5,0.5,6.25,0.0,0.3,37.55,2.5
2.0,"2019-08-13 21:34:15.000000","2019-08-13 21:55:46.000000",1.0,7.49,1.0,N,234.0,42.0,1.0,24.5,0.5,0.5,7.08,0.0,0.3,35.38,2.5
2.0,"2019-08-13 22:16:28.000000","2019-08-13 22:38:39.000000",5.0,5.62,1.0,N,234.0,42.0,1.0,20.5,0.5,0.5,2.5,0.0,0.3,26.8,2.5
2.0,"2019-08-13 22:08:02.000000","2019-08-13 22:39:46.000000",1.0,8.07,1.0,N,234.0,42.0,1.0,29.0,0.5,0.5,3.0,0.0,0.3,35.8,2.5
2.0,"2019-08-14 00:07:24.000000","2019-08-14 00:27:59.000000",1.0,6.06,1.0,N,234.0,42.0,1.0,20.0,0.5,0.5,5.95,0.0,0.3,29.75,2.5
2.0,"2019-08-14 00:30:22.000000","2019-08-14 00:47:19.000000",3.0,6.15,1.0,N,234.0,42.0,1.0,18.5,0.5,0.5,0.0,0.0,0.3,22.3,2.5
1.0,"2019-08-14 00:44:07.000000","2019-08-14 01:01:28.000000",1.0,6.4,1.0,N,234.0,42.0,2.0,19.0,3.0,0.5,0.0,0.0,0.3,22.8,2.5
1.0,"2019-08-14 00:06:00.000000","2019-08-14 00:24:54.000000",1.0,6.7,1.0,Y,234.0,42.0,1.0,20.5,3.0,0.5,4.85,0.0,0.3,29.15,2.5
2.0,"2019-08-14 02:33:02.000000","2019-08-14 02:50:45.000000",3.0,6.28,1.0,N,234.0,42.0,2.0,19.0,0.5,0.5,0.0,0.0,0.3,22.8,2.5
1.0,"2019-08-14 07:10:28.000000","2019-08-14 07:34:08.000000",1.0,8.1,1.0,N,234.0,42.0,1.0,27.0,2.5,0.5,6.05,0.0,0.3,36.35,2.5
2.0,"2019-08-14 09:35:05.000000","2019-08-14 10:03:27.000000",5.0,7.48,1.0,N,234.0,42.0,1.0,27.0,0.0,0.5,3.5,0.0,0.3,33.8,2.5
2.0,"2019-08-14 16:18:32.000000","2019-08-14 16:57:35.000000",1.0,8.15,1.0,N,234.0,42.0,1.0,30.0,1.0,0.5,0.0,0.0,0.3,34.3,2.5
2.0,"2019-08-14 19:25:40.000000","2019-08-14 20:06:07.000000",1.0,6.93,1.0,N,234.0,42.0,1.0,29.0,1.0,0.5,4.0,0.0,0.3,37.3,2.5
2.0,"2019-08-14 20:41:09.000000","2019-08-14 21:07:32.000000",1.0,7.53,1.0,N,234.0,42.0,2.0,25.0,0.5,0.5,0.0,0.0,0.3,28.8,2.5
1.0,"2019-08-14 22:29:33.000000","2019-08-14 22:55:45.000000",1.0,8.2,1.0,N,234.0,42.0,1.0,27.0,3.0,0.5,4.62,0.0,0.3,35.42,2.5
2.0,"2019-08-14 22:50:37.000000","2019-08-14 23:12:37.000000",1.0,6.11,1.0,N,234.0,42.0,2.0,20.0,0.5,0.5,0.0,0.0,0.3,23.8,2.5
1.0,"2019-08-15 00:29:36.000000","2019-08-15 00:47:34.000000",1.0,7.9,1.0,N,234.0,42.0,1.0,24.0,3.0,0.5,5.55,0.0,0.3,33.35,2.5
2.0,"2019-08-15 00:41:16.000000","2019-08-15 01:00:26.000000",1.0,6.36,1.0,N,234.0,42.0,1.0,20.0,0.5,0.5,4.76,0.0,0.3,28.56,2.5
1.0,"2019-08-15 01:30:41.000000","2019-08-15 01:45:39.000000",1.0,7.0,1.0,N,234.0,42.0,1.0,21.5,3.0,0.5,5.05,0.0,0.3,30.35,2.5
2.0,"2019-08-15 14:26:31.000000","2019-08-15 14:55:45.000000",1.0,7.98,1.0,N,234.0,42.0,2.0,27.0,0.0,0.5,0.0,0.0,0.3,30.3,2.5
1.0,"2019-08-15 15:00:18.000000","2019-08-15 15:50:53.000000",1.0,8.8,1.0,N,234.0,42.0,2.0,34.5,2.5,0.5,0.0,0.0,0.3,37.8,2.5
2.0,"2019-08-15 17:52:16.000000","2019-08-15 18:26:30.000000",1.0,5.14,1.0,N,234.0,42.0,1.0,23.5,1.0,0.5,5.56,0.0,0.3,33.36,2.5
1.0,"2019-08-15 19:08:34.000000","2019-08-15 19:34:37.000000",1.0,8.1,1.0,N,234.0,42.0,1.0,25.5,3.5,0.5,2.0,0.0,0.3,31.8,2.5
2.0,"2019-08-15 20:00:15.000000","2019-08-15 20:30:41.000000",3.0,5.93,1.0,N,234.0,42.0,1.0,24.0,0.5,0.5,5.56,0.0,0.3,33.36,2.5
1.0,"2019-08-15 20:10:40.000000","2019-08-15 20:45:40.000000",1.0,6.6,1.0,N,234.0,42.0,1.0,26.0,3.0,0.5,1.0,0.0,0.3,30.8,2.5
1.0,"2019-08-15 20:56:26.000000","2019-08-15 21:22:25.000000",1.0,5.7,1.0,N,234.0,42.0,1.0,21.0,3.0,0.5,4.95,0.0,0.3,29.75,2.5
2.0,"2019-08-15 22:50:42.000000","2019-08-15 23:08:51.000000",1.0,5.74,1.0,N,234.0,42.0,1.0,18.5,0.5,0.5,4.46,0.0,0.3,26.76,2.5
2.0,"2019-08-16 00:12:45.000000","2019-08-16 00:33:58.000000",3.0,8.46,1.0,N,234.0,42.0,2.0,25.5,0.5,0.5,0.0,0.0,0.3,29.3,2.5
1.0,"2019-08-16 14:17:33.000000","2019-08-16 14:59:02.000000",2.0,8.3,1.0,N,234.0,42.0,2.0,32.0,2.5,0.5,0.0,0.0,0.3,35.3,2.5
2.0,"2019-08-16 17:47:08.000000","2019-08-16 18:21:33.000000",1.0,7.65,1.0,N,234.0,42.0,1.0,26.0,1.0,0.5,6.06,0.0,0.3,36.36,2.5
1.0,"2019-08-16 17:23:25.000000","2019-08-16 17:56:23.000000",1.0,6.3,1.0,N,234.0,42.0,1.0,25.0,3.5,0.5,5.85,0.0,0.3,35.15,2.5
2.0,"2019-08-16 18:34:07.000000","2019-08-16 18:56:39.000000",3.0,7.5,1.0,N,234.0,42.0,1.0,25.0,1.0,0.5,5.86,0.0,0.3,35.16,2.5
2.0,"2019-08-16 19:52:41.000000","2019-08-16 20:16:25.000000",1.0,8.75,1.0,N,234.0,42.0,1.0,28.5,1.0,0.5,6.56,0.0,0.3,39.36,2.5
2.0,"2019-08-16 19:54:07.000000","2019-08-16 20:35:01.000000",1.0,6.94,1.0,N,234.0,42.0,1.0,28.5,1.0,0.5,3.0,0.0,0.3,35.8,2.5
2.0,"2019-08-16 22:31:45.000000","2019-08-16 23:11:01.000000",1.0,7.04,1.0,N,234.0,42.0,1.0,29.0,0.5,0.5,8.2,0.0,0.3,41.0,2.5
2.0,"2019-08-16 22:38:31.000000","2019-08-16 23:08:09.000000",2.0,5.98,1.0,N,234.0,42.0,1.0,23.0,0.5,0.5,4.02,0.0,0.3,30.82,2.5
2.0,"2019-08-16 22:58:48.000000","2019-08-16 23:17:31.000000",1.0,5.98,1.0,N,234.0,42.0,1.0,19.5,0.5,0.5,4.66,0.0,0.3,27.96,2.5
1.0,"2019-08-16 23:27:49.000000","2019-08-16 23:59:49.000000",1.0,9.7,1.0,N,234.0,42.0,1.0,31.0,3.0,0.5,1.2,0.0,0.3,36.0,2.5
2.0,"2019-08-16 23:14:56.000000","2019-08-16 23:44:21.000000",1.0,7.61,1.0,N,234.0,42.0,1.0,26.5,0.5,0.5,6.06,0.0,0.3,36.36,2.5
2.0,"2019-08-17 00:14:35.000000","2019-08-17 00:45:41.000000",1.0,6.77,1.0,N,234.0,42.0,2.0,26.0,0.5,0.5,0.0,0.0,0.3,29.8,2.5
2.0,"2019-08-17 00:22:13.000000","2019-08-17 00:51:43.000000",1.0,5.48,1.0,N,234.0,42.0,1.0,23.5,0.5,0.5,5.46,0.0,0.3,32.76,2.5
2.0,"2019-08-17 01:58:10.000000","2019-08-17 02:25:05.000000",1.0,6.64,1.0,N,234.0,42.0,1.0,24.0,0.5,0.5,5.56,0.0,0.3,33.36,2.5
2.0,"2019-08-17 01:47:56.000000","2019-08-17 02:02:22.000000",1.0,6.15,1.0,N,234.0,42.0,2.0,18.0,0.5,0.5,0.0,0.0,0.3,21.8,2.5
2.0,"2019-08-17 02:04:05.000000","2019-08-17 02:25:16.000000",1.0,6.86,1.0,N,234.0,42.0,2.0,21.0,0.5,0.5,0.0,0.0,0.3,24.8,2.5
2.0,"2019-08-17 04:43:45.000000","2019-08-17 05:10:39.000000",1.0,6.98,1.0,N,234.0,42.0,2.0,24.5,0.5,0.5,0.0,0.0,0.3,28.3,2.5
2.0,"2019-08-17 10:26:12.000000","2019-08-17 11:04:15.000000",1.0,6.57,1.0,N,234.0,42.0,1.0,27.5,0.0,0.5,2.0,0.0,0.3,32.8,2.5
2.0,"2019-08-17 13:33:43.000000","2019-08-17 14:10:08.000000",1.0,8.29,1.0,N,234.0,42.0,1.0,29.5,0.0,0.5,9.84,0.0,0.3,42.64,2.5
1.0,"2019-08-17 16:32:13.000000","2019-08-17 17:00:54.000000",1.0,8.3,1.0,N,234.0,42.0,1.0,27.5,2.5,0.5,2.8,0.0,0.3,33.6,2.5
2.0,"2019-08-17 18:40:27.000000","2019-08-17 19:02:48.000000",5.0,7.68,1.0,N,234.0,42.0,1.0,25.0,0.0,0.5,5.66,0.0,0.3,33.96,2.5
2.0,"2019-08-17 20:32:57.000000","2019-08-17 20:59:26.000000",1.0,7.55,1.0,N,234.0,42.0,1.0,26.0,0.5,0.5,4.47,0.0,0.3,34.27,2.5
1.0,"2019-08-17 21:22:01.000000","2019-08-17 21:50:21.000000",1.0,8.1,1.0,N,234.0,42.0,1.0,27.5,3.0,0.5,3.13,0.0,0.3,34.43,2.5
2.0,"2019-08-17 23:09:12.000000","2019-08-17 23:42:26.000000",2.0,8.45,1.0,N,234.0,42.0,1.0,30.0,0.5,0.5,6.76,0.0,0.3,40.56,2.5
2.0,"2019-08-17 23:21:34.000000","2019-08-17 23:45:28.000000",1.0,7.52,1.0,N,234.0,42.0,1.0,24.0,0.5,0.5,5.56,0.0,0.3,33.36,2.5
2.0,"2019-08-18 00:18:38.000000","2019-08-18 00:46:21.000000",1.0,5.71,1.0,N,234.0,42.0,1.0,22.5,0.5,0.5,5.26,0.0,0.3,31.56,2.5
2.0,"2019-08-18 00:59:52.000000","2019-08-18 01:24:05.000000",2.0,5.71,1.0,N,234.0,42.0,1.0,21.0,0.5,0.5,4.96,0.0,0.3,29.76,2.5
2.0,"2019-08-18 02:42:35.000000","2019-08-18 03:01:29.000000",1.0,8.04,1.0,N,234.0,42.0,1.0,24.5,0.5,0.5,2.0,0.0,0.3,30.3,2.5
1.0,"2019-08-18 03:08:49.000000","2019-08-18 03:39:32.000000",0.0,6.6,1.0,N,234.0,42.0,1.0,25.5,3.0,0.5,7.3,0.0,0.3,36.6,2.5
1.0,"2019-08-18 10:21:12.000000","2019-08-18 10:48:57.000000",1.0,7.1,1.0,N,234.0,42.0,2.0,25.5,2.5,0.5,0.0,0.0,0.3,28.8,2.5
2.0,"2019-08-18 14:08:27.000000","2019-08-18 14:48:45.000000",1.0,6.73,1.0,N,234.0,42.0,2.0,28.5,0.0,0.5,0.0,0.0,0.3,31.8,2.5
1.0,"2019-08-18 18:26:43.000000","2019-08-18 19:01:48.000000",2.0,6.7,1.0,N,234.0,42.0,1.0,27.0,2.5,0.5,1.7,0.0,0.3,32.0,2.5
2.0,"2019-08-18 20:16:36.000000","2019-08-18 20:50:37.000000",6.0,8.47,1.0,N,234.0,42.0,1.0,31.0,0.5,0.5,6.96,0.0,0.3,41.76,2.5
1.0,"2019-08-18 22:09:05.000000","2019-08-18 22:26:17.000000",3.0,5.2,1.0,N,234.0,42.0,1.0,17.0,3.0,0.5,4.15,0.0,0.3,24.95,2.5
1.0,"2019-08-19 01:50:56.000000","2019-08-19 02:15:08.000000",1.0,6.9,1.0,N,234.0,42.0,1.0,23.5,3.0,0.5,3.0,0.0,0.3,30.3,2.5
2.0,"2019-08-19 14:35:53.000000","2019-08-19 15:16:13.000000",2.0,9.26,1.0,N,234.0,42.0,2.0,34.5,0.0,0.5,0.0,0.0,0.3,37.8,2.5
2.0,"2019-08-19 18:52:40.000000","2019-08-19 19:16:07.000000",1.0,8.3,1.0,N,234.0,42.0,2.0,26.5,1.0,0.5,0.0,0.0,0.3,30.8,2.5
2.0,"2019-08-19 20:39:57.000000","2019-08-19 21:04:43.000000",1.0,8.08,1.0,N,234.0,42.0,1.0,26.5,0.5,0.5,2.0,0.0,0.3,32.3,2.5
1.0,"2019-08-19 22:49:42.000000","2019-08-19 23:12:45.000000",1.0,5.8,1.0,N,234.0,42.0,1.0,20.5,3.0,0.5,3.65,0.0,0.3,27.95,2.5
2.0,"2019-08-19 22:03:57.000000","2019-08-19 22:23:48.000000",1.0,7.25,1.0,N,234.0,42.0,1.0,23.0,0.5,0.5,5.36,0.0,0.3,32.16,2.5
2.0,"2019-08-19 23:06:02.000000","2019-08-19 23:30:56.000000",4.0,5.91,1.0,N,234.0,42.0,2.0,21.0,0.5,0.5,0.0,0.0,0.3,24.8,2.5
1.0,"2019-08-19 23:04:16.000000","2019-08-19 23:22:56.000000",1.0,5.7,1.0,N,234.0,42.0,1.0,18.5,3.0,0.5,3.2,0.0,0.3,25.5,2.5
2.0,"2019-08-20 01:30:02.000000","2019-08-20 01:48:36.000000",1.0,7.45,1.0,N,234.0,42.0,1.0,23.0,0.5,0.5,5.36,0.0,0.3,32.16,2.5
1.0,"2019-08-20 12:41:22.000000","2019-08-20 13:04:03.000000",1.0,0.0,1.0,N,234.0,42.0,1.0,24.2,0.0,0.5,0.0,0.0,0.3,25.0,0.0
1.0,"2019-08-20 15:14:47.000000","2019-08-20 15:50:26.000000",2.0,5.3,1.0,N,234.0,42.0,1.0,25.0,2.5,0.5,2.0,0.0,0.3,30.3,2.5
2.0,"2019-08-20 15:26:32.000000","2019-08-20 16:13:14.000000",1.0,5.93,1.0,N,234.0,42.0,1.0,30.0,0.0,0.5,7.0,0.0,0.3,40.3,2.5
1.0,"2019-08-20 17:46:10.000000","2019-08-20 18:27:02.000000",1.0,0.0,1.0,N,234.0,42.0,1.0,28.2,0.0,0.5,0.0,0.0,0.3,29.0,0.0
2.0,"2019-08-20 18:34:47.000000","2019-08-20 19:08:33.000000",1.0,7.82,1.0,N,234.0,42.0,1.0,27.5,1.0,0.5,7.95,0.0,0.3,39.75,2.5
2.0,"2019-08-20 19:50:53.000000","2019-08-20 20:23:31.000000",1.0,6.58,1.0,N,234.0,42.0,1.0,25.5,1.0,0.5,3.0,0.0,0.3,32.8,2.5
2.0,"2019-08-20 21:59:24.000000","2019-08-20 22:22:35.000000",4.0,5.43,1.0,N,234.0,42.0,1.0,19.0,0.5,0.5,3.0,0.0,0.3,25.8,2.5
2.0,"2019-08-20 21:29:18.000000","2019-08-20 21:47:48.000000",6.0,5.5,1.0,N,234.0,42.0,1.0,18.0,0.5,0.5,3.0,0.0,0.3,24.8,2.5
1.0,"2019-08-20 21:32:17.000000","2019-08-20 21:58:09.000000",1.0,8.0,1.0,N,234.0,42.0,1.0,25.5,3.0,0.5,5.85,0.0,0.3,35.15,2.5
2.0,"2019-08-20 21:29:19.000000","2019-08-20 21:51:21.000000",4.0,5.63,1.0,N,234.0,42.0,1.0,19.5,0.5,0.5,3.0,0.0,0.3,26.3,2.5
1.0,"2019-08-20 22:08:17.000000","2019-08-20 22:25:54.000000",1.0,7.7,1.0,Y,234.0,42.0,2.0,23.0,3.0,0.5,0.0,0.0,0.3,26.8,2.5
1.0,"2019-08-20 22:39:55.000000","2019-08-20 23:02:13.000000",1.0,6.2,1.0,N,234.0,42.0,1.0,21.0,3.0,0.5,4.95,0.0,0.3,29.75,2.5
2.0,"2019-08-20 23:29:24.000000","2019-08-20 23:53:36.000000",5.0,7.59,1.0,N,234.0,42.0,1.0,24.5,0.5,0.5,5.66,0.0,0.3,33.96,2.5
2.0,"2019-08-21 00:48:49.000000","2019-08-21 01:07:14.000000",1.0,6.5,1.0,N,234.0,42.0,2.0,20.0,0.5,0.5,0.0,0.0,0.3,23.8,2.5
2.0,"2019-08-21 00:10:00.000000","2019-08-21 00:32:15.000000",6.0,6.84,1.0,N,234.0,42.0,1.0,21.5,0.5,0.5,5.06,0.0,0.3,30.36,2.5
1.0,"2019-08-21 00:02:09.000000","2019-08-21 00:22:01.000000",1.0,7.7,1.0,N,234.0,42.0,1.0,24.0,3.0,0.5,5.55,0.0,0.3,33.35,2.5
1.0,"2019-08-21 01:10:02.000000","2019-08-21 01:28:23.000000",2.0,8.5,1.0,Y,234.0,42.0,1.0,25.5,3.0,0.5,7.3,0.0,0.3,36.6,2.5
2.0,"2019-08-21 03:27:57.000000","2019-08-21 03:44:02.000000",1.0,9.41,1.0,N,234.0,42.0,2.0,27.0,0.5,0.5,0.0,0.0,0.3,30.8,2.5
2.0,"2019-08-21 03:10:52.000000","2019-08-21 03:37:37.000000",1.0,6.44,1.0,N,234.0,42.0,2.0,23.5,0.5,0.5,0.0,0.0,0.3,27.3,2.5
1.0,"2019-08-21 14:58:32.000000","2019-08-21 15:29:06.000000",2.0,7.7,1.0,N,234.0,42.0,1.0,27.5,2.5,0.5,6.15,0.0,0.3,36.95,2.5
1.0,"2019-08-21 16:14:57.000000","2019-08-21 16:54:10.000000",1.0,6.1,1.0,N,234.0,42.0,1.0,26.5,3.5,0.5,0.0,0.0,0.3,30.8,2.5
1.0,"2019-08-21 20:07:56.000000","2019-08-21 20:37:08.000000",1.0,5.8,1.0,N,234.0,42.0,1.0,23.0,3.0,0.5,8.0,0.0,0.3,34.8,2.5
2.0,"2019-08-21 20:09:41.000000","2019-08-21 20:36:30.000000",1.0,8.15,1.0,N,234.0,42.0,1.0,26.5,0.5,0.5,6.06,0.0,0.3,36.36,2.5
2.0,"2019-08-21 21:00:44.000000","2019-08-21 21:34:24.000000",1.0,6.17,1.0,N,234.0,42.0,1.0,24.5,0.5,0.5,4.24,0.0,0.3,32.54,2.5
1.0,"2019-08-21 21:53:17.000000","2019-08-21 22:21:44.000000",1.0,5.3,1.0,N,234.0,42.0,1.0,21.0,3.0,0.5,4.95,0.0,0.3,29.75,2.5
1.0,"2019-08-21 21:17:59.000000","2019-08-21 21:40:56.000000",1.0,7.6,1.0,N,234.0,42.0,1.0,24.5,3.0,0.5,5.65,0.0,0.3,33.95,2.5
1.0,"2019-08-21 22:47:53.000000","2019-08-21 23:12:21.000000",1.0,5.9,1.0,N,234.0,42.0,1.0,21.0,3.0,0.5,3.72,0.0,0.3,28.52,2.5
1.0,"2019-08-21 23:11:03.000000","2019-08-21 23:35:15.000000",1.0,8.2,1.0,N,234.0,42.0,1.0,27.0,3.0,0.5,6.15,0.0,0.3,36.95,2.5
1.0,"2019-08-22 13:43:02.000000","2019-08-22 14:23:04.000000",1.0,8.0,1.0,N,234.0,42.0,2.0,32.0,2.5,0.5,0.0,0.0,0.3,35.3,2.5
2.0,"2019-08-22 14:01:14.000000","2019-08-22 14:36:13.000000",6.0,7.6,1.0,N,234.0,42.0,1.0,27.0,0.0,0.5,6.06,0.0,0.3,36.36,2.5
2.0,"2019-08-22 17:19:55.000000","2019-08-22 18:06:39.000000",1.0,5.93,1.0,N,234.0,42.0,2.0,31.0,1.0,0.5,0.0,0.0,0.3,35.3,2.5
1.0,"2019-08-22 20:17:44.000000","2019-08-22 21:00:51.000000",1.0,8.0,1.0,Y,234.0,42.0,2.0,30.5,3.0,0.5,0.0,0.0,0.3,34.3,2.5
2.0,"2019-08-22 20:20:14.000000","2019-08-22 20:53:02.000000",1.0,6.41,1.0,N,234.0,42.0,1.0,25.5,0.5,0.5,2.2,0.0,0.3,31.5,2.5
2.0,"2019-08-22 22:43:07.000000","2019-08-22 23:08:51.000000",1.0,5.97,1.0,N,234.0,42.0,1.0,21.0,0.5,0.5,3.72,0.0,0.3,28.52,2.5
2.0,"2019-08-22 23:35:14.000000","2019-08-23 00:05:43.000000",1.0,8.19,1.0,N,234.0,42.0,1.0,29.0,0.5,0.5,8.2,0.0,0.3,41.0,2.5
2.0,"2019-08-22 23:37:15.000000","2019-08-22 23:54:27.000000",2.0,6.11,1.0,N,234.0,42.0,1.0,18.5,0.5,0.5,4.46,0.0,0.3,26.76,2.5
2.0,"2019-08-22 23:36:05.000000","2019-08-23 00:26:35.000000",1.0,15.73,1.0,N,234.0,42.0,1.0,47.5,0.5,0.5,9.23,0.0,0.3,60.53,2.5
1.0,"2019-08-23 00:42:53.000000","2019-08-23 01:09:04.000000",2.0,6.7,1.0,N,234.0,42.0,1.0,22.5,3.0,0.5,3.95,0.0,0.3,30.25,2.5
1.0,"2019-08-23 00:34:35.000000","2019-08-23 00:56:43.000000",1.0,6.5,1.0,N,234.0,42.0,1.0,20.5,3.0,0.5,4.85,0.0,0.3,29.15,2.5
1.0,"2019-08-23 14:44:15.000000","2019-08-23 15:24:15.000000",1.0,6.8,1.0,N,234.0,42.0,1.0,28.5,2.5,0.5,4.0,0.0,0.3,35.8,2.5
1.0,"2019-08-23 17:38:12.000000","2019-08-23 18:10:25.000000",1.0,7.6,1.0,N,234.0,42.0,1.0,26.0,3.5,0.5,6.05,0.0,0.3,36.35,2.5
1.0,"2019-08-23 18:05:09.000000","2019-08-23 18:38:22.000000",1.0,6.2,1.0,N,234.0,42.0,1.0,24.0,3.5,0.5,7.05,0.0,0.3,35.35,2.5
2.0,"2019-08-23 19:10:44.000000","2019-08-23 19:33:28.000000",1.0,9.05,1.0,N,234.0,42.0,1.0,28.0,1.0,0.5,1.5,0.0,0.3,33.8,2.5
1.0,"2019-08-23 22:14:07.000000","2019-08-23 22:41:21.000000",1.0,5.2,1.0,N,234.0,42.0,1.0,21.5,3.0,0.5,5.05,0.0,0.3,30.35,2.5
2.0,"2019-08-23 22:56:49.000000","2019-08-23 23:27:12.000000",2.0,8.67,1.0,N,234.0,42.0,1.0,29.5,0.5,0.5,6.66,0.0,0.3,39.96,2.5
1.0,"2019-08-23 23:43:36.000000","2019-08-24 00:10:31.000000",1.0,7.4,1.0,N,234.0,42.0,1.0,25.0,3.0,0.5,1.6,0.0,0.3,30.4,2.5
2.0,"2019-08-23 23:32:21.000000","2019-08-23 23:48:59.000000",6.0,5.18,1.0,N,234.0,42.0,1.0,17.0,0.5,0.5,4.16,0.0,0.3,24.96,2.5
2.0,"2019-08-23 23:03:07.000000","2019-08-23 23:46:00.000000",5.0,8.3,1.0,N,234.0,42.0,1.0,31.5,0.5,0.5,3.0,0.0,0.3,38.3,2.5
1.0,"2019-08-24 01:56:20.000000","2019-08-24 02:30:40.000000",2.0,9.1,1.0,N,234.0,42.0,1.0,32.0,3.0,0.5,7.15,0.0,0.3,42.95,2.5
2.0,"2019-08-24 01:46:02.000000","2019-08-24 02:04:37.000000",5.0,6.05,1.0,N,234.0,42.0,2.0,19.0,0.5,0.5,0.0,0.0,0.3,22.8,2.5
1.0,"2019-08-24 06:29:09.000000","2019-08-24 06:56:31.000000",1.0,8.1,1.0,N,234.0,42.0,2.0,27.0,2.5,0.5,0.0,0.0,0.3,30.3,2.5
1.0,"2019-08-24 10:02:20.000000","2019-08-24 10:31:22.000000",1.0,6.1,1.0,N,234.0,42.0,1.0,24.0,2.5,0.5,6.8,0.0,0.3,34.1,2.5
2.0,"2019-08-24 11:56:49.000000","2019-08-24 12:19:14.000000",1.0,8.23,1.0,N,234.0,42.0,1.0,26.0,0.0,0.5,5.86,0.0,0.3,35.16,2.5
2.0,"2019-08-24 13:41:02.000000","2019-08-24 14:09:45.000000",1.0,5.9,1.0,N,234.0,42.0,1.0,23.5,0.0,0.5,10.0,0.0,0.3,36.8,2.5
2.0,"2019-08-24 16:40:21.000000","2019-08-24 17:21:28.000000",1.0,8.1,1.0,N,234.0,42.0,1.0,32.0,0.0,0.5,0.0,0.0,0.3,35.3,2.5
1.0,"2019-08-24 21:41:12.000000","2019-08-24 22:02:09.000000",2.0,5.6,1.0,N,234.0,42.0,1.0,19.0,3.0,0.5,4.55,0.0,0.3,27.35,2.5
2.0,"2019-08-24 22:37:54.000000","2019-08-24 22:57:41.000000",1.0,5.64,1.0,N,234.0,42.0,2.0,18.5,0.5,0.5,0.0,0.0,0.3,22.3,2.5
1.0,"2019-08-24 23:14:40.000000","2019-08-24 23:41:35.000000",0.0,7.7,1.0,N,234.0,42.0,2.0,26.0,3.0,0.5,0.0,0.0,0.3,29.8,2.5
1.0,"2019-08-25 00:58:42.000000","2019-08-25 01:34:00.000000",1.0,8.0,1.0,N,234.0,42.0,4.0,29.0,3.0,0.5,0.0,0.0,0.3,32.8,2.5
2.0,"2019-08-25 01:17:46.000000","2019-08-25 01:40:16.000000",2.0,7.84,1.0,N,234.0,42.0,1.0,24.5,0.5,0.5,5.66,0.0,0.3,33.96,2.5
2.0,"2019-08-25 01:39:35.000000","2019-08-25 01:57:33.000000",1.0,7.42,1.0,N,234.0,42.0,1.0,23.0,0.5,0.5,1.0,0.0,0.3,27.8,2.5
1.0,"2019-08-25 01:47:06.000000","2019-08-25 02:16:20.000000",1.0,7.8,1.0,N,234.0,42.0,1.0,25.5,3.0,0.5,5.85,0.0,0.3,35.15,2.5
1.0,"2019-08-25 07:41:52.000000","2019-08-25 07:58:19.000000",1.0,6.2,1.0,N,234.0,42.0,2.0,18.5,2.5,0.5,0.0,0.0,0.3,21.8,2.5
1.0,"2019-08-25 10:43:08.000000","2019-08-25 11:05:33.000000",1.0,7.5,1.0,N,234.0,42.0,2.0,25.0,2.5,0.5,0.0,0.0,0.3,28.3,2.5
2.0,"2019-08-25 11:44:58.000000","2019-08-25 12:08:08.000000",6.0,8.0,1.0,N,234.0,42.0,2.0,25.0,0.0,0.5,0.0,0.0,0.3,28.3,2.5
2.0,"2019-08-25 12:56:04.000000","2019-08-25 13:16:01.000000",1.0,7.79,1.0,N,234.0,42.0,1.0,24.0,0.0,0.5,5.46,0.0,0.3,32.76,2.5
2.0,"2019-08-25 15:31:16.000000","2019-08-25 15:51:28.000000",1.0,5.56,1.0,N,234.0,42.0,2.0,19.0,0.0,0.5,0.0,0.0,0.3,22.3,2.5
1.0,"2019-08-25 20:58:07.000000","2019-08-25 21:21:28.000000",4.0,8.7,1.0,N,234.0,42.0,2.0,27.0,3.0,0.5,0.0,0.0,0.3,30.8,2.5
1.0,"2019-08-25 21:52:47.000000","2019-08-25 22:14:05.000000",1.0,5.9,1.0,N,234.0,42.0,1.0,19.5,3.0,0.5,4.65,0.0,0.3,27.95,2.5
2.0,"2019-08-25 23:57:59.000000","2019-08-26 00:18:07.000000",6.0,6.67,1.0,N,234.0,42.0,1.0,20.5,0.5,0.5,4.86,0.0,0.3,29.16,2.5
2.0,"2019-08-26 00:35:00.000000","2019-08-26 00:53:48.000000",1.0,8.15,1.0,N,234.0,42.0,2.0,24.5,0.5,0.5,0.0,0.0,0.3,28.3,2.5
1.0,"2019-08-26 16:58:17.000000","2019-08-26 17:23:05.000000",1.0,7.7,1.0,N,234.0,42.0,1.0,26.0,3.5,0.5,0.0,0.0,0.3,30.3,2.5
2.0,"2019-08-26 19:41:19.000000","2019-08-26 20:08:42.000000",1.0,6.45,1.0,N,234.0,42.0,1.0,23.0,1.0,0.5,5.7,0.0,0.3,33.0,2.5
2.0,"2019-08-26 19:35:15.000000","2019-08-26 20:00:56.000000",1.0,7.73,1.0,N,234.0,42.0,2.0,26.5,1.0,0.5,0.0,0.0,0.3,30.8,2.5
2.0,"2019-08-26 22:06:01.000000","2019-08-26 22:30:59.000000",5.0,6.63,1.0,N,234.0,42.0,1.0,22.5,0.5,0.5,5.26,0.0,0.3,31.56,2.5
1.0,"2019-08-26 22:35:12.000000","2019-08-26 23:06:33.000000",2.0,6.6,1.0,N,234.0,42.0,1.0,25.0,3.0,0.5,5.75,0.0,0.3,34.55,2.5
2.0,"2019-08-26 23:20:49.000000","2019-08-26 23:41:03.000000",1.0,5.92,1.0,N,234.0,42.0,1.0,19.5,0.5,0.5,4.66,0.0,0.3,27.96,2.5
2.0,"2019-08-27 00:29:04.000000","2019-08-27 00:44:50.000000",1.0,6.1,1.0,N,234.0,42.0,2.0,18.0,0.5,0.5,0.0,0.0,0.3,21.8,2.5
1.0,"2019-08-27 15:34:46.000000","2019-08-27 16:13:47.000000",1.0,0.0,1.0,N,234.0,42.0,1.0,26.2,0.0,0.5,0.0,0.0,0.3,27.0,0.0
2.0,"2019-08-27 15:42:03.000000","2019-08-27 16:25:31.000000",1.0,6.62,1.0,N,234.0,42.0,1.0,30.5,0.0,0.5,6.76,0.0,0.3,42.51,2.5
2.0,"2019-08-27 19:09:53.000000","2019-08-27 19:41:24.000000",1.0,6.35,1.0,N,234.0,42.0,1.0,24.0,1.0,0.5,7.08,0.0,0.3,35.38,2.5
1.0,"2019-08-27 20:47:34.000000","2019-08-27 21:18:15.000000",2.0,6.3,1.0,N,234.0,42.0,1.0,23.0,3.0,0.5,5.35,0.0,0.3,32.15,2.5
1.0,"2019-08-27 21:06:13.000000","2019-08-27 21:31:40.000000",1.0,7.9,1.0,N,234.0,42.0,1.0,26.5,3.0,0.5,3.0,0.0,0.3,33.3,2.5
1.0,"2019-08-27 21:12:49.000000","2019-08-27 21:40:45.000000",1.0,5.8,1.0,N,234.0,42.0,1.0,22.5,3.0,0.5,6.55,0.0,0.3,32.85,2.5
2.0,"2019-08-27 21:02:44.000000","2019-08-27 21:27:15.000000",1.0,7.59,1.0,N,234.0,42.0,1.0,25.0,0.5,0.5,2.5,0.0,0.3,31.3,2.5
2.0,"2019-08-27 21:59:36.000000","2019-08-27 22:20:42.000000",1.0,7.63,1.0,N,234.0,42.0,1.0,25.0,0.5,0.5,2.88,0.0,0.3,31.68,2.5
2.0,"2019-08-27 22:58:59.000000","2019-08-27 23:19:41.000000",6.0,6.02,1.0,N,234.0,42.0,2.0,20.0,0.5,0.5,0.0,0.0,0.3,23.8,2.5
2.0,"2019-08-27 22:14:25.000000","2019-08-27 22:46:18.000000",1.0,7.17,1.0,N,234.0,42.0,1.0,26.0,0.5,0.5,5.96,0.0,0.3,35.76,2.5
2.0,"2019-08-28 00:48:19.000000","2019-08-28 01:07:47.000000",1.0,6.46,1.0,N,234.0,42.0,2.0,20.0,0.5,0.5,0.0,0.0,0.3,23.8,2.5
2.0,"2019-08-28 02:17:49.000000","2019-08-28 02:35:45.000000",6.0,6.39,1.0,N,234.0,42.0,1.0,19.5,0.5,0.5,4.66,0.0,0.3,27.96,2.5
1.0,"2019-08-28 11:49:27.000000","2019-08-28 12:29:49.000000",2.0,8.1,1.0,N,234.0,42.0,2.0,32.0,2.5,0.5,0.0,0.0,0.3,35.3,2.5
2.0,"2019-08-28 13:50:44.000000","2019-08-28 14:35:32.000000",1.0,8.46,1.0,N,234.0,42.0,1.0,33.5,0.0,0.5,7.36,0.0,0.3,44.16,2.5
1.0,"2019-08-28 16:17:42.000000","2019-08-28 16:53:13.000000",1.0,5.9,1.0,N,234.0,42.0,1.0,25.5,3.5,0.5,5.95,0.0,0.3,35.75,2.5
1.0,"2019-08-28 20:57:18.000000","2019-08-28 21:26:26.000000",1.0,7.8,1.0,N,234.0,42.0,1.0,26.5,3.0,0.5,6.05,0.0,0.3,36.35,2.5
1.0,"2019-08-28 20:16:00.000000","2019-08-28 20:50:12.000000",1.0,6.1,1.0,N,234.0,42.0,1.0,24.5,3.0,0.5,2.0,0.0,0.3,30.3,2.5
2.0,"2019-08-28 22:17:28.000000","2019-08-28 23:07:02.000000",1.0,8.57,1.0,N,234.0,42.0,1.0,36.0,0.5,0.5,0.01,0.0,0.3,39.81,2.5
2.0,"2019-08-28 22:20:55.000000","2019-08-28 22:47:49.000000",1.0,5.98,1.0,N,234.0,42.0,1.0,21.5,0.5,0.5,3.0,0.0,0.3,28.3,2.5
2.0,"2019-08-29 00:32:34.000000","2019-08-29 01:02:50.000000",2.0,8.27,1.0,N,234.0,42.0,1.0,28.5,0.5,0.5,6.46,0.0,0.3,38.76,2.5
2.0,"2019-08-29 12:03:57.000000","2019-08-29 12:34:52.000000",1.0,9.49,1.0,N,234.0,42.0,1.0,31.5,0.0,0.5,0.0,0.0,0.3,34.8,2.5
2.0,"2019-08-29 19:06:27.000000","2019-08-29 19:38:55.000000",4.0,6.22,1.0,N,234.0,42.0,1.0,24.0,1.0,0.5,7.08,0.0,0.3,35.38,2.5
2.0,"2019-08-29 19:42:43.000000","2019-08-29 20:19:43.000000",5.0,7.91,1.0,N,234.0,42.0,1.0,28.5,1.0,0.5,6.56,0.0,0.3,39.36,2.5
2.0,"2019-08-29 20:26:46.000000","2019-08-29 20:53:15.000000",1.0,9.25,1.0,N,234.0,42.0,1.0,29.5,0.5,0.5,6.66,0.0,0.3,39.96,2.5
1.0,"2019-08-29 21:19:26.000000","2019-08-29 21:42:16.000000",2.0,7.4,1.0,N,234.0,42.0,1.0,24.5,3.0,0.5,7.05,0.0,0.3,35.35,2.5
2.0,"2019-08-29 21:01:35.000000","2019-08-29 21:26:28.000000",1.0,5.42,1.0,N,234.0,42.0,1.0,20.0,0.5,0.5,4.76,0.0,0.3,28.56,2.5
2.0,"2019-08-29 21:17:51.000000","2019-08-29 21:51:35.000000",2.0,8.38,1.0,N,234.0,42.0,1.0,29.0,0.5,0.5,0.0,0.0,0.3,32.8,2.5
1.0,"2019-08-29 22:57:41.000000","2019-08-29 23:25:14.000000",2.0,8.1,1.0,N,234.0,42.0,1.0,27.0,3.0,0.5,5.0,0.0,0.3,35.8,2.5
2.0,"2019-08-29 22:42:52.000000","2019-08-29 23:00:29.000000",1.0,7.08,1.0,N,234.0,42.0,1.0,22.0,0.5,0.5,7.74,0.0,0.3,33.54,2.5
2.0,"2019-08-29 23:26:43.000000","2019-08-29 23:53:26.000000",2.0,6.62,1.0,N,234.0,42.0,1.0,23.5,0.5,0.5,5.46,0.0,0.3,32.76,2.5
2.0,"2019-08-30 01:22:15.000000","2019-08-30 01:55:03.000000",5.0,8.04,1.0,N,234.0,42.0,1.0,29.5,0.5,0.5,6.66,0.0,0.3,39.96,2.5
2.0,"2019-08-30 17:30:54.000000","2019-08-30 18:09:15.000000",1.0,7.64,1.0,N,234.0,42.0,2.0,30.5,1.0,0.5,0.0,0.0,0.3,34.8,2.5
1.0,"2019-08-30 19:46:57.000000","2019-08-30 20:13:02.000000",1.0,6.3,1.0,N,234.0,42.0,1.0,22.0,3.5,0.5,6.55,0.0,0.3,32.85,2.5
2.0,"2019-08-30 15:33:43.000000","2019-08-30 16:09:57.000000",1.0,6.94,1.0,N,234.0,42.0,1.0,27.5,0.5,0.5,6.26,0.0,0.3,37.56,2.5
1.0,"2019-08-31 00:42:24.000000","2019-08-31 01:01:20.000000",1.0,6.0,1.0,N,234.0,42.0,2.0,19.0,3.0,0.5,0.0,0.0,0.3,22.8,2.5
2.0,"2019-08-31 00:42:08.000000","2019-08-31 01:01:19.000000",1.0,5.92,1.0,N,234.0,42.0,1.0,19.0,0.5,0.5,4.56,0.0,0.3,27.36,2.5
2.0,"2019-08-31 00:07:06.000000","2019-08-31 00:26:27.000000",6.0,5.92,1.0,N,234.0,42.0,1.0,19.0,0.5,0.5,4.56,0.0,0.3,27.36,2.5
1.0,"2019-08-31 00:49:53.000000","2019-08-31 01:06:09.000000",1.0,5.5,1.0,N,234.0,42.0,2.0,17.0,3.0,0.5,0.0,0.0,0.3,20.8,2.5
2.0,"2019-08-31 00:00:08.000000","2019-08-31 00:19:16.000000",1.0,6.63,1.0,N,234.0,42.0,2.0,20.5,0.5,0.5,0.0,0.0,0.3,24.3,2.5
1.0,"2019-08-31 01:54:57.000000","2019-08-31 02:14:19.000000",1.0,7.5,1.0,N,234.0,42.0,1.0,24.0,3.0,0.5,5.55,0.0,0.3,33.35,2.5
1.0,"2019-08-31 02:43:49.000000","2019-08-31 03:03:42.000000",1.0,8.1,1.0,N,234.0,42.0,1.0,26.0,3.0,0.5,2.2,0.0,0.3,32.0,2.5
2.0,"2019-08-31 04:46:28.000000","2019-08-31 05:03:33.000000",2.0,6.3,1.0,N,234.0,42.0,1.0,19.0,0.5,0.5,3.0,0.0,0.3,25.8,2.5
1.0,"2019-08-31 09:37:13.000000","2019-08-31 10:01:39.000000",1.0,6.2,1.0,N,234.0,42.0,1.0,22.0,2.5,0.5,2.0,0.0,0.3,27.3,2.5
2.0,"2019-08-31 12:13:57.000000","2019-08-31 12:39:35.000000",1.0,5.81,1.0,N,234.0,42.0,1.0,21.0,0.0,0.5,0.0,0.0,0.3,24.3,2.5
2.0,"2019-08-31 13:24:23.000000","2019-08-31 13:57:47.000000",2.0,8.41,1.0,N,234.0,42.0,1.0,30.0,0.0,0.5,4.2,0.0,0.3,37.5,2.5
1.0,"2019-08-31 14:35:05.000000","2019-08-31 15:00:49.000000",1.0,5.9,1.0,N,234.0,42.0,2.0,21.5,2.5,0.5,0.0,0.0,0.3,24.8,2.5
2.0,"2019-08-31 22:44:25.000000","2019-08-31 23:04:30.000000",1.0,8.02,1.0,N,234.0,42.0,1.0,24.5,0.5,0.5,3.08,0.0,0.3,31.38,2.5
,"2019-08-04 14:09:00.000000","2019-08-04 14:37:00.000000",,8.01,,,234.0,42.0,,29.66,5.5,0.5,0.0,0.0,0.3,35.96,0.0
,"2019-08-05 10:59:00.000000","2019-08-05 11:26:00.000000",,8.32,,,234.0,42.0,,28.56,5.5,0.5,0.0,0.0,0.3,34.86,0.0
,"2019-08-05 16:06:00.000000","2019-08-05 16:35:00.000000",,7.69,,,234.0,42.0,,35.95,2.75,0.5,0.0,0.0,0.3,39.5,0.0
,"2019-08-01 12:49:00.000000","2019-08-01 13:24:00.000000",,7.8,,,234.0,42.0,,31.31,2.75,0.5,0.0,0.0,0.3,34.86,0.0
,"2019-08-14 12:04:00.000000","2019-08-14 12:32:00.000000",,7.81,,,234.0,42.0,,31.31,2.75,0.5,0.0,0.0,0.3,34.86,0.0
,"2019-08-03 16:33:00.000000","2019-08-03 17:12:00.000000",,6.62,,,234.0,42.0,,39.45,2.75,0.5,0.0,0.0,0.3,43.0,0.0
,"2019-08-15 13:59:00.000000","2019-08-15 14:34:00.000000",,8.62,,,234.0,42.0,,31.31,2.75,0.5,0.0,0.0,0.3,34.86,0.0
,"2019-08-18 16:34:32.000000","2019-08-18 17:17:28.000000",,8.13,,,234.0,42.0,,29.06,5.5,0.0,0.0,0.0,0.3,34.86,0.0
,"2019-08-22 15:01:00.000000","2019-08-22 15:42:00.000000",,7.81,,,234.0,42.0,,31.31,2.75,0.5,0.0,0.0,0.3,34.86,0.0
,"2019-08-25 13:56:00.000000","2019-08-25 14:25:00.000000",,7.89,,,234.0,42.0,,29.66,5.5,0.5,0.0,0.0,0.3,35.96,0.0
