2.0,"2019-08-01 00:28:19.000000","2019-08-01 00:36:05.000000",1.0,1.58,1.0,N,234.0,45.0,1.0,7.5,0.5,0.5,2.0,0.0,0.3,13.3,2.5
1.0,"2019-08-01 01:47:10.000000","2019-08-01 01:56:25.000000",1.0,2.1,1.0,N,234.0,45.0,1.0,9.5,3.0,0.5,1.0,0.0,0.3,14.3,2.5
1.0,"2019-08-01 02:36:10.000000","2019-08-01 02:50:32.000000",1.0,3.6,1.0,N,234.0,45.0,1.0,14.0,3.0,0.5,1.0,0.0,0.3,18.8,2.5
2.0,"2019-08-01 04:19:13.000000","2019-08-01 04:29:29.000000",1.0,2.13,1.0,N,234.0,45.0,2.0,9.5,0.5,0.5,0.0,0.0,0.3,13.3,2.5
2.0,"2019-08-01 08:52:53.000000","2019-08-01 09:25:23.000000",3.0,5.27,1.0,N,234.0,45.0,2.0,24.5,0.0,0.5,0.0,0.0,0.3,27.8,2.5
1.0,"2019-08-01 10:30:59.000000","2019-08-01 10:44:17.000000",1.0,1.8,1.0,N,234.0,45.0,2.0,10.5,2.5,0.5,0.0,0.0,0.3,13.8,2.5
2.0,"2019-08-01 11:14:21.000000","2019-08-01 11:41:18.000000",1.0,4.34,1.0,N,234.0,45.0,1.0,20.5,0.0,0.5,5.95,0.0,0.3,29.75,2.5
2.0,"2019-08-01 11:28:22.000000","2019-08-01 11:45:42.000000",1.0,3.52,1.0,N,234.0,45.0,1.0,15.5,0.0,0.5,3.76,0.0,0.3,22.56,2.5
2.0,"2019-08-01 11:18:51.000000","2019-08-01 11:44:33.000000",1.0,1.95,1.0,N,234.0,45.0,1.0,16.0,0.0,0.5,3.86,0.0,0.3,23.16,2.5
1.0,"2019-08-01 12:13:02.000000","2019-08-01 12:41:44.000000",1.0,2.2,1.0,N,234.0,45.0,2.0,17.5,2.5,0.5,0.0,0.0,0.3,20.8,2.5
1.0,"2019-08-01 15:20:36.000000","2019-08-01 15:37:18.000000",1.0,2.7,1.0,N,234.0,45.0,2.0,12.5,2.5,0.5,0.0,0.0,0.3,15.8,2.5
2.0,"2019-08-01 15:21:19.000000","2019-08-01 15:52:06.000000",4.0,5.77,1.0,N,234.0,45.0,2.0,22.5,0.0,0.5,0.0,0.0,0.3,25.8,2.5
2.0,"2019-08-01 18:43:27.000000","2019-08-01 18:55:19.000000",2.0,2.04,1.0,N,234.0,45.0,1.0,9.5,1.0,0.5,2.76,0.0,0.3,16.56,2.5
2.0,"2019-08-01 19:10:11.000000","2019-08-01 19:23:52.000000",3.0,2.78,1.0,N,234.0,45.0,2.0,11.5,1.0,0.5,0.0,0.0,0.3,15.8,2.5
1.0,"2019-08-01 19:13:57.000000","2019-08-01 19:25:57.000000",1.0,2.0,1.0,N,234.0,45.0,1.0,9.5,3.5,0.5,1.24,0.0,0.3,15.04,2.5
2.0,"2019-08-01 20:20:26.000000","2019-08-01 20:36:13.000000",1.0,2.54,1.0,N,234.0,45.0,2.0,12.5,0.5,0.5,0.0,0.0,0.3,16.3,2.5
2.0,"2019-08-01 20:16:33.000000","2019-08-01 20:29:07.000000",1.0,1.9,1.0,N,234.0,45.0,2.0,10.0,0.5,0.5,0.0,0.0,0.3,13.8,2.5
2.0,"2019-08-01 22:47:27.000000","2019-08-01 22:59:06.000000",2.0,2.46,1.0,N,234.0,45.0,1.0,10.5,0.5,0.5,2.86,0.0,0.3,17.16,2.5
2.0,"2019-08-01 22:18:53.000000","2019-08-01 22:37:34.000000",3.0,2.99,1.0,N,234.0,45.0,1.0,14.0,0.5,0.5,1.0,0.0,0.3,18.8,2.5
2.0,"2019-08-02 00:03:10.000000","2019-08-02 00:19:22.000000",1.0,2.87,1.0,N,234.0,45.0,1.0,13.0,0.5,0.5,3.36,0.0,0.3,20.16,2.5
2.0,"2019-08-01 23:59:10.000000","2019-08-02 00:11:25.000000",6.0,2.58,1.0,N,234.0,45.0,2.0,10.5,0.5,0.5,0.0,0.0,0.3,14.3,2.5
1.0,"2019-08-02 05:32:37.000000","2019-08-02 05:41:04.000000",1.0,2.1,1.0,N,234.0,45.0,2.0,9.0,3.0,0.5,0.0,0.0,0.3,12.8,2.5
2.0,"2019-08-02 11:02:16.000000","2019-08-02 11:19:05.000000",1.0,4.76,1.0,N,234.0,45.0,2.0,17.5,0.0,0.5,0.0,0.0,0.3,20.8,2.5
1.0,"2019-08-02 13:52:12.000000","2019-08-02 14:08:12.000000",2.0,2.0,1.0,N,234.0,45.0,1.0,11.5,2.5,0.5,2.95,0.0,0.3,17.75,2.5
2.0,"2019-08-02 14:09:16.000000","2019-08-02 14:41:17.000000",2.0,2.81,1.0,N,234.0,45.0,1.0,20.0,0.0,0.5,5.82,0.0,0.3,29.12,2.5
2.0,"2019-08-02 16:36:48.000000","2019-08-02 17:20:18.000000",1.0,3.69,1.0,N,234.0,45.0,1.0,27.5,1.0,0.5,4.77,0.0,0.3,36.57,2.5
1.0,"2019-08-02 17:26:43.000000","2019-08-02 17:40:15.000000",1.0,3.9,1.0,N,234.0,45.0,2.0,15.0,3.5,0.5,0.0,0.0,0.3,19.3,2.5
2.0,"2019-08-02 18:17:05.000000","2019-08-02 18:52:22.000000",1.0,2.93,1.0,N,234.0,45.0,1.0,21.5,1.0,0.5,2.58,0.0,0.3,28.38,2.5
1.0,"2019-08-02 18:49:40.000000","2019-08-02 19:11:31.000000",0.0,1.8,1.0,N,234.0,45.0,1.0,14.0,3.5,0.5,3.65,0.0,0.3,21.95,2.5
1.0,"2019-08-02 19:34:34.000000","2019-08-02 19:54:17.000000",1.0,2.0,1.0,N,234.0,45.0,1.0,13.5,3.5,0.5,3.55,0.0,0.3,21.35,2.5
2.0,"2019-08-02 19:02:08.000000","2019-08-02 19:25:21.000000",2.0,2.47,1.0,N,234.0,45.0,2.0,15.0,1.0,0.5,0.0,0.0,0.3,19.3,2.5
2.0,"2019-08-02 19:01:33.000000","2019-08-02 19:20:42.000000",1.0,2.43,1.0,N,234.0,45.0,1.0,13.5,1.0,0.5,3.56,0.0,0.3,21.36,2.5
1.0,"2019-08-02 20:07:21.000000","2019-08-02 20:25:24.000000",1.0,2.2,1.0,N,234.0,45.0,1.0,13.0,3.0,0.5,1.0,0.0,0.3,17.8,2.5
1.0,"2019-08-02 22:06:14.000000","2019-08-02 22:18:20.000000",0.0,2.0,1.0,N,234.0,45.0,1.0,10.0,3.0,0.5,2.75,0.0,0.3,16.55,2.5
1.0,"2019-08-02 22:13:44.000000","2019-08-02 22:27:20.000000",1.0,2.0,1.0,N,234.0,45.0,1.0,10.5,3.0,0.5,2.5,0.0,0.3,16.8,2.5
2.0,"2019-08-02 23:48:54.000000","2019-08-03 00:01:22.000000",6.0,2.04,1.0,N,234.0,45.0,1.0,10.0,0.5,0.5,2.76,0.0,0.3,16.56,2.5
1.0,"2019-08-03 00:16:02.000000","2019-08-03 00:27:22.000000",2.0,1.9,1.0,N,234.0,45.0,1.0,9.5,3.0,0.5,5.0,0.0,0.3,18.3,2.5
2.0,"2019-08-03 00:01:56.000000","2019-08-03 00:16:47.000000",2.0,2.4,1.0,N,234.0,45.0,1.0,11.5,0.5,0.5,3.06,0.0,0.3,18.36,2.5
2.0,"2019-08-03 00:36:33.000000","2019-08-03 00:48:19.000000",1.0,1.95,1.0,N,234.0,45.0,1.0,9.5,0.5,0.5,3.99,0.0,0.3,17.29,2.5
2.0,"2019-08-03 09:55:29.000000","2019-08-03 10:19:08.000000",1.0,2.4,1.0,N,234.0,45.0,2.0,16.0,0.0,0.5,0.0,0.0,0.3,19.3,2.5
2.0,"2019-08-03 11:22:31.000000","2019-08-03 11:48:31.000000",1.0,2.28,1.0,N,234.0,45.0,1.0,16.5,0.0,0.5,2.5,0.0,0.3,22.3,2.5
2.0,"2019-08-03 11:15:26.000000","2019-08-03 11:32:30.000000",1.0,4.13,1.0,N,234.0,45.0,1.0,17.0,0.0,0.5,4.06,0.0,0.3,24.36,2.5
1.0,"2019-08-03 11:34:37.000000","2019-08-03 11:55:03.000000",1.0,2.5,1.0,N,234.0,45.0,1.0,14.0,2.5,0.5,1.73,0.0,0.3,19.03,2.5
1.0,"2019-08-03 13:14:40.000000","2019-08-03 13:41:06.000000",1.0,2.2,1.0,N,234.0,45.0,2.0,16.5,2.5,0.5,0.0,0.0,0.3,19.8,2.5
1.0,"2019-08-03 14:58:34.000000","2019-08-03 15:14:47.000000",2.0,2.8,1.0,N,234.0,45.0,1.0,12.5,2.5,0.5,3.15,0.0,0.3,18.95,2.5
2.0,"2019-08-03 17:07:38.000000","2019-08-03 17:20:50.000000",1.0,1.82,1.0,N,234.0,45.0,2.0,10.0,0.0,0.5,0.0,0.0,0.3,13.3,2.5
2.0,"2019-08-03 18:11:14.000000","2019-08-03 18:29:13.000000",2.0,2.27,1.0,N,234.0,45.0,1.0,13.0,0.0,0.5,2.45,0.0,0.3,18.75,2.5
2.0,"2019-08-03 18:58:05.000000","2019-08-03 19:14:30.000000",1.0,2.03,1.0,N,234.0,45.0,1.0,11.5,0.0,0.5,2.96,0.0,0.3,17.76,2.5
2.0,"2019-08-03 18:06:39.000000","2019-08-03 18:33:20.000000",1.0,3.87,1.0,N,234.0,45.0,2.0,19.5,0.0,0.5,0.0,0.0,0.3,22.8,2.5
2.0,"2019-08-03 18:26:33.000000","2019-08-03 18:39:24.000000",1.0,1.95,1.0,N,234.0,45.0,1.0,10.5,0.0,0.5,1.0,0.0,0.3,14.8,2.5
2.0,"2019-08-03 19:59:01.000000","2019-08-03 20:17:08.000000",1.0,2.43,1.0,N,234.0,45.0,1.0,13.0,0.0,0.5,4.08,0.0,0.3,20.38,2.5
2.0,"2019-08-03 20:24:43.000000","2019-08-03 20:40:16.000000",1.0,3.57,1.0,N,234.0,45.0,1.0,14.5,0.5,0.5,4.58,0.0,0.3,22.88,2.5
2.0,"2019-08-03 23:44:18.000000","2019-08-03 23:56:40.000000",1.0,2.07,1.0,N,234.0,45.0,2.0,10.0,3.0,0.5,0.0,0.0,0.3,13.8,0.0
2.0,"2019-08-04 01:37:52.000000","2019-08-04 01:52:57.000000",3.0,4.67,1.0,N,234.0,45.0,1.0,16.5,0.5,0.5,5.08,0.0,0.3,25.38,2.5
2.0,"2019-08-04 02:01:12.000000","2019-08-04 02:12:26.000000",1.0,2.32,1.0,N,234.0,45.0,1.0,10.0,0.5,0.5,2.76,0.0,0.3,16.56,2.5
2.0,"2019-08-04 03:46:28.000000","2019-08-04 03:55:31.000000",1.0,1.68,1.0,N,234.0,45.0,1.0,8.5,0.5,0.5,2.46,0.0,0.3,14.76,2.5
1.0,"2019-08-04 06:36:37.000000","2019-08-04 06:49:08.000000",1.0,2.9,1.0,N,234.0,45.0,2.0,12.0,2.5,0.5,0.0,0.0,0.3,15.3,2.5
2.0,"2019-08-04 09:52:22.000000","2019-08-04 10:05:57.000000",1.0,2.91,1.0,N,234.0,45.0,1.0,12.0,0.0,0.5,3.82,0.0,0.3,19.12,2.5
2.0,"2019-08-04 10:18:25.000000","2019-08-04 10:36:43.000000",5.0,2.71,1.0,N,234.0,45.0,1.0,13.5,0.0,0.5,3.36,0.0,0.3,20.16,2.5
1.0,"2019-08-04 10:40:35.000000","2019-08-04 10:56:52.000000",1.0,2.2,1.0,N,234.0,45.0,1.0,12.0,2.5,0.5,3.8,0.0,0.3,19.1,2.5
1.0,"2019-08-04 16:14:09.000000","2019-08-04 16:26:56.000000",3.0,2.5,1.0,N,234.0,45.0,2.0,11.0,2.5,0.5,0.0,0.0,0.3,14.3,2.5
2.0,"2019-08-04 17:08:33.000000","2019-08-04 17:32:07.000000",2.0,3.38,1.0,N,234.0,45.0,1.0,16.5,0.0,0.5,3.96,0.0,0.3,23.76,2.5
1.0,"2019-08-04 19:02:18.000000","2019-08-04 19:16:10.000000",1.0,2.7,1.0,N,234.0,45.0,1.0,12.0,2.5,0.5,2.0,0.0,0.3,17.3,2.5
2.0,"2019-08-04 22:48:44.000000","2019-08-04 22:57:00.000000",2.0,1.83,1.0,N,234.0,45.0,1.0,8.5,0.5,0.5,2.46,0.0,0.3,14.76,2.5
2.0,"2019-08-04 22:12:38.000000","2019-08-04 22:25:46.000000",1.0,2.49,1.0,N,234.0,45.0,1.0,10.5,0.5,0.5,2.86,0.0,0.3,17.16,2.5
1.0,"2019-08-05 05:55:33.000000","2019-08-05 06:09:09.000000",1.0,3.2,1.0,N,234.0,45.0,1.0,12.5,3.0,0.5,1.0,0.0,0.3,17.3,2.5
1.0,"2019-08-05 06:26:28.000000","2019-08-05 06:37:45.000000",1.0,2.1,1.0,N,234.0,45.0,2.0,10.5,2.5,0.5,0.0,0.0,0.3,13.8,2.5
2.0,"2019-08-05 10:11:47.000000","2019-08-05 10:27:46.000000",1.0,2.2,1.0,N,234.0,45.0,1.0,11.5,0.0,0.5,2.96,0.0,0.3,17.76,2.5
1.0,"2019-08-05 12:44:23.000000","2019-08-05 12:57:33.000000",1.0,2.0,1.0,N,234.0,45.0,1.0,10.5,2.5,0.5,1.0,0.0,0.3,14.8,2.5
1.0,"2019-08-05 13:37:37.000000","2019-08-05 13:54:28.000000",1.0,2.1,1.0,N,234.0,45.0,1.0,12.0,2.5,0.5,3.05,0.0,0.3,18.35,2.5
1.0,"2019-08-05 14:04:46.000000","2019-08-05 14:23:29.000000",1.0,3.9,1.0,N,234.0,45.0,1.0,16.0,2.5,0.5,4.8,0.0,0.3,24.1,2.5
2.0,"2019-08-05 16:59:32.000000","2019-08-05 17:15:15.000000",1.0,2.48,1.0,N,234.0,45.0,1.0,12.0,1.0,0.5,0.0,0.0,0.3,16.3,2.5
2.0,"2019-08-05 17:35:05.000000","2019-08-05 17:51:01.000000",3.0,2.07,1.0,N,234.0,45.0,2.0,11.5,1.0,0.5,0.0,0.0,0.3,15.8,2.5
2.0,"2019-08-05 18:09:27.000000","2019-08-05 18:22:48.000000",1.0,1.95,1.0,N,234.0,45.0,1.0,10.0,1.0,0.5,2.86,0.0,0.3,17.16,2.5
1.0,"2019-08-05 19:37:13.000000","2019-08-05 19:52:40.000000",1.0,2.8,1.0,N,234.0,45.0,1.0,12.5,3.5,0.5,2.0,0.0,0.3,18.8,2.5
2.0,"2019-08-05 22:43:02.000000","2019-08-05 22:57:50.000000",3.0,2.38,1.0,N,234.0,45.0,2.0,11.5,0.5,0.5,0.0,0.0,0.3,15.3,2.5
2.0,"2019-08-05 22:37:50.000000","2019-08-05 22:50:17.000000",1.0,2.19,1.0,N,234.0,45.0,1.0,10.5,0.5,0.5,2.0,0.0,0.3,16.3,2.5
1.0,"2019-08-05 23:13:42.000000","2019-08-05 23:26:40.000000",1.0,3.4,1.0,N,234.0,45.0,1.0,13.0,3.0,0.5,3.35,0.0,0.3,20.15,2.5
2.0,"2019-08-05 23:27:38.000000","2019-08-05 23:38:26.000000",6.0,3.51,1.0,N,234.0,45.0,2.0,12.5,0.5,0.5,0.0,0.0,0.3,16.3,2.5
2.0,"2019-08-06 12:38:01.000000","2019-08-06 13:01:25.000000",1.0,2.14,1.0,N,234.0,45.0,1.0,15.5,0.0,0.5,0.0,0.0,0.3,16.3,0.0
2.0,"2019-08-06 12:00:49.000000","2019-08-06 12:26:35.000000",1.0,5.55,1.0,N,234.0,45.0,1.0,22.0,0.0,0.5,1.0,0.0,0.3,26.3,2.5
2.0,"2019-08-06 12:30:13.000000","2019-08-06 12:47:15.000000",1.0,1.92,1.0,N,234.0,45.0,1.0,12.0,0.0,0.5,3.06,0.0,0.3,18.36,2.5
2.0,"2019-08-06 13:16:33.000000","2019-08-06 13:38:41.000000",1.0,3.71,1.0,N,234.0,45.0,2.0,17.0,0.0,0.5,0.0,0.0,0.3,20.3,2.5
2.0,"2019-08-06 15:58:40.000000","2019-08-06 16:21:41.000000",6.0,2.53,1.0,N,234.0,45.0,1.0,15.5,0.0,0.5,3.76,0.0,0.3,22.56,2.5
2.0,"2019-08-06 16:31:49.000000","2019-08-06 16:45:40.000000",1.0,1.52,1.0,N,234.0,45.0,2.0,9.5,1.0,0.5,0.0,0.0,0.3,13.8,2.5
1.0,"2019-08-06 16:56:52.000000","2019-08-06 17:18:04.000000",2.0,2.2,1.0,N,234.0,45.0,1.0,14.0,3.5,0.5,3.65,0.0,0.3,21.95,2.5
2.0,"2019-08-06 17:43:08.000000","2019-08-06 18:03:38.000000",2.0,2.49,1.0,N,234.0,45.0,1.0,14.5,1.0,0.5,2.5,0.0,0.3,21.3,2.5
2.0,"2019-08-06 18:55:12.000000","2019-08-06 19:10:13.000000",1.0,2.2,1.0,N,234.0,45.0,1.0,11.0,1.0,0.5,3.06,0.0,0.3,18.36,2.5
2.0,"2019-08-06 18:46:57.000000","2019-08-06 18:59:05.000000",2.0,1.87,1.0,N,234.0,45.0,1.0,9.5,1.0,0.5,2.76,0.0,0.3,16.56,2.5
2.0,"2019-08-06 19:19:14.000000","2019-08-06 19:34:53.000000",1.0,2.21,1.0,N,234.0,45.0,1.0,11.5,1.0,0.5,3.16,0.0,0.3,18.96,2.5
2.0,"2019-08-06 19:38:57.000000","2019-08-06 19:54:25.000000",1.0,2.14,1.0,N,234.0,45.0,1.0,11.5,1.0,0.5,3.16,0.0,0.3,18.96,2.5
1.0,"2019-08-06 19:02:45.000000","2019-08-06 19:20:13.000000",1.0,2.1,1.0,N,234.0,45.0,1.0,12.0,3.5,0.5,3.26,0.0,0.3,19.56,2.5
2.0,"2019-08-06 19:56:05.000000","2019-08-06 20:12:50.000000",1.0,2.14,1.0,N,234.0,45.0,1.0,11.5,0.5,0.5,4.59,0.0,0.3,19.89,2.5
1.0,"2019-08-06 21:04:06.000000","2019-08-06 21:20:27.000000",3.0,3.8,1.0,N,234.0,45.0,2.0,15.0,3.0,0.5,0.0,0.0,0.3,18.8,2.5
2.0,"2019-08-06 22:57:28.000000","2019-08-06 23:12:12.000000",5.0,2.63,1.0,N,234.0,45.0,2.0,11.5,0.5,0.5,0.0,0.0,0.3,15.3,2.5
1.0,"2019-08-06 23:47:45.000000","2019-08-07 00:02:05.000000",1.0,2.1,1.0,N,234.0,45.0,1.0,11.5,3.0,0.5,3.05,0.0,0.3,18.35,2.5
2.0,"2019-08-06 23:33:58.000000","2019-08-06 23:50:24.000000",1.0,2.82,1.0,N,234.0,45.0,2.0,13.0,0.5,0.5,0.0,0.0,0.3,16.8,2.5
2.0,"2019-08-07 09:26:30.000000","2019-08-07 09:45:02.000000",5.0,2.32,1.0,N,234.0,45.0,1.0,13.0,0.0,0.5,2.0,0.0,0.3,18.3,2.5
2.0,"2019-08-07 12:28:23.000000","2019-08-07 12:50:38.000000",1.0,2.84,1.0,N,234.0,45.0,1.0,15.5,0.0,0.5,4.7,0.0,0.3,23.5,2.5
2.0,"2019-08-07 13:37:51.000000","2019-08-07 14:00:13.000000",1.0,1.91,1.0,N,234.0,45.0,1.0,14.0,0.0,0.5,4.32,0.0,0.3,21.62,2.5
1.0,"2019-08-07 13:25:44.000000","2019-08-07 13:48:39.000000",0.0,2.0,1.0,N,234.0,45.0,2.0,14.5,2.5,0.5,0.0,0.0,0.3,17.8,2.5
2.0,"2019-08-07 14:24:24.000000","2019-08-07 14:46:53.000000",1.0,2.39,1.0,N,234.0,45.0,2.0,15.0,0.0,0.5,0.0,0.0,0.3,18.3,2.5
2.0,"2019-08-07 14:59:49.000000","2019-08-07 15:22:02.000000",1.0,2.3,1.0,N,234.0,45.0,1.0,14.5,0.0,0.5,3.56,0.0,0.3,21.36,2.5
1.0,"2019-08-07 18:30:21.000000","2019-08-07 18:50:25.000000",1.0,2.9,1.0,N,234.0,45.0,1.0,14.0,3.5,0.5,3.65,0.0,0.3,21.95,2.5
2.0,"2019-08-07 18:35:00.000000","2019-08-07 18:55:48.000000",1.0,2.42,1.0,N,234.0,45.0,1.0,14.0,1.0,0.5,3.33,0.0,0.3,21.63,2.5
1.0,"2019-08-07 19:59:15.000000","2019-08-07 20:14:07.000000",1.0,2.2,1.0,N,234.0,45.0,1.0,11.5,3.0,0.5,3.05,0.0,0.3,18.35,2.5
2.0,"2019-08-07 19:18:37.000000","2019-08-07 19:36:44.000000",2.0,2.32,1.0,N,234.0,45.0,1.0,12.5,1.0,0.5,5.04,0.0,0.3,21.84,2.5
2.0,"2019-08-07 19:32:59.000000","2019-08-07 19:47:14.000000",1.0,2.3,1.0,N,234.0,45.0,2.0,11.0,1.0,0.5,0.0,0.0,0.3,15.3,2.5
2.0,"2019-08-07 20:37:49.000000","2019-08-07 20:52:07.000000",5.0,2.12,1.0,N,234.0,45.0,2.0,10.5,0.5,0.5,0.0,0.0,0.3,14.3,2.5
1.0,"2019-08-07 20:37:03.000000","2019-08-07 20:52:05.000000",2.0,2.4,1.0,N,234.0,45.0,3.0,11.5,3.0,0.5,0.0,0.0,0.3,15.3,2.5
2.0,"2019-08-07 20:22:06.000000","2019-08-07 20:35:49.000000",1.0,1.95,1.0,N,234.0,45.0,1.0,10.5,0.5,0.5,2.86,0.0,0.3,17.16,2.5
2.0,"2019-08-07 21:33:01.000000","2019-08-07 21:52:31.000000",1.0,2.7,1.0,N,234.0,45.0,1.0,13.5,0.5,0.5,3.46,0.0,0.3,20.76,2.5
1.0,"2019-08-07 22:10:41.000000","2019-08-07 22:21:38.000000",0.0,2.3,1.0,N,234.0,45.0,2.0,10.0,3.0,0.5,0.0,0.0,0.3,13.8,2.5
1.0,"2019-08-07 23:54:40.000000","2019-08-08 00:03:25.000000",1.0,1.9,1.0,N,234.0,45.0,1.0,8.5,3.0,0.5,2.45,0.0,0.3,14.75,2.5
2.0,"2019-08-08 00:30:13.000000","2019-08-08 00:42:30.000000",1.0,2.37,1.0,N,234.0,45.0,1.0,10.5,0.5,0.5,2.86,0.0,0.3,17.16,2.5
1.0,"2019-08-08 01:24:51.000000","2019-08-08 01:38:22.000000",4.0,2.6,1.0,N,234.0,45.0,1.0,11.5,3.0,0.5,3.05,0.0,0.3,18.35,2.5
2.0,"2019-08-08 11:03:36.000000","2019-08-08 11:32:35.000000",1.0,4.25,1.0,N,234.0,45.0,1.0,22.0,0.0,0.5,5.06,0.0,0.3,30.36,2.5
2.0,"2019-08-08 15:40:26.000000","2019-08-08 15:59:15.000000",1.0,2.67,1.0,N,234.0,45.0,2.0,13.5,0.0,0.5,0.0,0.0,0.3,16.8,2.5
2.0,"2019-08-08 17:51:16.000000","2019-08-08 18:11:45.000000",3.0,2.25,1.0,N,234.0,45.0,1.0,14.0,1.0,0.5,3.66,0.0,0.3,21.96,2.5
2.0,"2019-08-08 20:21:47.000000","2019-08-08 20:56:57.000000",4.0,2.89,1.0,N,234.0,45.0,2.0,21.5,1.0,0.5,0.0,0.0,0.3,25.8,2.5
1.0,"2019-08-08 20:06:08.000000","2019-08-08 20:24:36.000000",1.0,2.2,1.0,N,234.0,45.0,2.0,13.0,3.0,0.5,0.0,0.0,0.3,16.8,2.5
2.0,"2019-08-08 20:40:36.000000","2019-08-08 21:00:23.000000",1.0,2.3,1.0,N,234.0,45.0,1.0,13.5,0.5,0.5,3.46,0.0,0.3,20.76,2.5
2.0,"2019-08-08 21:47:39.000000","2019-08-08 22:05:44.000000",1.0,2.79,1.0,N,234.0,45.0,1.0,13.5,0.5,0.5,3.46,0.0,0.3,20.76,2.5
2.0,"2019-08-08 23:59:45.000000","2019-08-09 00:14:22.000000",5.0,2.5,1.0,N,234.0,45.0,2.0,11.5,0.5,0.5,0.0,0.0,0.3,15.3,2.5
2.0,"2019-08-09 00:45:50.000000","2019-08-09 00:57:44.000000",2.0,2.06,1.0,N,234.0,45.0,2.0,10.5,0.5,0.5,0.0,0.0,0.3,14.3,2.5
2.0,"2019-08-09 00:29:08.000000","2019-08-09 00:40:24.000000",6.0,2.25,1.0,N,234.0,45.0,1.0,10.0,0.5,0.5,1.0,0.0,0.3,14.8,2.5
2.0,"2019-08-09 08:08:53.000000","2019-08-09 08:24:16.000000",3.0,2.46,1.0,N,234.0,45.0,1.0,11.5,0.0,0.5,2.96,0.0,0.3,17.76,2.5
1.0,"2019-08-09 09:26:22.000000","2019-08-09 09:48:11.000000",4.0,2.9,1.0,N,234.0,45.0,2.0,15.0,2.5,0.5,0.0,0.0,0.3,18.3,2.5
2.0,"2019-08-09 09:02:03.000000","2019-08-09 09:17:46.000000",1.0,2.36,1.0,N,234.0,45.0,1.0,11.5,0.0,0.5,2.96,0.0,0.3,17.76,2.5
2.0,"2019-08-09 10:10:26.000000","2019-08-09 10:26:13.000000",1.0,1.78,1.0,N,234.0,45.0,2.0,11.0,0.0,0.5,0.0,0.0,0.3,14.3,2.5
2.0,"2019-08-09 12:57:08.000000","2019-08-09 13:13:47.000000",2.0,2.48,1.0,N,234.0,45.0,2.0,13.0,0.0,0.5,0.0,0.0,0.3,16.3,2.5
1.0,"2019-08-09 12:06:11.000000","2019-08-09 12:23:14.000000",1.0,2.0,1.0,N,234.0,45.0,2.0,12.0,2.5,0.5,0.0,0.0,0.3,15.3,2.5
2.0,"2019-08-09 20:27:30.000000","2019-08-09 20:47:52.000000",1.0,2.53,1.0,N,234.0,45.0,1.0,13.5,0.5,0.5,1.5,0.0,0.3,18.8,2.5
2.0,"2019-08-09 21:14:49.000000","2019-08-09 21:28:39.000000",1.0,2.03,1.0,N,234.0,45.0,2.0,10.5,0.5,0.5,0.0,0.0,0.3,14.3,2.5
1.0,"2019-08-09 21:05:02.000000","2019-08-09 21:23:01.000000",1.0,2.2,1.0,N,234.0,45.0,1.0,12.5,3.0,0.5,3.25,0.0,0.3,19.55,2.5
2.0,"2019-08-09 22:24:10.000000","2019-08-09 22:38:24.000000",5.0,2.06,1.0,N,234.0,45.0,1.0,10.5,0.5,0.5,3.58,0.0,0.3,17.88,2.5
2.0,"2019-08-09 23:27:20.000000","2019-08-09 23:40:08.000000",2.0,3.34,1.0,N,234.0,45.0,1.0,12.5,0.5,0.5,4.08,0.0,0.3,20.38,2.5
1.0,"2019-08-09 23:21:28.000000","2019-08-09 23:34:41.000000",1.0,2.3,1.0,N,234.0,45.0,1.0,10.5,3.0,0.5,2.85,0.0,0.3,17.15,2.5
2.0,"2019-08-10 00:23:01.000000","2019-08-10 00:41:27.000000",1.0,2.35,1.0,N,234.0,45.0,1.0,11.5,0.5,0.5,3.82,0.0,0.3,19.12,2.5
1.0,"2019-08-10 09:15:26.000000","2019-08-10 09:24:21.000000",1.0,1.9,1.0,N,234.0,45.0,2.0,8.5,2.5,0.5,0.0,0.0,0.3,11.8,2.5
2.0,"2019-08-10 12:48:54.000000","2019-08-10 13:36:43.000000",1.0,2.5,1.0,N,234.0,45.0,2.0,27.0,0.0,0.5,0.0,0.0,0.3,30.3,2.5
2.0,"2019-08-10 12:08:59.000000","2019-08-10 12:41:08.000000",1.0,2.81,1.0,N,234.0,45.0,2.0,19.5,0.0,0.5,0.0,0.0,0.3,22.8,2.5
1.0,"2019-08-10 13:53:55.000000","2019-08-10 14:07:56.000000",1.0,2.0,1.0,N,234.0,45.0,2.0,10.5,2.5,0.5,0.0,0.0,0.3,13.8,2.5
2.0,"2019-08-10 16:16:12.000000","2019-08-10 16:36:55.000000",1.0,4.12,1.0,N,234.0,45.0,1.0,17.0,0.0,0.5,5.08,0.0,0.3,25.38,2.5
2.0,"2019-08-10 16:29:48.000000","2019-08-10 16:42:46.000000",2.0,2.14,1.0,N,234.0,45.0,1.0,11.0,0.0,0.5,2.7,0.0,0.3,17.0,2.5
1.0,"2019-08-10 17:29:24.000000","2019-08-10 17:47:27.000000",1.0,2.5,1.0,N,234.0,45.0,1.0,13.5,2.5,0.5,2.0,0.0,0.3,18.8,2.5
2.0,"2019-08-10 18:51:06.000000","2019-08-10 19:09:37.000000",1.0,2.47,1.0,N,234.0,45.0,2.0,13.5,0.0,0.5,0.0,0.0,0.3,16.8,2.5
2.0,"2019-08-10 17:59:55.000000","2019-08-10 18:17:07.000000",1.0,4.02,1.0,N,234.0,45.0,2.0,16.0,0.0,0.5,0.0,0.0,0.3,19.3,2.5
2.0,"2019-08-10 19:13:26.000000","2019-08-10 19:29:42.000000",2.0,3.83,1.0,N,234.0,45.0,2.0,15.0,0.0,0.5,0.0,0.0,0.3,18.3,2.5
2.0,"2019-08-10 20:04:53.000000","2019-08-10 20:18:22.000000",3.0,2.23,1.0,N,234.0,45.0,1.0,11.0,0.5,0.5,2.96,0.0,0.3,17.76,2.5
1.0,"2019-08-10 20:01:30.000000","2019-08-10 20:18:40.000000",1.0,2.1,1.0,N,234.0,45.0,2.0,12.5,2.5,0.5,0.0,0.0,0.3,15.8,2.5
1.0,"2019-08-10 20:04:23.000000","2019-08-10 20:18:53.000000",2.0,2.1,1.0,N,234.0,45.0,1.0,11.0,3.0,0.5,3.7,0.0,0.3,18.5,2.5
1.0,"2019-08-10 22:07:09.000000","2019-08-10 22:21:12.000000",1.0,2.4,1.0,N,234.0,45.0,3.0,11.0,3.0,0.5,0.0,0.0,0.3,14.8,2.5
2.0,"2019-08-11 12:21:45.000000","2019-08-11 12:35:34.000000",1.0,1.84,1.0,N,234.0,45.0,1.0,10.5,0.0,0.5,2.0,0.0,0.3,15.8,2.5
2.0,"2019-08-11 13:03:40.000000","2019-08-11 13:19:54.000000",1.0,2.56,1.0,N,234.0,45.0,1.0,12.5,0.0,0.5,3.16,0.0,0.3,18.96,2.5
2.0,"2019-08-11 14:32:50.000000","2019-08-11 14:48:35.000000",1.0,2.69,1.0,N,234.0,45.0,2.0,12.5,0.0,0.5,0.0,0.0,0.3,15.8,2.5
2.0,"2019-08-11 15:59:55.000000","2019-08-11 16:17:50.000000",1.0,2.69,1.0,N,234.0,45.0,1.0,13.0,0.0,0.5,3.26,0.0,0.3,19.56,2.5
1.0,"2019-08-11 18:21:21.000000","2019-08-11 18:39:03.000000",1.0,4.2,1.0,N,234.0,45.0,1.0,16.0,2.5,0.5,3.85,0.0,0.3,23.15,2.5
2.0,"2019-08-11 19:36:56.000000","2019-08-11 19:51:18.000000",5.0,2.11,1.0,N,234.0,45.0,2.0,10.5,0.0,0.5,0.0,0.0,0.3,13.8,2.5
1.0,"2019-08-11 22:24:58.000000","2019-08-11 22:37:32.000000",1.0,2.2,1.0,N,234.0,45.0,2.0,11.0,3.0,0.5,0.0,0.0,0.3,14.8,2.5
2.0,"2019-08-12 06:04:02.000000","2019-08-12 06:16:44.000000",1.0,2.81,1.0,N,234.0,45.0,2.0,11.5,0.0,0.5,0.0,0.0,0.3,14.8,2.5
1.0,"2019-08-12 12:00:18.000000","2019-08-12 12:21:53.000000",1.0,2.5,1.0,N,234.0,45.0,1.0,14.5,2.5,0.5,3.55,0.0,0.3,21.35,2.5
2.0,"2019-08-12 14:17:05.000000","2019-08-12 14:29:38.000000",2.0,1.86,1.0,N,234.0,45.0,1.0,10.0,0.0,0.5,2.66,0.0,0.3,15.96,2.5
1.0,"2019-08-12 15:21:18.000000","2019-08-12 15:40:14.000000",2.0,2.3,1.0,N,234.0,45.0,1.0,13.0,2.5,0.5,3.25,0.0,0.3,19.55,2.5
1.0,"2019-08-12 19:39:26.000000","2019-08-12 19:54:04.000000",1.0,2.1,1.0,N,234.0,45.0,2.0,11.5,3.5,0.5,0.0,0.0,0.3,15.8,2.5
2.0,"2019-08-12 20:19:36.000000","2019-08-12 20:39:07.000000",1.0,2.63,1.0,N,234.0,45.0,1.0,14.0,0.5,0.5,0.0,0.0,0.3,17.8,2.5
2.0,"2019-08-12 20:36:48.000000","2019-08-12 20:53:38.000000",1.0,2.94,1.0,N,234.0,45.0,1.0,13.0,0.5,0.5,2.0,0.0,0.3,18.8,2.5
2.0,"2019-08-13 00:42:34.000000","2019-08-13 00:55:05.000000",1.0,3.77,1.0,N,234.0,45.0,1.0,14.0,0.5,0.5,3.56,0.0,0.3,21.36,2.5
2.0,"2019-08-13 08:14:23.000000","2019-08-13 08:31:04.000000",1.0,2.62,1.0,N,234.0,45.0,1.0,12.5,0.0,0.5,1.25,0.0,0.3,17.05,2.5
1.0,"2019-08-13 15:53:43.000000","2019-08-13 16:07:44.000000",2.0,1.9,1.0,N,234.0,45.0,1.0,10.5,2.5,0.5,2.5,0.0,0.3,16.3,2.5
1.0,"2019-08-13 21:38:50.000000","2019-08-13 21:51:11.000000",2.0,2.3,1.0,N,234.0,45.0,1.0,10.5,3.0,0.5,1.0,0.0,0.3,15.3,2.5
2.0,"2019-08-13 22:57:32.000000","2019-08-13 23:06:38.000000",3.0,2.78,1.0,N,234.0,45.0,1.0,10.0,0.5,0.5,2.76,0.0,0.3,16.56,2.5
2.0,"2019-08-13 22:29:58.000000","2019-08-13 22:45:18.000000",4.0,2.73,1.0,N,234.0,45.0,2.0,12.5,0.5,0.5,0.0,0.0,0.3,16.3,2.5
1.0,"2019-08-14 09:30:52.000000","2019-08-14 09:52:45.000000",3.0,2.2,1.0,N,234.0,45.0,2.0,15.0,2.5,0.5,0.0,0.0,0.3,18.3,2.5
2.0,"2019-08-14 11:53:37.000000","2019-08-14 12:12:07.000000",1.0,2.06,1.0,N,234.0,45.0,2.0,13.0,0.0,0.5,0.0,0.0,0.3,16.3,2.5
2.0,"2019-08-14 11:07:15.000000","2019-08-14 11:23:54.000000",3.0,2.34,1.0,N,234.0,45.0,2.0,12.0,0.0,0.5,0.0,0.0,0.3,15.3,2.5
1.0,"2019-08-14 13:45:44.000000","2019-08-14 14:04:36.000000",1.0,2.0,1.0,N,234.0,45.0,1.0,12.5,2.5,0.5,3.95,0.0,0.3,19.75,2.5
2.0,"2019-08-14 13:20:27.000000","2019-08-14 13:38:35.000000",1.0,4.14,1.0,N,234.0,45.0,2.0,17.0,0.0,0.5,0.0,0.0,0.3,20.3,2.5
2.0,"2019-08-14 16:43:08.000000","2019-08-14 17:03:10.000000",1.0,2.55,1.0,N,234.0,45.0,2.0,14.0,1.0,0.5,0.0,0.0,0.3,18.3,2.5
2.0,"2019-08-14 16:54:21.000000","2019-08-14 17:13:45.000000",1.0,3.67,1.0,N,234.0,45.0,2.0,15.5,1.0,0.5,0.0,0.0,0.3,19.8,2.5
2.0,"2019-08-14 18:02:07.000000","2019-08-14 18:28:57.000000",1.0,2.36,1.0,N,234.0,45.0,1.0,17.0,1.0,0.5,6.39,0.0,0.3,27.69,2.5
1.0,"2019-08-14 18:16:53.000000","2019-08-14 18:38:19.000000",1.0,2.5,1.0,N,234.0,45.0,2.0,14.5,3.5,0.5,0.0,0.0,0.3,18.8,2.5
1.0,"2019-08-14 20:18:42.000000","2019-08-14 20:32:28.000000",2.0,2.1,1.0,N,234.0,45.0,1.0,10.5,3.0,0.5,2.85,0.0,0.3,17.15,2.5
2.0,"2019-08-14 20:56:51.000000","2019-08-14 21:12:12.000000",1.0,2.55,1.0,N,234.0,45.0,2.0,12.0,0.5,0.5,0.0,0.0,0.3,15.8,2.5
1.0,"2019-08-15 00:03:34.000000","2019-08-15 00:12:55.000000",1.0,1.9,1.0,N,234.0,45.0,1.0,9.0,3.0,0.5,2.55,0.0,0.3,15.35,2.5
1.0,"2019-08-15 11:16:35.000000","2019-08-15 11:33:46.000000",1.0,2.0,1.0,N,234.0,45.0,1.0,12.0,2.5,0.5,3.8,0.0,0.3,19.1,2.5
2.0,"2019-08-15 12:32:32.000000","2019-08-15 12:51:20.000000",1.0,2.52,1.0,N,234.0,45.0,1.0,13.5,0.0,0.5,0.0,0.0,0.3,16.8,2.5
2.0,"2019-08-15 12:50:47.000000","2019-08-15 13:10:12.000000",1.0,2.27,1.0,N,234.0,45.0,1.0,13.0,0.0,0.5,3.26,0.0,0.3,19.56,2.5
2.0,"2019-08-15 12:51:25.000000","2019-08-15 13:07:14.000000",1.0,2.07,1.0,N,234.0,45.0,2.0,11.0,0.0,0.5,0.0,0.0,0.3,14.3,2.5
2.0,"2019-08-15 13:59:27.000000","2019-08-15 14:21:28.000000",1.0,2.68,1.0,N,234.0,45.0,1.0,15.0,0.0,0.5,4.58,0.0,0.3,22.88,2.5
2.0,"2019-08-15 15:00:29.000000","2019-08-15 15:18:16.000000",1.0,3.68,1.0,N,234.0,45.0,1.0,15.0,0.0,0.5,3.66,0.0,0.3,21.96,2.5
2.0,"2019-08-15 15:23:19.000000","2019-08-15 15:42:44.000000",2.0,3.82,1.0,N,234.0,45.0,2.0,16.0,0.0,0.5,0.0,0.0,0.3,19.3,2.5
1.0,"2019-08-15 16:53:47.000000","2019-08-15 17:12:55.000000",4.0,2.4,1.0,N,234.0,45.0,2.0,13.5,3.5,0.5,0.0,0.0,0.3,17.8,2.5
2.0,"2019-08-15 17:58:30.000000","2019-08-15 18:19:56.000000",1.0,4.0,1.0,N,234.0,45.0,1.0,17.5,1.0,0.5,3.0,0.0,0.3,24.8,2.5
2.0,"2019-08-15 17:18:34.000000","2019-08-15 17:33:47.000000",1.0,2.02,1.0,N,234.0,45.0,2.0,11.5,1.0,0.5,0.0,0.0,0.3,15.8,2.5
2.0,"2019-08-15 17:45:39.000000","2019-08-15 18:08:25.000000",1.0,1.98,1.0,N,234.0,45.0,1.0,14.5,1.0,0.5,3.76,0.0,0.3,22.56,2.5
1.0,"2019-08-15 18:45:17.000000","2019-08-15 19:01:09.000000",2.0,3.5,1.0,N,234.0,45.0,1.0,14.0,3.5,0.5,3.65,0.0,0.3,21.95,2.5
1.0,"2019-08-15 18:55:18.000000","2019-08-15 19:09:50.000000",1.0,2.3,1.0,N,234.0,45.0,1.0,11.5,3.5,0.5,3.15,0.0,0.3,18.95,2.5
2.0,"2019-08-15 20:24:51.000000","2019-08-15 20:37:53.000000",3.0,1.82,1.0,N,234.0,45.0,1.0,9.5,0.5,0.5,2.66,0.0,0.3,15.96,2.5
2.0,"2019-08-15 21:56:30.000000","2019-08-15 22:08:29.000000",2.0,2.05,1.0,N,234.0,45.0,1.0,10.0,0.5,0.5,2.76,0.0,0.3,16.56,2.5
2.0,"2019-08-15 22:22:36.000000","2019-08-15 22:37:21.000000",1.0,2.45,1.0,N,234.0,45.0,2.0,11.5,0.5,0.5,0.0,0.0,0.3,15.3,2.5
1.0,"2019-08-15 22:18:11.000000","2019-08-15 22:33:14.000000",1.0,2.3,1.0,N,234.0,45.0,1.0,11.5,3.0,0.5,3.05,0.0,0.3,18.35,2.5
2.0,"2019-08-15 23:12:54.000000","2019-08-15 23:24:29.000000",2.0,1.75,1.0,N,234.0,45.0,1.0,9.5,0.5,0.5,2.66,0.0,0.3,15.96,2.5
1.0,"2019-08-16 00:55:22.000000","2019-08-16 01:13:14.000000",1.0,3.0,1.0,N,234.0,45.0,1.0,13.5,3.0,0.5,3.45,0.0,0.3,20.75,2.5
2.0,"2019-08-16 00:03:14.000000","2019-08-16 00:11:43.000000",1.0,1.49,1.0,N,234.0,45.0,1.0,7.5,0.5,0.5,2.26,0.0,0.3,13.56,2.5
2.0,"2019-08-16 01:37:39.000000","2019-08-16 01:46:59.000000",1.0,2.22,1.0,N,234.0,45.0,1.0,9.5,0.5,0.5,2.66,0.0,0.3,15.96,2.5
2.0,"2019-08-16 01:19:47.000000","2019-08-16 01:27:57.000000",5.0,1.98,1.0,N,234.0,45.0,1.0,8.5,0.5,0.5,2.46,0.0,0.3,14.76,2.5
2.0,"2019-08-16 06:40:30.000000","2019-08-16 06:49:55.000000",1.0,1.74,1.0,N,234.0,45.0,1.0,8.5,0.0,0.5,2.36,0.0,0.3,14.16,2.5
2.0,"2019-08-16 10:39:36.000000","2019-08-16 10:55:42.000000",3.0,1.95,1.0,N,234.0,45.0,2.0,11.5,0.0,0.5,0.0,0.0,0.3,14.8,2.5
2.0,"2019-08-16 11:26:19.000000","2019-08-16 11:49:35.000000",1.0,4.47,1.0,N,234.0,45.0,1.0,19.5,0.0,0.5,2.0,0.0,0.3,24.8,2.5
2.0,"2019-08-16 12:04:22.000000","2019-08-16 12:26:45.000000",2.0,3.79,1.0,N,234.0,45.0,2.0,17.5,0.0,0.5,0.0,0.0,0.3,20.8,2.5
2.0,"2019-08-16 13:26:55.000000","2019-08-16 13:46:55.000000",4.0,2.33,1.0,N,234.0,45.0,1.0,14.0,0.0,0.5,4.32,0.0,0.3,21.62,2.5
2.0,"2019-08-16 13:43:56.000000","2019-08-16 14:03:31.000000",1.0,2.2,1.0,N,234.0,45.0,1.0,13.0,0.0,0.5,3.26,0.0,0.3,19.56,2.5
1.0,"2019-08-16 14:49:24.000000","2019-08-16 15:22:17.000000",2.0,2.9,1.0,N,234.0,45.0,2.0,20.0,2.5,0.5,0.0,0.0,0.3,23.3,2.5
2.0,"2019-08-16 18:03:59.000000","2019-08-16 18:23:46.000000",1.0,2.35,1.0,N,234.0,45.0,2.0,14.0,1.0,0.5,0.0,0.0,0.3,18.3,2.5
2.0,"2019-08-16 19:04:42.000000","2019-08-16 19:25:18.000000",1.0,4.17,1.0,N,234.0,45.0,2.0,17.5,1.0,0.5,0.0,0.0,0.3,21.8,2.5
2.0,"2019-08-16 20:49:37.000000","2019-08-16 21:02:06.000000",3.0,1.75,1.0,N,234.0,45.0,1.0,10.0,0.5,0.5,2.76,0.0,0.3,16.56,2.5
1.0,"2019-08-16 21:29:16.000000","2019-08-16 21:47:06.000000",2.0,2.5,1.0,N,234.0,45.0,1.0,13.0,3.0,0.5,3.35,0.0,0.3,20.15,2.5
2.0,"2019-08-16 22:19:50.000000","2019-08-16 22:35:12.000000",1.0,2.21,1.0,N,234.0,45.0,1.0,11.0,0.5,0.5,2.96,0.0,0.3,17.76,2.5
1.0,"2019-08-16 22:34:46.000000","2019-08-16 22:49:17.000000",1.0,2.0,1.0,N,234.0,45.0,1.0,11.0,3.0,0.5,3.7,0.0,0.3,18.5,2.5
2.0,"2019-08-16 23:52:41.000000","2019-08-17 00:06:30.000000",1.0,2.05,1.0,N,234.0,45.0,1.0,11.0,0.5,0.5,2.96,0.0,0.3,17.76,2.5
2.0,"2019-08-16 23:06:32.000000","2019-08-16 23:23:27.000000",1.0,2.48,1.0,N,234.0,45.0,1.0,12.5,0.5,0.5,1.5,0.0,0.3,17.8,2.5
1.0,"2019-08-17 02:03:43.000000","2019-08-17 02:28:46.000000",2.0,3.8,1.0,N,234.0,45.0,1.0,18.0,3.0,0.5,1.0,0.0,0.3,22.8,2.5
2.0,"2019-08-17 04:12:20.000000","2019-08-17 04:20:56.000000",1.0,2.2,1.0,N,234.0,45.0,1.0,9.0,0.5,0.5,2.56,0.0,0.3,15.36,2.5
2.0,"2019-08-17 04:16:23.000000","2019-08-17 04:28:31.000000",1.0,2.4,1.0,N,234.0,45.0,2.0,10.5,0.5,0.5,0.0,0.0,0.3,14.3,2.5
2.0,"2019-08-17 10:27:29.000000","2019-08-17 10:41:47.000000",1.0,4.03,1.0,N,234.0,45.0,1.0,15.5,0.0,0.5,2.0,0.0,0.3,20.8,2.5
2.0,"2019-08-17 11:03:49.000000","2019-08-17 11:23:34.000000",2.0,3.87,1.0,N,234.0,45.0,1.0,17.0,0.0,0.5,4.06,0.0,0.3,24.36,2.5
2.0,"2019-08-17 11:13:06.000000","2019-08-17 11:43:52.000000",1.0,3.31,1.0,N,234.0,45.0,2.0,19.5,0.0,0.5,0.0,0.0,0.3,22.8,2.5
2.0,"2019-08-17 11:14:41.000000","2019-08-17 11:31:12.000000",1.0,4.23,1.0,N,234.0,45.0,1.0,16.5,0.0,0.5,2.0,0.0,0.3,21.8,2.5
1.0,"2019-08-17 11:44:12.000000","2019-08-17 12:03:45.000000",1.0,2.4,1.0,N,234.0,45.0,2.0,13.5,2.5,0.5,0.0,0.0,0.3,16.8,2.5
2.0,"2019-08-17 14:26:37.000000","2019-08-17 14:40:59.000000",2.0,4.37,1.0,N,234.0,45.0,2.0,15.5,0.0,0.5,0.0,0.0,0.3,18.8,2.5
2.0,"2019-08-17 16:40:08.000000","2019-08-17 16:57:56.000000",1.0,3.98,1.0,N,234.0,45.0,2.0,16.0,0.0,0.5,0.0,0.0,0.3,19.3,2.5
2.0,"2019-08-17 18:23:43.000000","2019-08-17 18:43:30.000000",3.0,2.41,1.0,N,234.0,45.0,1.0,13.5,0.0,0.5,3.36,0.0,0.3,20.16,2.5
2.0,"2019-08-17 19:49:16.000000","2019-08-17 20:04:37.000000",4.0,2.34,1.0,N,234.0,45.0,2.0,11.5,0.0,0.5,0.0,0.0,0.3,14.8,2.5
2.0,"2019-08-17 19:18:26.000000","2019-08-17 19:31:00.000000",3.0,1.9,1.0,N,234.0,45.0,1.0,10.5,0.0,0.5,3.45,0.0,0.3,17.25,2.5
1.0,"2019-08-17 20:28:48.000000","2019-08-17 20:44:25.000000",2.0,2.1,1.0,N,234.0,45.0,2.0,11.0,3.0,0.5,0.0,0.0,0.3,14.8,2.5
1.0,"2019-08-17 22:54:32.000000","2019-08-17 23:06:06.000000",1.0,1.6,1.0,N,234.0,45.0,1.0,9.0,3.0,0.5,2.55,0.0,0.3,15.35,2.5
2.0,"2019-08-18 01:16:19.000000","2019-08-18 01:27:34.000000",2.0,2.23,1.0,N,234.0,45.0,2.0,9.5,0.5,0.5,0.0,0.0,0.3,13.3,2.5
2.0,"2019-08-18 02:35:58.000000","2019-08-18 02:51:24.000000",1.0,2.5,1.0,N,234.0,45.0,1.0,12.0,0.5,0.5,4.74,0.0,0.3,20.54,2.5
2.0,"2019-08-18 06:51:38.000000","2019-08-18 07:05:51.000000",1.0,2.8,1.0,N,234.0,45.0,1.0,12.5,0.0,0.5,1.0,0.0,0.3,16.8,2.5
1.0,"2019-08-18 08:37:28.000000","2019-08-18 08:45:22.000000",2.0,1.9,1.0,N,234.0,45.0,2.0,8.5,2.5,0.5,0.0,0.0,0.3,11.8,2.5
2.0,"2019-08-18 09:16:31.000000","2019-08-18 09:26:05.000000",1.0,2.32,1.0,N,234.0,45.0,2.0,9.5,0.0,0.5,0.0,0.0,0.3,12.8,2.5
2.0,"2019-08-18 15:48:09.000000","2019-08-18 16:03:07.000000",1.0,2.14,1.0,N,234.0,45.0,2.0,11.5,0.0,0.5,0.0,0.0,0.3,14.8,2.5
1.0,"2019-08-18 18:12:11.000000","2019-08-18 18:35:43.000000",2.0,2.4,1.0,N,234.0,45.0,1.0,16.0,2.5,0.5,1.0,0.0,0.3,20.3,2.5
1.0,"2019-08-18 18:52:25.000000","2019-08-18 19:06:22.000000",1.0,2.0,1.0,N,234.0,45.0,1.0,10.5,2.5,0.5,2.75,0.0,0.3,16.55,2.5
2.0,"2019-08-18 18:07:37.000000","2019-08-18 18:22:01.000000",1.0,2.06,1.0,N,234.0,45.0,1.0,11.0,0.0,0.5,2.86,0.0,0.3,17.16,2.5
2.0,"2019-08-18 18:27:28.000000","2019-08-18 18:46:54.000000",1.0,3.9,1.0,N,234.0,45.0,1.0,17.0,0.0,0.5,3.65,0.0,0.3,28.9,2.5
1.0,"2019-08-18 19:47:46.000000","2019-08-18 20:07:33.000000",1.0,2.4,1.0,N,234.0,45.0,2.0,13.5,2.5,0.5,0.0,0.0,0.3,16.8,2.5
1.0,"2019-08-19 07:35:18.000000","2019-08-19 08:02:02.000000",1.0,3.3,1.0,N,234.0,45.0,3.0,18.5,2.5,0.5,0.0,0.0,0.3,21.8,2.5
2.0,"2019-08-19 12:21:57.000000","2019-08-19 12:38:33.000000",4.0,2.21,1.0,N,234.0,45.0,2.0,12.0,0.0,0.5,0.0,0.0,0.3,15.3,2.5
1.0,"2019-08-19 12:19:00.000000","2019-08-19 12:39:13.000000",1.0,2.5,1.0,N,234.0,45.0,1.0,14.0,2.5,0.5,2.0,0.0,0.3,19.3,2.5
2.0,"2019-08-19 12:55:28.000000","2019-08-19 13:16:15.000000",6.0,2.44,1.0,N,234.0,45.0,2.0,14.0,0.0,0.5,0.0,0.0,0.3,17.3,2.5
2.0,"2019-08-19 14:48:38.000000","2019-08-19 15:00:57.000000",1.0,2.01,1.0,N,234.0,45.0,1.0,10.0,0.0,0.5,3.32,0.0,0.3,16.62,2.5
1.0,"2019-08-19 17:07:43.000000","2019-08-19 17:27:22.000000",1.0,2.4,1.0,N,234.0,45.0,1.0,14.0,3.5,0.5,4.55,0.0,0.3,22.85,2.5
2.0,"2019-08-19 17:08:43.000000","2019-08-19 17:24:58.000000",3.0,3.45,1.0,N,234.0,45.0,1.0,14.5,1.0,0.5,3.76,0.0,0.3,22.56,2.5
2.0,"2019-08-19 18:08:04.000000","2019-08-19 18:20:19.000000",2.0,2.02,1.0,N,234.0,45.0,1.0,10.5,1.0,0.5,2.96,0.0,0.3,17.76,2.5
2.0,"2019-08-19 20:18:47.000000","2019-08-19 20:33:40.000000",2.0,2.52,1.0,N,234.0,45.0,1.0,12.0,0.5,0.5,2.0,0.0,0.3,17.8,2.5
2.0,"2019-08-19 20:44:10.000000","2019-08-19 20:54:56.000000",1.0,2.28,1.0,N,234.0,45.0,1.0,9.5,0.5,0.5,2.0,0.0,0.3,15.3,2.5
2.0,"2019-08-19 20:08:07.000000","2019-08-19 20:21:13.000000",2.0,2.25,1.0,N,234.0,45.0,2.0,10.5,0.5,0.5,0.0,0.0,0.3,14.3,2.5
2.0,"2019-08-19 20:39:43.000000","2019-08-19 20:51:31.000000",1.0,2.11,1.0,N,234.0,45.0,1.0,9.5,0.5,0.5,2.66,0.0,0.3,15.96,2.5
1.0,"2019-08-20 14:08:35.000000","2019-08-20 14:27:19.000000",1.0,4.8,1.0,N,234.0,45.0,1.0,18.5,2.5,0.5,2.0,0.0,0.3,23.8,2.5
2.0,"2019-08-20 14:32:59.000000","2019-08-20 14:47:42.000000",1.0,3.98,1.0,N,234.0,45.0,1.0,15.0,0.0,0.5,3.66,0.0,0.3,21.96,2.5
1.0,"2019-08-20 15:05:16.000000","2019-08-20 15:22:48.000000",1.0,2.4,1.0,N,234.0,45.0,2.0,12.5,2.5,0.5,0.0,0.0,0.3,15.8,2.5
2.0,"2019-08-20 17:01:35.000000","2019-08-20 17:15:01.000000",1.0,1.86,1.0,N,234.0,45.0,1.0,10.5,1.0,0.5,2.96,0.0,0.3,17.76,2.5
2.0,"2019-08-20 19:07:29.000000","2019-08-20 19:27:16.000000",6.0,2.47,1.0,N,234.0,45.0,1.0,13.5,1.0,0.5,4.45,0.0,0.3,22.25,2.5
1.0,"2019-08-20 20:13:19.000000","2019-08-20 20:29:50.000000",1.0,2.6,1.0,N,234.0,45.0,2.0,12.5,3.0,0.5,0.0,0.0,0.3,16.3,2.5
2.0,"2019-08-20 20:58:36.000000","2019-08-20 21:12:07.000000",2.0,2.19,1.0,N,234.0,45.0,2.0,11.0,0.5,0.5,0.0,0.0,0.3,14.8,2.5
1.0,"2019-08-20 20:50:26.000000","2019-08-20 21:01:37.000000",1.0,1.9,1.0,N,234.0,45.0,2.0,9.5,3.0,0.5,0.0,0.0,0.3,13.3,2.5
1.0,"2019-08-20 21:27:28.000000","2019-08-20 21:37:37.000000",1.0,1.6,1.0,N,234.0,45.0,1.0,8.0,3.0,0.5,1.0,0.0,0.3,12.8,2.5
2.0,"2019-08-20 21:56:10.000000","2019-08-20 22:09:22.000000",1.0,2.43,1.0,N,234.0,45.0,1.0,11.0,0.5,0.5,2.22,0.0,0.3,17.02,2.5
2.0,"2019-08-20 21:52:31.000000","2019-08-20 22:02:35.000000",1.0,2.01,1.0,N,234.0,45.0,1.0,9.5,0.5,0.5,3.32,0.0,0.3,16.62,2.5
2.0,"2019-08-20 22:20:38.000000","2019-08-20 22:33:30.000000",1.0,4.02,1.0,N,234.0,45.0,1.0,14.0,0.5,0.5,3.56,0.0,0.3,21.36,2.5
1.0,"2019-08-20 22:53:37.000000","2019-08-20 23:05:32.000000",1.0,2.0,1.0,N,234.0,45.0,2.0,10.0,3.0,0.5,0.0,0.0,0.3,13.8,2.5
2.0,"2019-08-21 00:15:16.000000","2019-08-21 00:28:18.000000",1.0,2.6,1.0,N,234.0,45.0,1.0,11.0,0.5,0.5,3.7,0.0,0.3,18.5,2.5
1.0,"2019-08-21 09:19:54.000000","2019-08-21 09:38:57.000000",1.0,4.2,1.0,N,234.0,45.0,1.0,17.0,2.5,0.5,4.05,0.0,0.3,24.35,2.5
1.0,"2019-08-21 11:34:14.000000","2019-08-21 11:51:56.000000",1.0,2.3,1.0,N,234.0,45.0,2.0,13.0,2.5,0.5,0.0,0.0,0.3,16.3,2.5
1.0,"2019-08-21 11:44:25.000000","2019-08-21 12:02:23.000000",1.0,1.6,1.0,N,234.0,45.0,1.0,12.0,2.5,0.5,3.05,0.0,0.3,18.35,2.5
1.0,"2019-08-21 12:19:48.000000","2019-08-21 12:46:17.000000",1.0,2.3,1.0,N,234.0,45.0,2.0,16.5,2.5,0.5,0.0,0.0,0.3,19.8,2.5
2.0,"2019-08-21 15:20:46.000000","2019-08-21 15:43:58.000000",1.0,1.92,1.0,N,234.0,45.0,1.0,15.0,0.0,0.5,3.0,0.0,0.3,21.3,2.5
2.0,"2019-08-21 18:58:14.000000","2019-08-21 19:14:02.000000",2.0,1.77,1.0,N,234.0,45.0,1.0,11.5,1.0,0.5,2.84,0.0,0.3,18.64,2.5
1.0,"2019-08-21 19:54:52.000000","2019-08-21 20:09:38.000000",1.0,2.1,1.0,N,234.0,45.0,2.0,11.0,3.0,0.5,0.0,0.0,0.3,14.8,2.5
2.0,"2019-08-21 20:47:42.000000","2019-08-21 21:00:45.000000",1.0,2.0,1.0,N,234.0,45.0,1.0,10.0,0.5,0.5,1.2,0.0,0.3,15.0,2.5
2.0,"2019-08-21 21:13:10.000000","2019-08-21 21:23:36.000000",1.0,2.24,1.0,N,234.0,45.0,1.0,9.0,0.5,0.5,2.56,0.0,0.3,15.36,2.5
1.0,"2019-08-21 22:19:02.000000","2019-08-21 22:31:57.000000",1.0,2.0,1.0,N,234.0,45.0,2.0,10.0,3.0,0.5,0.0,0.0,0.3,13.8,2.5
2.0,"2019-08-21 23:34:28.000000","2019-08-21 23:46:39.000000",6.0,2.01,1.0,N,234.0,45.0,2.0,10.0,0.5,0.5,0.0,0.0,0.3,13.8,2.5
2.0,"2019-08-22 00:14:31.000000","2019-08-22 00:23:41.000000",1.0,2.18,1.0,N,234.0,45.0,1.0,9.5,0.5,0.5,2.66,0.0,0.3,15.96,2.5
2.0,"2019-08-22 08:25:01.000000","2019-08-22 08:46:14.000000",1.0,2.73,1.0,N,234.0,45.0,2.0,15.0,0.0,0.5,0.0,0.0,0.3,18.3,2.5
2.0,"2019-08-22 10:55:22.000000","2019-08-22 11:16:22.000000",5.0,2.43,1.0,N,234.0,45.0,1.0,14.0,0.0,0.5,5.19,0.0,0.3,22.49,2.5
2.0,"2019-08-22 11:02:30.000000","2019-08-22 11:19:41.000000",1.0,2.82,1.0,N,234.0,45.0,1.0,13.0,0.0,0.5,0.0,0.0,0.3,16.3,2.5
1.0,"2019-08-22 11:20:11.000000","2019-08-22 11:41:02.000000",0.0,2.5,1.0,N,234.0,45.0,1.0,14.5,2.5,0.5,4.45,0.0,0.3,22.25,2.5
1.0,"2019-08-22 12:27:56.000000","2019-08-22 12:43:23.000000",1.0,1.9,1.0,N,234.0,45.0,1.0,11.0,2.5,0.5,2.0,0.0,0.3,16.3,2.5
1.0,"2019-08-22 12:18:39.000000","2019-08-22 12:37:48.000000",2.0,2.2,1.0,N,234.0,45.0,2.0,13.0,2.5,0.5,0.0,0.0,0.3,16.3,2.5
2.0,"2019-08-22 14:26:29.000000","2019-08-22 14:41:35.000000",1.0,2.2,1.0,N,234.0,45.0,1.0,11.5,0.0,0.5,2.96,0.0,0.3,17.76,2.5
2.0,"2019-08-22 17:36:54.000000","2019-08-22 18:00:34.000000",1.0,3.69,1.0,N,234.0,45.0,2.0,17.0,1.0,0.5,0.0,0.0,0.3,21.3,2.5
2.0,"2019-08-22 18:09:13.000000","2019-08-22 18:29:03.000000",1.0,2.67,1.0,N,234.0,45.0,1.0,14.0,1.0,0.5,2.0,0.0,0.3,20.3,2.5
2.0,"2019-08-22 18:19:28.000000","2019-08-22 18:45:53.000000",3.0,2.89,1.0,N,234.0,45.0,1.0,17.5,1.0,0.5,2.0,0.0,0.3,23.8,2.5
2.0,"2019-08-22 18:42:12.000000","2019-08-22 18:59:47.000000",6.0,1.98,1.0,N,234.0,45.0,1.0,12.0,1.0,0.5,2.44,0.0,0.3,18.74,2.5
2.0,"2019-08-22 19:17:32.000000","2019-08-22 19:33:32.000000",1.0,2.54,1.0,N,234.0,45.0,2.0,11.5,1.0,0.5,0.0,0.0,0.3,15.8,2.5
1.0,"2019-08-22 19:26:02.000000","2019-08-22 19:46:18.000000",1.0,2.4,1.0,Y,234.0,45.0,1.0,13.5,3.5,0.5,1.0,0.0,0.3,18.8,2.5
1.0,"2019-08-22 20:23:16.000000","2019-08-22 20:41:06.000000",1.0,2.4,1.0,N,234.0,45.0,2.0,12.5,3.0,0.5,0.0,0.0,0.3,16.3,2.5
2.0,"2019-08-22 20:26:59.000000","2019-08-22 20:41:57.000000",4.0,2.47,1.0,N,234.0,45.0,1.0,11.5,0.5,0.5,3.06,0.0,0.3,18.36,2.5
2.0,"2019-08-22 20:27:29.000000","2019-08-22 20:45:36.000000",5.0,2.55,1.0,N,234.0,45.0,2.0,13.0,0.5,0.5,0.0,0.0,0.3,16.8,2.5
2.0,"2019-08-22 20:23:43.000000","2019-08-22 20:40:52.000000",1.0,2.49,1.0,N,234.0,45.0,1.0,12.5,0.5,0.5,3.26,0.0,0.3,19.56,2.5
2.0,"2019-08-22 21:44:25.000000","2019-08-22 21:57:49.000000",1.0,2.21,1.0,N,234.0,45.0,1.0,11.0,0.5,0.5,2.96,0.0,0.3,17.76,2.5
2.0,"2019-08-22 21:58:59.000000","2019-08-22 22:12:17.000000",1.0,1.88,1.0,N,234.0,45.0,1.0,10.0,0.5,0.5,7.5,0.0,0.3,21.3,2.5
2.0,"2019-08-22 21:17:44.000000","2019-08-22 21:28:45.000000",1.0,1.56,1.0,N,234.0,45.0,2.0,8.5,0.5,0.5,0.0,0.0,0.3,12.3,2.5
2.0,"2019-08-22 22:10:44.000000","2019-08-22 22:25:46.000000",2.0,2.5,1.0,N,234.0,45.0,2.0,12.0,0.5,0.5,0.0,0.0,0.3,15.8,2.5
2.0,"2019-08-22 22:57:31.000000","2019-08-22 23:11:17.000000",1.0,2.17,1.0,N,234.0,45.0,1.0,10.5,0.5,0.5,2.86,0.0,0.3,17.16,2.5
1.0,"2019-08-22 23:13:22.000000","2019-08-22 23:22:45.000000",1.0,1.8,1.0,N,234.0,45.0,1.0,8.5,3.0,0.5,2.45,0.0,0.3,14.75,2.5
2.0,"2019-08-23 00:32:33.000000","2019-08-23 00:47:44.000000",1.0,1.86,1.0,N,234.0,45.0,2.0,9.5,0.5,0.5,0.0,0.0,0.3,13.3,2.5
2.0,"2019-08-23 00:32:00.000000","2019-08-23 00:42:33.000000",5.0,2.24,1.0,N,234.0,45.0,1.0,9.5,0.5,0.5,2.66,0.0,0.3,15.96,2.5
1.0,"2019-08-23 07:11:22.000000","2019-08-23 07:20:06.000000",1.0,2.1,1.0,N,234.0,45.0,1.0,9.0,2.5,0.5,3.05,0.0,0.3,15.35,2.5
2.0,"2019-08-23 11:25:16.000000","2019-08-23 11:41:50.000000",2.0,2.31,1.0,N,234.0,45.0,1.0,12.0,0.0,0.5,1.53,0.0,0.3,16.83,2.5
1.0,"2019-08-23 12:15:52.000000","2019-08-23 12:36:20.000000",0.0,2.4,1.0,N,234.0,45.0,1.0,14.0,2.5,0.5,4.3,0.0,0.3,21.6,2.5
1.0,"2019-08-23 13:40:17.000000","2019-08-23 14:01:03.000000",1.0,2.5,1.0,N,234.0,45.0,2.0,14.0,2.5,0.5,0.0,0.0,0.3,17.3,2.5
2.0,"2019-08-23 15:21:58.000000","2019-08-23 15:37:41.000000",3.0,4.24,1.0,N,234.0,45.0,1.0,16.0,0.0,0.5,3.86,0.0,0.3,23.16,2.5
2.0,"2019-08-23 16:58:15.000000","2019-08-23 17:52:10.000000",1.0,2.3,1.0,N,234.0,45.0,1.0,30.0,1.0,0.5,0.0,0.0,0.3,34.3,2.5
2.0,"2019-08-23 18:52:00.000000","2019-08-23 19:10:28.000000",6.0,2.37,1.0,N,234.0,45.0,2.0,13.0,1.0,0.5,0.0,0.0,0.3,17.3,2.5
1.0,"2019-08-23 19:54:10.000000","2019-08-23 20:10:50.000000",2.0,2.4,1.0,N,234.0,45.0,2.0,12.5,3.5,0.5,0.0,0.0,0.3,16.8,2.5
2.0,"2019-08-23 20:51:34.000000","2019-08-23 21:06:12.000000",1.0,2.08,1.0,N,234.0,45.0,1.0,11.0,0.5,0.5,3.7,0.0,0.3,18.5,2.5
1.0,"2019-08-23 21:58:18.000000","2019-08-23 22:09:00.000000",1.0,2.0,1.0,N,234.0,45.0,1.0,9.0,3.0,0.5,2.55,0.0,0.3,15.35,2.5
1.0,"2019-08-23 21:24:33.000000","2019-08-23 21:37:04.000000",4.0,1.9,1.0,Y,234.0,45.0,1.0,10.0,3.0,0.5,1.0,0.0,0.3,14.8,2.5
2.0,"2019-08-23 22:39:00.000000","2019-08-23 22:53:52.000000",1.0,4.11,1.0,N,234.0,45.0,2.0,15.5,0.5,0.5,0.0,0.0,0.3,19.3,2.5
1.0,"2019-08-23 22:14:12.000000","2019-08-23 22:32:32.000000",1.0,2.6,1.0,N,234.0,45.0,1.0,13.5,3.0,0.5,4.3,0.0,0.3,21.6,2.5
2.0,"2019-08-23 22:24:44.000000","2019-08-23 22:43:55.000000",1.0,2.65,1.0,N,234.0,45.0,1.0,13.5,0.5,0.5,1.0,0.0,0.3,18.3,2.5
2.0,"2019-08-24 00:37:25.000000","2019-08-24 00:48:24.000000",5.0,2.29,1.0,N,234.0,45.0,1.0,10.0,0.5,0.5,2.0,0.0,0.3,15.8,2.5
1.0,"2019-08-24 01:45:05.000000","2019-08-24 01:58:58.000000",1.0,2.6,1.0,N,234.0,45.0,1.0,11.5,3.0,0.5,3.8,0.0,0.3,19.1,2.5
1.0,"2019-08-24 03:08:58.000000","2019-08-24 03:20:42.000000",0.0,2.3,1.0,N,234.0,45.0,2.0,10.0,3.0,0.5,0.0,0.0,0.3,13.8,2.5
2.0,"2019-08-24 07:53:05.000000","2019-08-24 08:06:33.000000",1.0,3.01,1.0,N,234.0,45.0,2.0,12.0,0.0,0.5,0.0,0.0,0.3,15.3,2.5
2.0,"2019-08-24 08:10:54.000000","2019-08-24 08:21:37.000000",2.0,2.17,1.0,N,234.0,45.0,2.0,9.5,0.0,0.5,0.0,0.0,0.3,12.8,2.5
2.0,"2019-08-24 10:18:03.000000","2019-08-24 10:39:20.000000",1.0,3.19,1.0,N,234.0,45.0,2.0,15.5,0.0,0.5,0.0,0.0,0.3,18.8,2.5
1.0,"2019-08-24 11:19:37.000000","2019-08-24 11:33:10.000000",2.0,1.8,1.0,N,234.0,45.0,1.0,10.0,2.5,0.5,2.65,0.0,0.3,15.95,2.5
2.0,"2019-08-24 12:26:02.000000","2019-08-24 12:43:45.000000",1.0,1.91,1.0,N,234.0,45.0,1.0,12.5,0.0,0.5,3.16,0.0,0.3,18.96,2.5
1.0,"2019-08-24 14:34:29.000000","2019-08-24 14:51:52.000000",1.0,2.5,1.0,N,234.0,45.0,1.0,12.5,2.5,0.5,1.0,0.0,0.3,16.8,2.5
1.0,"2019-08-24 14:23:48.000000","2019-08-24 14:39:20.000000",2.0,2.2,1.0,N,234.0,45.0,1.0,12.0,2.5,0.5,3.05,0.0,0.3,18.35,2.5
2.0,"2019-08-24 14:41:43.000000","2019-08-24 14:55:59.000000",1.0,2.07,1.0,N,234.0,45.0,2.0,10.5,0.0,0.5,0.0,0.0,0.3,13.8,2.5
2.0,"2019-08-24 18:38:54.000000","2019-08-24 18:54:22.000000",5.0,4.32,1.0,N,234.0,45.0,1.0,15.5,0.0,0.5,3.76,0.0,0.3,24.51,2.5
1.0,"2019-08-24 19:43:42.000000","2019-08-24 19:55:09.000000",4.0,1.6,1.0,N,234.0,45.0,2.0,9.0,2.5,0.5,0.0,0.0,0.3,12.3,2.5
1.0,"2019-08-24 19:03:21.000000","2019-08-24 19:23:07.000000",1.0,2.9,1.0,N,234.0,45.0,2.0,14.5,2.5,0.5,0.0,0.0,0.3,17.8,2.5
1.0,"2019-08-24 19:05:29.000000","2019-08-24 19:20:12.000000",4.0,2.3,1.0,N,234.0,45.0,2.0,11.5,2.5,0.5,0.0,0.0,0.3,14.8,2.5
2.0,"2019-08-24 19:35:08.000000","2019-08-24 19:44:06.000000",1.0,2.04,1.0,N,234.0,45.0,2.0,9.0,0.0,0.5,0.0,0.0,0.3,12.3,2.5
2.0,"2019-08-24 19:48:54.000000","2019-08-24 20:04:17.000000",1.0,2.11,1.0,N,234.0,45.0,2.0,11.0,0.0,0.5,0.0,0.0,0.3,14.3,2.5
2.0,"2019-08-24 19:05:52.000000","2019-08-24 19:28:56.000000",5.0,2.69,1.0,N,234.0,45.0,1.0,15.5,0.0,0.5,3.76,0.0,0.3,22.56,2.5
1.0,"2019-08-24 21:41:57.000000","2019-08-24 21:55:46.000000",0.0,2.4,1.0,N,234.0,45.0,2.0,11.5,3.0,0.5,0.0,0.0,0.3,15.3,2.5
2.0,"2019-08-24 22:59:03.000000","2019-08-24 23:17:09.000000",1.0,2.37,1.0,N,234.0,45.0,1.0,13.0,0.5,0.5,2.0,0.0,0.3,18.8,2.5
2.0,"2019-08-24 23:42:03.000000","2019-08-24 23:55:28.000000",1.0,2.59,1.0,N,234.0,45.0,2.0,11.0,0.5,0.5,0.0,0.0,0.3,14.8,2.5
2.0,"2019-08-25 01:10:56.000000","2019-08-25 01:22:57.000000",1.0,2.32,1.0,N,234.0,45.0,1.0,10.5,0.5,0.5,2.86,0.0,0.3,17.16,2.5
2.0,"2019-08-25 01:30:59.000000","2019-08-25 01:39:44.000000",6.0,2.16,1.0,N,234.0,45.0,2.0,9.0,0.5,0.5,0.0,0.0,0.3,12.8,2.5
1.0,"2019-08-25 02:22:15.000000","2019-08-25 02:35:19.000000",1.0,3.7,1.0,N,234.0,45.0,2.0,14.5,3.0,0.5,0.0,0.0,0.3,18.3,2.5
2.0,"2019-08-25 02:47:09.000000","2019-08-25 03:03:25.000000",1.0,2.55,1.0,N,234.0,45.0,1.0,12.5,0.5,0.5,3.26,0.0,0.3,19.56,2.5
1.0,"2019-08-25 04:59:54.000000","2019-08-25 05:08:12.000000",2.0,2.6,1.0,N,234.0,45.0,3.0,9.5,3.0,0.5,0.0,0.0,0.3,13.3,2.5
2.0,"2019-08-25 10:14:29.000000","2019-08-25 10:29:38.000000",1.0,2.11,1.0,N,234.0,45.0,2.0,11.5,0.0,0.5,0.0,0.0,0.3,14.8,2.5
1.0,"2019-08-25 11:25:20.000000","2019-08-25 11:39:02.000000",1.0,2.0,1.0,Y,234.0,45.0,2.0,11.0,2.5,0.5,0.0,0.0,0.3,14.3,2.5
1.0,"2019-08-25 11:53:37.000000","2019-08-25 12:08:52.000000",2.0,3.9,1.0,N,234.0,45.0,2.0,15.0,2.5,0.5,0.0,0.0,0.3,18.3,2.5
2.0,"2019-08-25 13:26:34.000000","2019-08-25 13:41:32.000000",1.0,2.15,1.0,N,234.0,45.0,1.0,11.0,0.0,0.5,2.86,0.0,0.3,17.16,2.5
2.0,"2019-08-25 14:32:06.000000","2019-08-25 14:47:46.000000",1.0,3.95,1.0,N,234.0,45.0,1.0,15.0,0.0,0.5,3.66,0.0,0.3,21.96,2.5
1.0,"2019-08-25 15:27:34.000000","2019-08-25 15:43:23.000000",3.0,4.1,1.0,N,234.0,45.0,2.0,15.5,2.5,0.5,0.0,0.0,0.3,18.8,2.5
2.0,"2019-08-25 16:00:02.000000","2019-08-25 16:31:49.000000",6.0,3.72,1.0,N,234.0,45.0,1.0,20.5,0.0,0.5,4.76,0.0,0.3,28.56,2.5
2.0,"2019-08-25 18:19:47.000000","2019-08-25 18:35:18.000000",1.0,2.21,1.0,N,234.0,45.0,2.0,11.5,0.0,0.5,0.0,0.0,0.3,14.8,2.5
1.0,"2019-08-25 19:13:42.000000","2019-08-25 19:34:12.000000",2.0,1.9,1.0,N,234.0,45.0,1.0,13.5,2.5,0.5,3.35,0.0,0.3,20.15,2.5
2.0,"2019-08-25 20:54:29.000000","2019-08-25 21:12:14.000000",1.0,4.47,1.0,N,234.0,45.0,2.0,17.0,0.5,0.5,0.0,0.0,0.3,20.8,2.5
2.0,"2019-08-25 20:55:48.000000","2019-08-25 21:06:22.000000",1.0,2.05,1.0,N,234.0,45.0,1.0,9.5,0.5,0.5,0.7,0.0,0.3,14.0,2.5
2.0,"2019-08-25 20:23:15.000000","2019-08-25 20:36:58.000000",2.0,2.01,1.0,N,234.0,45.0,2.0,10.5,0.5,0.5,0.0,0.0,0.3,14.3,2.5
2.0,"2019-08-25 21:00:44.000000","2019-08-25 21:19:48.000000",1.0,2.8,1.0,N,234.0,45.0,2.0,13.5,0.5,0.5,0.0,0.0,0.3,17.3,2.5
1.0,"2019-08-25 21:40:56.000000","2019-08-25 22:00:12.000000",2.0,2.9,1.0,N,234.0,45.0,1.0,14.0,3.0,0.5,3.55,0.0,0.3,21.35,2.5
1.0,"2019-08-26 00:03:46.000000","2019-08-26 00:13:15.000000",2.0,1.9,1.0,N,234.0,45.0,2.0,9.0,3.0,0.5,0.0,0.0,0.3,12.8,2.5
2.0,"2019-08-26 05:39:37.000000","2019-08-26 05:54:41.000000",2.0,2.17,1.0,N,234.0,45.0,2.0,11.5,0.0,0.5,0.0,0.0,0.3,14.8,2.5
1.0,"2019-08-26 08:06:22.000000","2019-08-26 08:20:58.000000",1.0,2.8,1.0,N,234.0,45.0,1.0,11.5,2.5,0.5,2.0,0.0,0.3,16.8,2.5
2.0,"2019-08-26 08:18:30.000000","2019-08-26 08:30:39.000000",1.0,2.31,1.0,N,234.0,45.0,1.0,10.5,0.0,0.5,2.76,0.0,0.3,16.56,2.5
1.0,"2019-08-26 10:52:52.000000","2019-08-26 11:13:31.000000",0.0,2.5,1.0,N,234.0,45.0,1.0,14.0,2.5,0.5,3.45,0.0,0.3,20.75,2.5
1.0,"2019-08-26 11:43:55.000000","2019-08-26 12:03:44.000000",1.0,2.6,1.0,N,234.0,45.0,1.0,14.0,2.5,0.5,3.45,0.0,0.3,20.75,2.5
1.0,"2019-08-26 12:05:46.000000","2019-08-26 12:27:20.000000",1.0,4.0,1.0,N,234.0,45.0,2.0,18.0,2.5,0.5,0.0,0.0,0.3,21.3,2.5
2.0,"2019-08-26 13:35:31.000000","2019-08-26 13:53:43.000000",1.0,2.37,1.0,N,234.0,45.0,2.0,13.0,0.0,0.5,0.0,0.0,0.3,16.3,2.5
1.0,"2019-08-26 18:21:09.000000","2019-08-26 18:45:21.000000",0.0,4.1,1.0,N,234.0,45.0,1.0,18.5,3.5,0.5,5.7,0.0,0.3,28.5,2.5
2.0,"2019-08-26 18:38:22.000000","2019-08-26 18:51:43.000000",1.0,2.07,1.0,N,234.0,45.0,1.0,10.5,1.0,0.5,2.96,0.0,0.3,17.76,2.5
1.0,"2019-08-26 19:15:47.000000","2019-08-26 19:28:52.000000",1.0,3.9,1.0,N,234.0,45.0,2.0,14.5,3.5,0.5,0.0,0.0,0.3,18.8,2.5
1.0,"2019-08-26 22:44:38.000000","2019-08-26 22:54:54.000000",2.0,1.7,1.0,Y,234.0,45.0,2.0,9.0,3.0,0.5,0.0,0.0,0.3,12.8,2.5
2.0,"2019-08-26 23:20:27.000000","2019-08-26 23:31:32.000000",2.0,2.42,1.0,N,234.0,45.0,1.0,10.0,0.5,0.5,2.2,0.0,0.3,16.0,2.5
1.0,"2019-08-27 01:40:35.000000","2019-08-27 01:45:46.000000",1.0,1.7,1.0,N,234.0,45.0,1.0,7.0,3.0,0.5,2.15,0.0,0.3,12.95,2.5
2.0,"2019-08-27 03:15:40.000000","2019-08-27 03:30:06.000000",2.0,3.06,1.0,N,234.0,45.0,2.0,12.5,0.5,0.5,0.0,0.0,0.3,16.3,2.5
1.0,"2019-08-27 10:26:40.000000","2019-08-27 10:51:30.000000",1.0,2.7,1.0,N,234.0,45.0,1.0,16.0,2.5,0.5,3.85,0.0,0.3,23.15,2.5
2.0,"2019-08-27 10:22:01.000000","2019-08-27 10:38:08.000000",1.0,1.93,1.0,N,234.0,45.0,2.0,11.5,0.0,0.5,0.0,0.0,0.3,14.8,2.5
1.0,"2019-08-27 10:28:36.000000","2019-08-27 10:55:54.000000",2.0,2.5,1.0,N,234.0,45.0,1.0,17.0,2.5,0.5,4.05,0.0,0.3,24.35,2.5
1.0,"2019-08-27 10:44:39.000000","2019-08-27 11:02:34.000000",3.0,2.1,1.0,N,234.0,45.0,1.0,12.0,2.5,0.5,2.3,0.0,0.3,17.6,2.5
2.0,"2019-08-27 11:46:22.000000","2019-08-27 12:12:17.000000",2.0,2.42,1.0,N,234.0,45.0,2.0,16.0,0.0,0.5,0.0,0.0,0.3,19.3,2.5
2.0,"2019-08-27 12:58:40.000000","2019-08-27 13:18:25.000000",1.0,2.71,1.0,N,234.0,45.0,1.0,14.5,0.0,0.5,3.56,0.0,0.3,21.36,2.5
1.0,"2019-08-27 13:06:59.000000","2019-08-27 13:24:18.000000",2.0,2.0,1.0,N,234.0,45.0,2.0,12.0,2.5,0.5,0.0,0.0,0.3,15.3,2.5
2.0,"2019-08-27 15:05:53.000000","2019-08-27 15:24:33.000000",1.0,2.06,1.0,N,234.0,45.0,1.0,13.0,0.0,0.5,3.26,0.0,0.3,19.56,2.5
2.0,"2019-08-27 16:33:16.000000","2019-08-27 16:55:29.000000",1.0,2.18,1.0,N,234.0,45.0,1.0,14.5,1.0,0.5,1.0,0.0,0.3,19.8,2.5
2.0,"2019-08-27 18:21:37.000000","2019-08-27 18:40:36.000000",1.0,2.17,1.0,N,234.0,45.0,1.0,13.0,1.0,0.5,2.0,0.0,0.3,19.3,2.5
2.0,"2019-08-27 19:50:29.000000","2019-08-27 20:05:14.000000",1.0,2.43,1.0,N,234.0,45.0,1.0,11.5,1.0,0.5,3.16,0.0,0.3,18.96,2.5
1.0,"2019-08-27 19:11:31.000000","2019-08-27 19:29:10.000000",4.0,2.5,1.0,N,234.0,45.0,2.0,12.5,3.5,0.5,0.0,0.0,0.3,16.8,2.5
2.0,"2019-08-27 19:44:01.000000","2019-08-27 19:55:10.000000",1.0,1.68,1.0,N,234.0,45.0,1.0,9.0,1.0,0.5,2.66,0.0,0.3,15.96,2.5
1.0,"2019-08-27 20:26:49.000000","2019-08-27 20:40:28.000000",1.0,2.1,1.0,N,234.0,45.0,1.0,10.5,3.0,0.5,4.25,0.0,0.3,18.55,2.5
1.0,"2019-08-27 22:06:46.000000","2019-08-27 22:23:04.000000",1.0,3.3,1.0,N,234.0,45.0,2.0,13.5,3.0,0.5,0.0,0.0,0.3,17.3,2.5
1.0,"2019-08-28 04:10:05.000000","2019-08-28 04:20:53.000000",1.0,2.8,1.0,N,234.0,45.0,2.0,11.0,3.0,0.5,0.0,0.0,0.3,14.8,2.5
2.0,"2019-08-28 13:05:35.000000","2019-08-28 13:20:21.000000",1.0,4.3,1.0,N,234.0,45.0,1.0,15.5,0.0,0.5,3.76,0.0,0.3,22.56,2.5
2.0,"2019-08-28 13:24:45.000000","2019-08-28 13:39:12.000000",1.0,2.02,1.0,N,234.0,45.0,2.0,10.5,0.0,0.5,0.0,0.0,0.3,13.8,2.5
1.0,"2019-08-28 13:26:26.000000","2019-08-28 13:42:43.000000",2.0,2.3,1.0,N,234.0,45.0,1.0,12.0,2.5,0.5,1.0,0.0,0.3,16.3,2.5
2.0,"2019-08-28 13:34:36.000000","2019-08-28 13:57:41.000000",1.0,4.09,1.0,N,234.0,45.0,2.0,18.5,0.0,0.5,0.0,0.0,0.3,21.8,2.5
2.0,"2019-08-28 16:32:56.000000","2019-08-28 16:57:59.000000",1.0,3.02,1.0,N,234.0,45.0,1.0,17.0,1.0,0.5,4.26,0.0,0.3,25.56,2.5
2.0,"2019-08-28 18:58:56.000000","2019-08-28 19:17:21.000000",1.0,2.47,1.0,N,234.0,45.0,1.0,12.5,1.0,0.5,3.36,0.0,0.3,20.16,2.5
2.0,"2019-08-28 18:34:51.000000","2019-08-28 18:50:58.000000",1.0,2.22,1.0,N,234.0,45.0,1.0,12.0,1.0,0.5,3.26,0.0,0.3,19.56,2.5
2.0,"2019-08-28 18:55:37.000000","2019-08-28 19:14:24.000000",5.0,2.24,1.0,N,234.0,45.0,1.0,13.0,1.0,0.5,4.32,0.0,0.3,21.62,2.5
2.0,"2019-08-28 20:50:51.000000","2019-08-28 20:59:51.000000",1.0,1.7,1.0,N,234.0,45.0,2.0,8.0,0.5,0.5,0.0,0.0,0.3,11.8,2.5
2.0,"2019-08-29 02:11:44.000000","2019-08-29 02:21:09.000000",1.0,1.92,1.0,N,234.0,45.0,1.0,9.0,0.5,0.5,2.0,0.0,0.3,14.8,2.5
1.0,"2019-08-29 11:21:49.000000","2019-08-29 11:51:35.000000",1.0,6.0,1.0,N,234.0,45.0,2.0,24.0,2.5,0.5,0.0,0.0,0.3,27.3,2.5
1.0,"2019-08-29 12:17:34.000000","2019-08-29 12:37:29.000000",1.0,2.1,1.0,N,234.0,45.0,2.0,13.0,2.5,0.5,0.0,0.0,0.3,16.3,2.5
1.0,"2019-08-29 12:24:13.000000","2019-08-29 12:44:18.000000",1.0,2.4,1.0,N,234.0,45.0,1.0,14.0,2.5,0.5,3.45,0.0,0.3,20.75,2.5
1.0,"2019-08-29 14:46:14.000000","2019-08-29 15:02:12.000000",1.0,2.1,1.0,N,234.0,45.0,1.0,11.5,2.5,0.5,2.95,0.0,0.3,17.75,2.5
1.0,"2019-08-29 15:30:07.000000","2019-08-29 15:46:04.000000",0.0,2.1,1.0,N,234.0,45.0,1.0,11.5,2.5,0.5,3.2,0.0,0.3,18.0,2.5
1.0,"2019-08-29 19:53:41.000000","2019-08-29 20:10:57.000000",1.0,2.5,1.0,N,234.0,45.0,2.0,13.0,3.5,0.5,0.0,0.0,0.3,17.3,2.5
2.0,"2019-08-29 19:14:49.000000","2019-08-29 19:30:09.000000",1.0,2.04,1.0,N,234.0,45.0,1.0,11.0,1.0,0.5,2.3,0.0,0.3,17.6,2.5
2.0,"2019-08-29 19:43:08.000000","2019-08-29 19:59:09.000000",1.0,2.12,1.0,N,234.0,45.0,2.0,11.5,1.0,0.5,0.0,0.0,0.3,15.8,2.5
2.0,"2019-08-29 20:26:47.000000","2019-08-29 20:43:19.000000",1.0,2.72,1.0,N,234.0,45.0,1.0,13.0,0.5,0.5,0.06,0.0,0.3,16.86,2.5
1.0,"2019-08-29 22:05:53.000000","2019-08-29 22:20:03.000000",1.0,2.0,1.0,Y,234.0,45.0,4.0,11.0,3.0,0.5,0.0,0.0,0.3,14.8,2.5
2.0,"2019-08-29 22:05:59.000000","2019-08-29 22:22:36.000000",3.0,2.32,1.0,N,234.0,45.0,2.0,12.5,0.5,0.5,0.0,0.0,0.3,16.3,2.5
2.0,"2019-08-29 22:48:26.000000","2019-08-29 23:02:04.000000",1.0,2.13,1.0,N,234.0,45.0,1.0,10.5,0.5,0.5,3.58,0.0,0.3,17.88,2.5
1.0,"2019-08-29 23:29:37.000000","2019-08-29 23:43:16.000000",1.0,2.5,1.0,N,234.0,45.0,1.0,11.0,3.0,0.5,3.7,0.0,0.3,18.5,2.5
2.0,"2019-08-30 00:27:43.000000","2019-08-30 00:37:49.000000",1.0,2.17,1.0,N,234.0,45.0,2.0,9.5,0.5,0.5,0.0,0.0,0.3,13.3,2.5
2.0,"2019-08-30 01:22:29.000000","2019-08-30 01:35:08.000000",1.0,2.34,1.0,N,234.0,45.0,1.0,11.0,0.5,0.5,3.7,0.0,0.3,18.5,2.5
2.0,"2019-08-30 10:46:57.000000","2019-08-30 11:02:02.000000",2.0,2.2,1.0,N,234.0,45.0,1.0,11.5,0.0,0.5,2.96,0.0,0.3,17.76,2.5
2.0,"2019-08-30 10:57:37.000000","2019-08-30 11:22:51.000000",1.0,2.13,1.0,N,234.0,45.0,1.0,16.0,0.0,0.5,3.86,0.0,0.3,23.16,2.5
1.0,"2019-08-30 11:39:41.000000","2019-08-30 12:02:09.000000",1.0,1.8,1.0,N,234.0,45.0,1.0,14.5,2.5,0.5,0.0,0.0,0.3,17.8,2.5
2.0,"2019-08-30 13:03:00.000000","2019-08-30 13:21:15.000000",1.0,3.59,1.0,N,234.0,45.0,2.0,15.5,0.0,0.5,0.0,0.0,0.3,18.8,2.5
2.0,"2019-08-30 13:26:56.000000","2019-08-30 13:50:16.000000",1.0,2.16,1.0,N,234.0,45.0,2.0,15.0,0.0,0.5,0.0,0.0,0.3,18.3,2.5
1.0,"2019-08-30 14:24:40.000000","2019-08-30 14:41:37.000000",1.0,3.5,1.0,N,234.0,45.0,1.0,15.0,2.5,0.5,3.65,0.0,0.3,21.95,2.5
1.0,"2019-08-30 15:05:01.000000","2019-08-30 15:26:17.000000",1.0,1.5,1.0,N,234.0,45.0,1.0,13.5,2.5,0.5,3.35,0.0,0.3,20.15,2.5
2.0,"2019-08-30 15:12:46.000000","2019-08-30 15:31:57.000000",1.0,3.86,1.0,N,234.0,45.0,1.0,16.5,0.0,0.5,3.96,0.0,0.3,23.76,2.5
1.0,"2019-08-30 17:33:59.000000","2019-08-30 17:53:16.000000",1.0,3.7,1.0,N,234.0,45.0,1.0,16.0,3.5,0.5,4.05,0.0,0.3,24.35,2.5
2.0,"2019-08-30 17:11:24.000000","2019-08-30 17:31:49.000000",1.0,2.6,1.0,N,234.0,45.0,2.0,14.5,1.0,0.5,0.0,0.0,0.3,18.8,2.5
2.0,"2019-08-30 21:13:48.000000","2019-08-30 21:34:24.000000",1.0,2.61,1.0,N,234.0,45.0,1.0,14.5,0.5,0.5,2.0,0.0,0.3,20.3,2.5
2.0,"2019-08-30 21:08:31.000000","2019-08-30 21:21:53.000000",1.0,3.67,1.0,N,234.0,45.0,1.0,13.5,0.5,0.5,3.46,0.0,0.3,20.76,2.5
2.0,"2019-08-30 21:17:28.000000","2019-08-30 21:29:54.000000",2.0,2.01,1.0,N,234.0,45.0,1.0,10.0,0.5,0.5,2.76,0.0,0.3,16.56,2.5
2.0,"2019-08-30 21:58:44.000000","2019-08-30 22:11:00.000000",2.0,1.85,1.0,N,234.0,45.0,2.0,10.0,0.5,0.5,0.0,0.0,0.3,13.8,2.5
2.0,"2019-08-31 04:35:35.000000","2019-08-31 04:48:29.000000",2.0,2.48,1.0,N,234.0,45.0,2.0,10.5,0.5,0.5,0.0,0.0,0.3,14.3,2.5
2.0,"2019-08-31 04:20:40.000000","2019-08-31 04:32:21.000000",3.0,2.84,1.0,N,234.0,45.0,1.0,11.0,0.5,0.5,2.96,0.0,0.3,17.76,2.5
2.0,"2019-08-31 08:15:07.000000","2019-08-31 08:32:24.000000",1.0,2.84,1.0,N,234.0,45.0,2.0,12.5,0.0,0.5,0.0,0.0,0.3,15.8,2.5
2.0,"2019-08-31 12:44:30.000000","2019-08-31 12:58:52.000000",1.0,2.05,1.0,N,234.0,45.0,1.0,11.5,0.0,0.5,2.0,0.0,0.3,16.8,2.5
2.0,"2019-08-31 12:30:16.000000","2019-08-31 12:44:19.000000",6.0,1.82,1.0,N,234.0,45.0,1.0,10.5,0.0,0.5,2.76,0.0,0.3,16.56,2.5
2.0,"2019-08-31 13:18:26.000000","2019-08-31 13:35:11.000000",5.0,2.36,1.0,N,234.0,45.0,1.0,12.0,0.0,0.5,3.06,0.0,0.3,18.36,2.5
2.0,"2019-08-31 14:04:24.000000","2019-08-31 14:22:59.000000",1.0,2.53,1.0,N,234.0,45.0,1.0,13.0,0.0,0.5,3.26,0.0,0.3,19.56,2.5
2.0,"2019-08-31 15:54:33.000000","2019-08-31 16:07:48.000000",1.0,2.05,1.0,N,234.0,45.0,2.0,10.5,0.0,0.5,0.0,0.0,0.3,13.8,2.5
1.0,"2019-08-31 15:58:57.000000","2019-08-31 16:14:42.000000",2.0,2.0,1.0,N,234.0,45.0,1.0,11.5,2.5,0.5,2.0,0.0,0.3,16.8,2.5
1.0,"2019-08-31 17:34:48.000000","2019-08-31 17:50:15.000000",2.0,3.9,1.0,N,234.0,45.0,2.0,14.5,2.5,0.5,0.0,0.0,0.3,17.8,2.5
2.0,"2019-08-31 18:14:28.000000","2019-08-31 18:29:29.000000",1.0,4.63,1.0,N,234.0,45.0,2.0,16.5,0.0,0.5,0.0,0.0,0.3,19.8,2.5
2.0,"2019-08-31 19:49:07.000000","2019-08-31 20:05:12.000000",1.0,4.0,1.0,N,234.0,45.0,2.0,15.5,0.0,0.5,0.0,0.0,0.3,18.8,2.5
2.0,"2019-08-31 20:00:01.000000","2019-08-31 20:12:46.000000",1.0,1.66,1.0,N,234.0,45.0,2.0,9.5,0.5,0.5,0.0,0.0,0.3,13.3,2.5
2.0,"2019-08-31 21:43:01.000000","2019-08-31 21:59:45.000000",1.0,2.61,1.0,N,234.0,45.0,1.0,12.5,0.5,0.5,3.26,0.0,0.3,19.56,2.5
2.0,"2019-08-31 21:58:14.000000","2019-08-31 22:10:29.000000",1.0,2.14,1.0,N,234.0,45.0,2.0,10.0,0.5,0.5,0.0,0.0,0.3,13.8,2.5
2.0,"2019-08-31 23:38:57.000000","2019-08-31 23:51:01.000000",2.0,2.06,1.0,N,234.0,45.0,1.0,10.0,0.5,0.5,2.76,0.0,0.3,16.56,2.5
1.0,"2019-08-31 23:19:13.000000","2019-08-31 23:31:22.000000",3.0,2.0,1.0,N,234.0,45.0,1.0,10.0,3.0,0.5,0.0,0.0,0.3,13.8,2.5
1.0,"2019-08-31 23:18:46.000000","2019-08-31 23:29:50.000000",1.0,1.7,1.0,N,234.0,45.0,1.0,9.0,3.0,0.5,2.56,0.0,0.3,15.36,2.5
2.0,"2019-08-31 23:13:32.000000","2019-08-31 23:25:33.000000",4.0,1.96,1.0,N,234.0,45.0,2.0,10.0,0.5,0.5,0.0,0.0,0.3,13.8,2.5
2.0,"2019-08-31 23:36:30.000000","2019-08-31 23:51:02.000000",1.0,2.86,1.0,N,234.0,45.0,1.0,12.0,0.5,0.5,3.16,0.0,0.3,18.96,2.5
,"2019-08-21 10:56:56.000000","2019-08-21 11:18:50.000000",,3.49,,,234.0,45.0,,17.62,2.75,0.0,0.0,0.0,0.3,20.67,0.0
,"2019-08-27 11:48:00.000000","2019-08-27 12:04:00.000000",,2.08,,,234.0,45.0,,21.95,2.75,0.5,0.0,0.0,0.3,25.5,0.0
