2.0,"2019-08-01 00:14:22.000000","2019-08-01 00:43:32.000000",3.0,6.17,1.0,N,234.0,49.0,1.0,23.5,0.5,0.5,5.46,0.0,0.3,32.76,2.5
1.0,"2019-08-01 00:13:45.000000","2019-08-01 00:36:07.000000",1.0,5.1,1.0,N,234.0,49.0,1.0,19.0,3.0,0.5,4.55,0.0,0.3,27.35,2.5
2.0,"2019-08-01 18:48:50.000000","2019-08-01 19:20:27.000000",1.0,5.28,1.0,N,234.0,49.0,1.0,23.0,1.0,0.5,5.46,0.0,0.3,32.76,2.5
2.0,"2019-08-01 18:51:59.000000","2019-08-01 19:19:59.000000",1.0,7.04,1.0,N,234.0,49.0,1.0,25.0,1.0,0.5,5.86,0.0,0.3,35.16,2.5
2.0,"2019-08-01 19:29:59.000000","2019-08-01 19:47:33.000000",1.0,4.76,1.0,N,234.0,49.0,1.0,16.5,1.0,0.5,4.16,0.0,0.3,24.96,2.5
2.0,"2019-08-01 19:57:33.000000","2019-08-01 20:24:09.000000",1.0,4.79,1.0,N,234.0,49.0,1.0,20.0,1.0,0.5,4.86,0.0,0.3,29.16,2.5
1.0,"2019-08-01 19:12:12.000000","2019-08-01 19:37:50.000000",1.0,4.9,1.0,N,234.0,49.0,1.0,20.0,3.5,0.5,4.85,0.0,0.3,29.15,2.5
2.0,"2019-08-01 20:47:58.000000","2019-08-01 21:15:11.000000",1.0,8.59,1.0,N,234.0,49.0,1.0,28.0,0.5,0.5,7.58,6.12,0.3,45.5,2.5
1.0,"2019-08-01 22:23:11.000000","2019-08-01 22:52:49.000000",2.0,5.7,1.0,N,234.0,49.0,1.0,22.0,3.0,0.5,5.15,0.0,0.3,30.95,2.5
2.0,"2019-08-01 22:08:41.000000","2019-08-01 22:42:27.000000",1.0,5.68,1.0,N,234.0,49.0,1.0,23.5,0.5,0.5,5.46,0.0,0.3,32.76,2.5
2.0,"2019-08-01 22:48:46.000000","2019-08-01 23:15:53.000000",2.0,5.3,1.0,N,234.0,49.0,1.0,20.5,0.5,0.5,4.86,0.0,0.3,29.16,2.5
2.0,"2019-08-02 11:28:24.000000","2019-08-02 11:54:08.000000",2.0,4.69,1.0,N,234.0,49.0,1.0,20.0,0.0,0.5,5.0,0.0,0.3,28.3,2.5
2.0,"2019-08-02 14:42:11.000000","2019-08-02 15:10:52.000000",1.0,4.87,1.0,N,234.0,49.0,1.0,21.5,0.0,0.5,4.96,0.0,0.3,29.76,2.5
1.0,"2019-08-02 18:29:41.000000","2019-08-02 19:16:53.000000",1.0,5.1,1.0,N,234.0,49.0,1.0,30.0,3.5,0.5,5.0,0.0,0.3,39.3,2.5
1.0,"2019-08-02 18:23:55.000000","2019-08-02 18:57:15.000000",1.0,5.6,1.0,N,234.0,49.0,1.0,24.5,3.5,0.5,5.75,0.0,0.3,34.55,2.5
1.0,"2019-08-02 20:38:00.000000","2019-08-02 21:04:29.000000",2.0,4.9,1.0,N,234.0,49.0,1.0,20.5,3.0,0.5,4.86,0.0,0.3,29.16,2.5
2.0,"2019-08-02 20:14:39.000000","2019-08-02 20:39:36.000000",5.0,4.69,1.0,N,234.0,49.0,1.0,19.5,0.5,0.5,3.0,0.0,0.3,26.3,2.5
2.0,"2019-08-02 20:38:07.000000","2019-08-02 21:10:29.000000",1.0,5.99,1.0,N,234.0,49.0,1.0,24.0,0.5,0.5,5.56,0.0,0.3,33.36,2.5
2.0,"2019-08-02 21:06:45.000000","2019-08-02 21:35:45.000000",2.0,5.36,1.0,N,234.0,49.0,1.0,21.5,0.5,0.5,5.06,0.0,0.3,30.36,2.5
1.0,"2019-08-02 21:10:38.000000","2019-08-02 21:47:25.000000",1.0,5.4,1.0,N,234.0,49.0,1.0,24.5,3.0,0.5,5.65,0.0,0.3,33.95,2.5
2.0,"2019-08-02 22:44:25.000000","2019-08-02 23:15:33.000000",1.0,4.81,1.0,N,234.0,49.0,1.0,22.0,0.5,0.5,6.45,0.0,0.3,32.25,2.5
2.0,"2019-08-03 01:22:59.000000","2019-08-03 01:42:32.000000",1.0,5.23,1.0,N,234.0,49.0,1.0,18.5,0.5,0.5,5.58,0.0,0.3,27.88,2.5
2.0,"2019-08-03 18:50:29.000000","2019-08-03 19:20:01.000000",1.0,5.25,1.0,N,234.0,49.0,2.0,22.0,0.0,0.5,0.0,0.0,0.3,25.3,2.5
2.0,"2019-08-03 20:18:52.000000","2019-08-03 20:48:23.000000",1.0,6.59,1.0,N,234.0,49.0,1.0,25.0,0.5,0.5,5.76,0.0,0.3,34.56,2.5
2.0,"2019-08-03 21:29:11.000000","2019-08-03 21:58:23.000000",3.0,5.96,1.0,N,234.0,49.0,1.0,22.0,0.5,0.5,5.16,0.0,0.3,30.96,2.5
2.0,"2019-08-03 23:03:17.000000","2019-08-03 23:34:12.000000",5.0,5.75,1.0,N,234.0,49.0,1.0,23.0,0.5,0.5,4.0,0.0,0.3,30.8,2.5
2.0,"2019-08-04 00:17:50.000000","2019-08-04 00:46:34.000000",1.0,5.2,1.0,N,234.0,49.0,1.0,21.5,0.5,0.5,5.06,0.0,0.3,30.36,2.5
2.0,"2019-08-04 01:06:42.000000","2019-08-04 01:32:15.000000",1.0,4.97,1.0,N,234.0,49.0,1.0,19.5,0.5,0.5,4.66,0.0,0.3,27.96,2.5
2.0,"2019-08-04 00:43:27.000000","2019-08-04 01:06:45.000000",1.0,5.24,1.0,N,234.0,49.0,1.0,19.5,0.5,0.5,4.66,0.0,0.3,27.96,2.5
2.0,"2019-08-04 20:10:00.000000","2019-08-04 20:34:25.000000",1.0,4.88,1.0,N,234.0,49.0,1.0,19.0,0.5,0.5,4.56,0.0,0.3,27.36,2.5
1.0,"2019-08-05 15:54:58.000000","2019-08-05 16:32:02.000000",1.0,5.6,1.0,N,234.0,49.0,1.0,24.5,3.5,0.5,2.0,0.0,0.3,30.8,2.5
2.0,"2019-08-05 20:28:56.000000","2019-08-05 20:55:21.000000",1.0,5.83,1.0,N,234.0,49.0,1.0,22.0,0.5,0.5,5.16,0.0,0.3,30.96,2.5
2.0,"2019-08-05 23:01:14.000000","2019-08-05 23:27:32.000000",2.0,7.48,1.0,N,234.0,49.0,1.0,25.0,0.5,0.5,5.76,0.0,0.3,34.56,2.5
2.0,"2019-08-06 09:31:35.000000","2019-08-06 10:03:11.000000",1.0,5.22,1.0,N,234.0,49.0,1.0,23.5,0.0,0.5,5.36,0.0,0.3,32.16,2.5
1.0,"2019-08-06 12:45:53.000000","2019-08-06 13:22:57.000000",1.0,5.7,1.0,N,234.0,49.0,1.0,25.5,2.5,0.5,5.75,0.0,0.3,34.55,2.5
2.0,"2019-08-06 18:32:29.000000","2019-08-06 19:03:56.000000",1.0,5.16,1.0,N,234.0,49.0,2.0,22.5,1.0,0.5,0.0,0.0,0.3,26.8,2.5
2.0,"2019-08-06 20:35:28.000000","2019-08-06 21:03:34.000000",3.0,4.84,1.0,N,234.0,49.0,1.0,20.0,0.5,0.5,4.76,0.0,0.3,28.56,2.5
1.0,"2019-08-06 20:02:50.000000","2019-08-06 20:28:07.000000",0.0,5.1,1.0,N,234.0,49.0,1.0,20.0,3.0,0.5,4.75,0.0,0.3,28.55,2.5
2.0,"2019-08-06 21:26:06.000000","2019-08-06 21:49:50.000000",2.0,4.85,1.0,N,234.0,49.0,1.0,18.5,0.5,0.5,4.46,0.0,0.3,26.76,2.5
2.0,"2019-08-06 21:11:54.000000","2019-08-06 21:34:47.000000",1.0,4.54,1.0,N,234.0,49.0,2.0,17.5,0.5,0.5,0.0,0.0,0.3,21.3,2.5
2.0,"2019-08-06 21:52:03.000000","2019-08-06 22:14:12.000000",4.0,5.19,1.0,N,234.0,49.0,1.0,18.5,0.5,0.5,1.0,0.0,0.3,23.3,2.5
2.0,"2019-08-06 21:13:23.000000","2019-08-06 21:50:15.000000",3.0,5.71,1.0,N,234.0,49.0,1.0,25.5,0.5,0.5,5.86,0.0,0.3,35.16,2.5
2.0,"2019-08-06 22:41:29.000000","2019-08-06 23:06:12.000000",1.0,5.79,1.0,N,234.0,49.0,1.0,21.0,0.5,0.5,7.44,0.0,0.3,32.24,2.5
1.0,"2019-08-06 23:27:44.000000","2019-08-06 23:55:40.000000",1.0,6.1,1.0,N,234.0,49.0,1.0,21.5,3.0,0.5,9.0,0.0,0.3,34.3,2.5
2.0,"2019-08-06 23:04:15.000000","2019-08-06 23:29:49.000000",1.0,7.16,1.0,N,234.0,49.0,1.0,24.5,0.5,0.5,5.66,0.0,0.3,33.96,2.5
2.0,"2019-08-07 15:32:38.000000","2019-08-07 16:11:36.000000",1.0,5.6,1.0,N,234.0,49.0,1.0,26.5,0.0,0.5,5.96,0.0,0.3,35.76,2.5
1.0,"2019-08-07 19:59:39.000000","2019-08-07 20:37:51.000000",1.0,5.8,1.0,N,234.0,49.0,1.0,25.5,3.5,0.5,4.0,0.0,0.3,33.8,2.5
2.0,"2019-08-07 19:17:50.000000","2019-08-07 19:44:47.000000",1.0,5.0,1.0,N,234.0,49.0,1.0,20.5,1.0,0.5,4.96,0.0,0.3,29.76,2.5
2.0,"2019-08-07 20:57:14.000000","2019-08-07 21:29:40.000000",1.0,5.63,1.0,N,234.0,49.0,1.0,23.5,0.5,0.5,5.46,0.0,0.3,32.76,2.5
2.0,"2019-08-07 19:59:43.000000","2019-08-07 20:32:39.000000",1.0,5.58,1.0,N,234.0,49.0,1.0,24.0,0.5,0.5,5.56,0.0,0.3,33.36,2.5
2.0,"2019-08-07 22:13:34.000000","2019-08-07 22:36:45.000000",1.0,4.71,1.0,N,234.0,49.0,1.0,19.0,0.5,0.5,4.56,0.0,0.3,27.36,2.5
2.0,"2019-08-07 23:41:53.000000","2019-08-08 00:07:18.000000",3.0,5.62,1.0,N,234.0,49.0,1.0,21.0,0.5,0.5,4.96,0.0,0.3,29.76,2.5
2.0,"2019-08-08 18:34:09.000000","2019-08-08 19:06:55.000000",1.0,4.78,1.0,N,234.0,49.0,1.0,23.0,1.0,0.5,4.1,0.0,0.3,31.4,2.5
2.0,"2019-08-08 18:55:42.000000","2019-08-08 19:20:33.000000",1.0,4.6,1.0,N,234.0,49.0,1.0,19.0,1.0,0.5,4.66,0.0,0.3,27.96,2.5
2.0,"2019-08-08 18:21:42.000000","2019-08-08 18:54:03.000000",1.0,5.03,1.0,N,234.0,49.0,2.0,22.0,1.0,0.5,0.0,0.0,0.3,26.3,2.5
1.0,"2019-08-08 18:19:21.000000","2019-08-08 18:50:24.000000",1.0,4.9,1.0,N,234.0,49.0,1.0,21.5,3.5,0.5,4.0,0.0,0.3,29.8,2.5
2.0,"2019-08-08 21:23:15.000000","2019-08-08 22:03:51.000000",1.0,5.56,1.0,N,234.0,49.0,1.0,26.0,0.5,0.5,11.11,0.0,0.3,40.91,2.5
1.0,"2019-08-08 21:37:24.000000","2019-08-08 22:06:48.000000",1.0,4.9,1.0,N,234.0,49.0,1.0,20.5,3.0,0.5,6.05,0.0,0.3,30.35,2.5
2.0,"2019-08-08 21:10:07.000000","2019-08-08 21:37:13.000000",1.0,4.94,1.0,N,234.0,49.0,2.0,19.5,0.5,0.5,0.0,0.0,0.3,23.3,2.5
2.0,"2019-08-08 22:10:25.000000","2019-08-08 22:39:54.000000",2.0,5.1,1.0,N,234.0,49.0,1.0,22.0,0.5,0.5,5.16,0.0,0.3,30.96,2.5
2.0,"2019-08-08 23:48:07.000000","2019-08-09 00:18:03.000000",1.0,5.9,1.0,N,234.0,49.0,1.0,23.5,0.5,0.5,5.46,0.0,0.3,32.76,2.5
2.0,"2019-08-09 11:56:42.000000","2019-08-09 12:23:50.000000",1.0,4.8,1.0,N,234.0,49.0,1.0,20.0,0.0,0.5,5.82,0.0,0.3,29.12,2.5
1.0,"2019-08-09 14:31:20.000000","2019-08-09 15:00:31.000000",1.0,5.5,1.0,N,234.0,49.0,1.0,22.0,2.5,0.5,5.05,0.0,0.3,30.35,2.5
2.0,"2019-08-09 19:23:29.000000","2019-08-09 19:57:24.000000",2.0,5.37,1.0,N,234.0,49.0,1.0,24.0,1.0,0.5,6.3,0.0,0.3,34.6,2.5
2.0,"2019-08-09 18:58:24.000000","2019-08-09 19:28:12.000000",1.0,7.1,1.0,N,234.0,49.0,1.0,26.0,1.0,0.5,6.06,0.0,0.3,36.36,2.5
1.0,"2019-08-10 01:30:31.000000","2019-08-10 02:09:39.000000",1.0,8.3,1.0,N,234.0,49.0,2.0,28.5,3.0,0.5,0.0,0.0,0.3,32.3,2.5
1.0,"2019-08-10 11:52:37.000000","2019-08-10 12:24:28.000000",1.0,5.2,1.0,N,234.0,49.0,1.0,23.5,2.5,0.5,5.0,0.0,0.3,31.8,2.5
1.0,"2019-08-10 14:37:58.000000","2019-08-10 15:24:44.000000",1.0,5.7,1.0,N,234.0,49.0,1.0,31.0,2.5,0.5,6.85,0.0,0.3,41.15,2.5
1.0,"2019-08-10 18:02:14.000000","2019-08-10 18:27:41.000000",2.0,5.5,1.0,N,234.0,49.0,2.0,21.5,2.5,0.5,0.0,0.0,0.3,24.8,2.5
2.0,"2019-08-10 22:50:59.000000","2019-08-10 23:16:34.000000",3.0,4.93,1.0,N,234.0,49.0,1.0,20.0,0.5,0.5,3.57,0.0,0.3,29.32,2.5
1.0,"2019-08-10 22:04:59.000000","2019-08-10 22:35:29.000000",1.0,6.0,1.0,N,234.0,49.0,1.0,24.0,3.0,0.5,5.55,0.0,0.3,33.35,2.5
2.0,"2019-08-11 13:33:05.000000","2019-08-11 13:56:56.000000",1.0,5.18,1.0,N,234.0,49.0,1.0,20.0,0.0,0.5,4.66,0.0,0.3,27.96,2.5
1.0,"2019-08-11 19:05:49.000000","2019-08-11 19:33:41.000000",1.0,5.6,1.0,N,234.0,49.0,1.0,22.0,2.5,0.5,5.06,0.0,0.3,30.36,2.5
1.0,"2019-08-12 16:09:37.000000","2019-08-12 16:41:45.000000",0.0,5.9,1.0,Y,234.0,49.0,2.0,23.5,3.5,0.5,0.0,0.0,0.3,27.8,2.5
2.0,"2019-08-12 17:52:59.000000","2019-08-12 18:13:36.000000",1.0,4.43,1.0,N,234.0,49.0,1.0,17.0,1.0,0.5,3.5,0.0,0.3,24.8,2.5
1.0,"2019-08-12 19:18:27.000000","2019-08-12 19:42:31.000000",1.0,4.9,1.0,N,234.0,49.0,1.0,19.0,3.5,0.5,4.65,0.0,0.3,27.95,2.5
2.0,"2019-08-12 19:44:46.000000","2019-08-13 19:42:16.000000",1.0,5.61,1.0,N,234.0,49.0,1.0,21.5,1.0,0.5,5.16,0.0,0.3,30.96,2.5
2.0,"2019-08-12 21:20:47.000000","2019-08-12 21:44:21.000000",1.0,5.03,1.0,N,234.0,49.0,1.0,19.5,0.5,0.5,2.0,0.0,0.3,25.3,2.5
2.0,"2019-08-12 21:25:21.000000","2019-08-12 21:51:19.000000",5.0,5.73,1.0,N,234.0,49.0,1.0,21.5,0.5,0.5,5.06,0.0,0.3,30.36,2.5
2.0,"2019-08-12 22:49:07.000000","2019-08-12 23:10:31.000000",2.0,4.98,1.0,N,234.0,49.0,1.0,19.0,0.5,0.5,4.56,0.0,0.3,27.36,2.5
2.0,"2019-08-12 23:39:21.000000","2019-08-12 23:59:34.000000",5.0,4.85,1.0,N,234.0,49.0,1.0,18.0,0.5,0.5,5.45,0.0,0.3,27.25,2.5
1.0,"2019-08-13 00:26:55.000000","2019-08-13 00:49:14.000000",1.0,6.9,1.0,N,234.0,49.0,1.0,23.0,3.0,0.5,5.35,0.0,0.3,32.15,2.5
1.0,"2019-08-13 21:06:24.000000","2019-08-13 21:30:13.000000",1.0,4.9,1.0,N,234.0,49.0,1.0,18.5,3.0,0.5,3.0,0.0,0.3,25.3,2.5
2.0,"2019-08-13 21:53:15.000000","2019-08-13 22:15:28.000000",3.0,5.4,1.0,N,234.0,49.0,2.0,19.5,0.5,0.5,0.0,0.0,0.3,23.3,2.5
2.0,"2019-08-13 22:07:34.000000","2019-08-13 22:32:12.000000",3.0,5.56,1.0,N,234.0,49.0,1.0,20.5,0.5,0.5,4.86,0.0,0.3,29.16,2.5
2.0,"2019-08-13 22:42:41.000000","2019-08-13 23:02:47.000000",1.0,4.97,1.0,N,234.0,49.0,1.0,18.0,0.5,0.5,4.36,0.0,0.3,26.16,2.5
1.0,"2019-08-13 23:27:17.000000","2019-08-13 23:50:35.000000",1.0,4.8,1.0,N,234.0,49.0,1.0,18.5,3.0,0.5,4.01,0.0,0.3,26.31,2.5
2.0,"2019-08-14 11:28:17.000000","2019-08-14 12:13:13.000000",1.0,6.24,1.0,N,234.0,49.0,1.0,29.5,0.0,0.5,6.56,0.0,0.3,39.36,2.5
2.0,"2019-08-14 12:09:57.000000","2019-08-14 12:36:30.000000",1.0,4.47,1.0,N,234.0,49.0,1.0,19.5,0.0,0.5,4.56,0.0,0.3,27.36,2.5
1.0,"2019-08-14 20:39:34.000000","2019-08-14 21:07:13.000000",1.0,5.1,1.0,N,234.0,49.0,1.0,20.5,3.0,0.5,4.85,0.0,0.3,29.15,2.5
2.0,"2019-08-14 20:19:29.000000","2019-08-14 20:48:53.000000",1.0,5.49,1.0,N,234.0,49.0,1.0,22.0,0.5,0.5,5.0,0.0,0.3,30.8,2.5
1.0,"2019-08-14 21:24:13.000000","2019-08-14 21:50:40.000000",1.0,5.4,1.0,N,234.0,49.0,1.0,20.5,3.0,0.5,4.85,0.0,0.3,29.15,2.5
1.0,"2019-08-14 22:51:59.000000","2019-08-14 23:14:29.000000",1.0,5.1,1.0,N,234.0,49.0,1.0,19.0,3.0,0.5,4.55,0.0,0.3,27.35,2.5
2.0,"2019-08-14 22:10:35.000000","2019-08-14 22:34:07.000000",2.0,4.68,1.0,N,234.0,49.0,1.0,19.5,0.5,0.5,4.0,0.0,0.3,27.3,2.5
2.0,"2019-08-14 22:23:33.000000","2019-08-14 22:44:43.000000",2.0,4.47,1.0,N,234.0,49.0,1.0,17.5,0.5,0.5,4.26,0.0,0.3,25.56,2.5
1.0,"2019-08-14 22:44:45.000000","2019-08-14 23:09:43.000000",0.0,5.7,1.0,N,234.0,49.0,1.0,21.0,3.0,0.5,4.95,0.0,0.3,29.75,2.5
1.0,"2019-08-14 23:57:52.000000","2019-08-15 00:17:34.000000",1.0,4.8,1.0,N,234.0,49.0,1.0,18.5,3.0,0.5,4.46,0.0,0.3,26.76,2.5
1.0,"2019-08-15 17:28:55.000000","2019-08-15 18:01:18.000000",2.0,4.6,1.0,N,234.0,49.0,1.0,23.0,3.5,0.5,6.8,0.0,0.3,34.1,2.5
2.0,"2019-08-15 18:56:33.000000","2019-08-15 19:26:55.000000",1.0,5.06,1.0,N,234.0,49.0,1.0,21.0,1.0,0.5,5.06,0.0,0.3,30.36,2.5
2.0,"2019-08-15 19:58:30.000000","2019-08-15 20:25:45.000000",1.0,4.79,1.0,N,234.0,49.0,1.0,20.0,1.0,0.5,4.86,0.0,0.3,29.16,2.5
2.0,"2019-08-15 20:57:19.000000","2019-08-15 21:27:28.000000",5.0,5.32,1.0,N,234.0,49.0,1.0,22.0,0.5,0.5,5.16,0.0,0.3,30.96,2.5
2.0,"2019-08-15 20:34:14.000000","2019-08-15 21:08:59.000000",1.0,5.95,1.0,N,234.0,49.0,1.0,25.0,0.5,0.5,5.76,0.0,0.3,34.56,2.5
2.0,"2019-08-15 20:53:49.000000","2019-08-15 21:21:57.000000",6.0,5.72,1.0,N,234.0,49.0,1.0,22.0,0.5,0.5,5.16,0.0,0.3,30.96,2.5
2.0,"2019-08-15 22:00:34.000000","2019-08-15 22:24:39.000000",2.0,5.26,1.0,N,234.0,49.0,1.0,20.0,0.5,0.5,5.0,0.0,0.3,28.8,2.5
2.0,"2019-08-15 22:29:31.000000","2019-08-15 22:54:22.000000",1.0,4.76,1.0,N,234.0,49.0,1.0,19.5,0.5,0.5,5.82,0.0,0.3,29.12,2.5
2.0,"2019-08-15 22:34:26.000000","2019-08-15 23:00:04.000000",1.0,5.49,1.0,N,234.0,49.0,1.0,20.5,0.5,0.5,4.86,0.0,0.3,29.16,2.5
2.0,"2019-08-15 22:03:24.000000","2019-08-15 22:25:01.000000",3.0,4.75,1.0,N,234.0,49.0,1.0,18.0,0.5,0.5,4.36,0.0,0.3,28.11,2.5
1.0,"2019-08-15 23:38:45.000000","2019-08-15 23:59:24.000000",1.0,4.5,1.0,N,234.0,49.0,1.0,17.5,3.0,0.5,5.3,0.0,0.3,26.6,2.5
2.0,"2019-08-15 23:55:42.000000","2019-08-16 00:16:09.000000",4.0,4.94,1.0,N,234.0,49.0,1.0,18.0,0.5,0.5,4.0,0.0,0.3,25.8,2.5
2.0,"2019-08-15 23:29:18.000000","2019-08-15 23:49:48.000000",5.0,4.73,1.0,N,234.0,49.0,1.0,17.5,0.5,0.5,5.32,0.0,0.3,26.62,2.5
2.0,"2019-08-16 00:12:09.000000","2019-08-16 00:35:59.000000",1.0,5.38,1.0,N,234.0,49.0,1.0,20.5,0.5,0.5,6.08,0.0,0.3,30.38,2.5
2.0,"2019-08-16 01:11:44.000000","2019-08-16 01:39:25.000000",1.0,5.88,1.0,N,234.0,49.0,1.0,22.5,0.5,0.5,3.94,0.0,0.3,30.24,2.5
1.0,"2019-08-16 16:24:30.000000","2019-08-16 16:57:20.000000",1.0,4.6,1.0,N,234.0,49.0,1.0,23.0,3.5,0.5,5.45,0.0,0.3,32.75,2.5
2.0,"2019-08-16 21:23:24.000000","2019-08-16 21:57:05.000000",2.0,5.13,1.0,N,234.0,49.0,1.0,23.5,0.5,0.5,5.46,0.0,0.3,32.76,2.5
1.0,"2019-08-17 01:09:57.000000","2019-08-17 01:40:21.000000",0.0,8.6,1.0,N,234.0,49.0,1.0,29.0,3.0,0.5,6.55,0.0,0.3,39.35,2.5
2.0,"2019-08-17 03:19:23.000000","2019-08-17 03:36:55.000000",1.0,5.37,1.0,N,234.0,49.0,1.0,18.0,0.5,0.5,3.0,0.0,0.3,24.8,2.5
1.0,"2019-08-17 15:20:48.000000","2019-08-17 15:49:10.000000",1.0,5.1,1.0,N,234.0,49.0,1.0,21.5,2.5,0.5,6.5,0.0,0.3,31.3,2.5
2.0,"2019-08-17 15:59:41.000000","2019-08-17 16:35:01.000000",1.0,6.26,1.0,N,234.0,49.0,1.0,25.0,0.0,0.5,5.66,0.0,0.3,33.96,2.5
2.0,"2019-08-17 17:36:44.000000","2019-08-17 18:13:46.000000",1.0,7.68,1.0,N,234.0,49.0,1.0,29.0,0.0,0.5,6.46,0.0,0.3,38.76,2.5
1.0,"2019-08-17 18:47:27.000000","2019-08-17 19:22:07.000000",2.0,5.2,1.0,N,234.0,49.0,1.0,24.0,2.5,0.5,4.1,0.0,0.3,31.4,2.5
1.0,"2019-08-17 19:50:42.000000","2019-08-17 20:18:36.000000",1.0,4.8,1.0,N,234.0,49.0,1.0,21.5,3.0,0.5,5.05,0.0,0.3,30.35,2.5
1.0,"2019-08-17 22:09:47.000000","2019-08-17 22:34:38.000000",1.0,5.6,1.0,N,234.0,49.0,1.0,21.0,3.0,0.5,6.2,0.0,0.3,31.0,2.5
1.0,"2019-08-18 00:28:52.000000","2019-08-18 00:49:13.000000",2.0,4.8,1.0,N,234.0,49.0,2.0,18.0,3.0,0.5,0.0,0.0,0.3,21.8,2.5
2.0,"2019-08-18 17:16:08.000000","2019-08-18 17:47:59.000000",1.0,5.62,1.0,N,234.0,49.0,2.0,22.0,0.0,0.5,0.0,0.0,0.3,25.3,2.5
2.0,"2019-08-18 18:10:52.000000","2019-08-18 18:41:38.000000",1.0,5.04,1.0,N,234.0,49.0,1.0,22.0,0.0,0.5,5.06,0.0,0.3,32.31,2.5
2.0,"2019-08-18 19:35:26.000000","2019-08-18 20:02:09.000000",1.0,5.08,1.0,N,234.0,49.0,1.0,20.0,0.0,0.5,4.66,0.0,0.3,27.96,2.5
1.0,"2019-08-18 19:52:48.000000","2019-08-18 20:19:12.000000",1.0,5.2,1.0,N,234.0,49.0,1.0,20.5,2.5,0.5,5.95,0.0,0.3,29.75,2.5
1.0,"2019-08-19 04:27:09.000000","2019-08-19 04:45:24.000000",1.0,5.5,1.0,N,234.0,49.0,2.0,19.0,3.0,0.5,0.0,0.0,0.3,22.8,2.5
2.0,"2019-08-19 14:23:14.000000","2019-08-19 14:56:56.000000",1.0,5.18,1.0,N,234.0,49.0,2.0,23.0,0.0,0.5,0.0,0.0,0.3,26.3,2.5
1.0,"2019-08-19 16:20:11.000000","2019-08-19 16:58:02.000000",2.0,6.8,1.0,N,234.0,49.0,1.0,27.5,3.5,0.5,5.0,0.0,0.3,36.8,2.5
2.0,"2019-08-19 19:08:53.000000","2019-08-19 19:33:22.000000",1.0,4.79,1.0,N,234.0,49.0,1.0,19.5,1.0,0.5,5.0,0.0,0.3,28.8,2.5
2.0,"2019-08-19 19:31:03.000000","2019-08-19 20:03:13.000000",1.0,7.82,1.0,N,234.0,49.0,2.0,28.0,1.0,0.5,0.0,0.0,0.3,32.3,2.5
2.0,"2019-08-19 21:59:24.000000","2019-08-19 22:23:59.000000",1.0,5.4,1.0,N,234.0,49.0,1.0,20.5,0.5,0.5,4.86,0.0,0.3,29.16,2.5
2.0,"2019-08-19 22:09:17.000000","2019-08-19 22:28:51.000000",1.0,5.45,1.0,N,234.0,49.0,1.0,18.5,0.5,0.5,4.46,0.0,0.3,26.76,2.5
2.0,"2019-08-20 11:30:21.000000","2019-08-20 12:27:11.000000",6.0,5.32,1.0,N,234.0,49.0,2.0,34.0,0.0,0.5,0.0,0.0,0.3,37.3,2.5
1.0,"2019-08-20 17:16:39.000000","2019-08-20 17:39:49.000000",1.0,4.9,1.0,N,234.0,49.0,1.0,19.0,3.5,0.5,5.8,0.0,0.3,29.1,2.5
2.0,"2019-08-20 20:24:06.000000","2019-08-20 20:50:17.000000",1.0,5.09,1.0,N,234.0,49.0,1.0,20.5,0.5,0.5,4.86,0.0,0.3,29.16,2.5
2.0,"2019-08-20 21:09:25.000000","2019-08-20 21:33:25.000000",2.0,5.54,1.0,N,234.0,49.0,1.0,20.5,0.5,0.5,4.86,0.0,0.3,29.16,2.5
2.0,"2019-08-20 23:26:58.000000","2019-08-20 23:50:17.000000",1.0,5.27,1.0,N,234.0,49.0,1.0,19.5,0.5,0.5,5.82,0.0,0.3,29.12,2.5
2.0,"2019-08-20 23:42:25.000000","2019-08-21 00:10:18.000000",6.0,5.51,1.0,N,234.0,49.0,1.0,22.5,0.5,0.5,5.26,0.0,0.3,31.56,2.5
2.0,"2019-08-21 01:52:41.000000","2019-08-21 02:12:10.000000",1.0,5.46,1.0,N,234.0,49.0,1.0,18.5,0.5,0.5,9.0,0.0,0.3,31.3,2.5
2.0,"2019-08-21 04:27:08.000000","2019-08-21 04:44:07.000000",2.0,5.01,1.0,N,234.0,49.0,1.0,18.0,0.5,0.5,1.0,0.0,0.3,22.8,2.5
1.0,"2019-08-21 18:44:58.000000","2019-08-21 19:04:05.000000",1.0,4.0,1.0,N,234.0,49.0,1.0,16.5,3.5,0.5,4.15,0.0,0.3,24.95,2.5
1.0,"2019-08-21 19:37:12.000000","2019-08-21 20:01:41.000000",1.0,4.8,1.0,N,234.0,49.0,1.0,19.0,3.5,0.5,4.65,0.0,0.3,27.95,2.5
2.0,"2019-08-21 19:21:34.000000","2019-08-21 19:51:03.000000",2.0,5.17,1.0,N,234.0,49.0,1.0,21.5,1.0,0.5,3.0,0.0,0.3,28.8,2.5
2.0,"2019-08-21 19:52:19.000000","2019-08-21 20:19:57.000000",1.0,5.46,1.0,N,234.0,49.0,1.0,20.5,1.0,0.5,4.96,0.0,0.3,29.76,2.5
2.0,"2019-08-21 20:43:57.000000","2019-08-21 21:13:04.000000",6.0,5.29,1.0,N,234.0,49.0,1.0,21.5,0.5,0.5,2.0,0.0,0.3,27.3,2.5
2.0,"2019-08-21 20:48:23.000000","2019-08-21 21:12:25.000000",3.0,5.15,1.0,N,234.0,49.0,1.0,20.5,0.5,0.5,3.0,0.0,0.3,27.3,2.5
1.0,"2019-08-21 20:35:32.000000","2019-08-21 20:56:29.000000",1.0,4.4,1.0,N,234.0,49.0,1.0,17.0,3.0,0.5,6.2,0.0,0.3,27.0,2.5
2.0,"2019-08-21 21:25:53.000000","2019-08-21 21:50:30.000000",1.0,5.05,1.0,N,234.0,49.0,1.0,19.5,0.5,0.5,4.66,0.0,0.3,27.96,2.5
2.0,"2019-08-21 21:13:13.000000","2019-08-21 21:42:50.000000",4.0,6.55,1.0,N,234.0,49.0,1.0,24.0,0.5,0.5,2.0,0.0,0.3,29.8,2.5
2.0,"2019-08-21 22:12:14.000000","2019-08-21 22:31:24.000000",1.0,4.48,1.0,N,234.0,49.0,1.0,17.0,0.5,0.5,3.0,0.0,0.3,23.8,2.5
2.0,"2019-08-21 22:27:09.000000","2019-08-21 22:48:19.000000",2.0,5.1,1.0,N,234.0,49.0,1.0,18.5,0.5,0.5,4.46,0.0,0.3,26.76,2.5
2.0,"2019-08-22 19:40:40.000000","2019-08-22 20:04:56.000000",1.0,4.58,1.0,N,234.0,49.0,1.0,18.5,1.0,0.5,4.56,0.0,0.3,27.36,2.5
2.0,"2019-08-22 21:35:02.000000","2019-08-22 22:07:16.000000",1.0,5.5,1.0,N,234.0,49.0,1.0,23.5,0.5,0.5,5.46,0.0,0.3,32.76,2.5
1.0,"2019-08-22 21:11:52.000000","2019-08-22 21:50:24.000000",1.0,7.8,1.0,N,234.0,49.0,1.0,29.5,3.0,0.5,6.65,0.0,0.3,39.95,2.5
2.0,"2019-08-22 21:57:19.000000","2019-08-22 22:28:17.000000",1.0,5.3,1.0,N,234.0,49.0,1.0,23.0,0.5,0.5,5.36,0.0,0.3,32.16,2.5
2.0,"2019-08-22 22:11:55.000000","2019-08-22 22:41:04.000000",2.0,6.51,1.0,N,234.0,49.0,1.0,24.5,0.5,0.5,5.66,0.0,0.3,35.91,2.5
2.0,"2019-08-22 23:29:26.000000","2019-08-22 23:55:35.000000",1.0,5.13,1.0,N,234.0,49.0,1.0,20.0,0.5,0.5,4.76,0.0,0.3,28.56,2.5
2.0,"2019-08-23 14:14:56.000000","2019-08-23 14:43:30.000000",1.0,4.8,1.0,N,234.0,49.0,1.0,21.0,0.0,0.5,2.0,0.0,0.3,26.3,2.5
1.0,"2019-08-23 18:50:37.000000","2019-08-23 19:23:14.000000",1.0,5.4,1.0,N,234.0,49.0,1.0,23.5,3.5,0.5,3.0,0.0,0.3,30.8,2.5
1.0,"2019-08-23 22:37:41.000000","2019-08-23 23:01:17.000000",1.0,4.7,1.0,N,234.0,49.0,1.0,18.5,3.0,0.5,2.0,0.0,0.3,24.3,2.5
2.0,"2019-08-24 02:03:59.000000","2019-08-24 02:30:01.000000",1.0,9.08,1.0,N,234.0,49.0,2.0,27.5,0.5,0.5,0.0,6.12,0.3,37.42,2.5
1.0,"2019-08-24 02:16:02.000000","2019-08-24 02:37:46.000000",2.0,4.4,1.0,N,234.0,49.0,1.0,18.0,3.0,0.5,4.35,0.0,0.3,26.15,2.5
2.0,"2019-08-24 03:52:34.000000","2019-08-24 04:10:45.000000",1.0,4.73,1.0,N,234.0,49.0,1.0,17.5,0.5,0.5,4.26,0.0,0.3,25.56,2.5
1.0,"2019-08-24 14:02:13.000000","2019-08-24 14:42:41.000000",1.0,6.2,1.0,N,234.0,49.0,2.0,28.0,2.5,0.5,0.0,0.0,0.3,31.3,2.5
2.0,"2019-08-24 15:16:52.000000","2019-08-24 15:52:34.000000",1.0,4.84,1.0,N,234.0,49.0,1.0,24.5,0.0,0.5,6.95,0.0,0.3,34.75,2.5
2.0,"2019-08-24 21:38:59.000000","2019-08-24 22:10:02.000000",1.0,5.19,1.0,N,234.0,49.0,1.0,22.0,0.5,0.5,5.16,0.0,0.3,30.96,2.5
2.0,"2019-08-24 23:48:54.000000","2019-08-25 00:15:16.000000",2.0,5.14,1.0,N,234.0,49.0,1.0,20.5,0.5,0.5,6.08,0.0,0.3,30.38,2.5
2.0,"2019-08-24 23:48:40.000000","2019-08-25 00:15:12.000000",2.0,5.44,1.0,N,234.0,49.0,2.0,21.5,0.5,0.5,0.0,0.0,0.3,25.3,2.5
1.0,"2019-08-25 02:26:57.000000","2019-08-25 02:44:33.000000",1.0,5.0,1.0,N,234.0,49.0,1.0,17.5,3.0,0.5,2.13,0.0,0.3,23.43,2.5
2.0,"2019-08-25 15:58:59.000000","2019-08-25 16:30:15.000000",1.0,5.24,1.0,N,234.0,49.0,1.0,22.5,0.0,0.5,2.8,0.0,0.3,28.6,2.5
1.0,"2019-08-25 19:43:58.000000","2019-08-25 20:17:38.000000",1.0,6.9,1.0,N,234.0,49.0,1.0,26.5,2.5,0.5,5.07,0.0,0.3,34.87,2.5
1.0,"2019-08-25 22:54:12.000000","2019-08-25 23:27:32.000000",1.0,6.0,1.0,N,234.0,49.0,1.0,23.5,3.0,0.5,5.45,0.0,0.3,32.75,2.5
2.0,"2019-08-26 18:56:25.000000","2019-08-26 19:35:37.000000",1.0,6.76,1.0,N,234.0,49.0,1.0,28.5,0.0,0.5,3.5,0.0,0.3,35.3,2.5
2.0,"2019-08-26 19:27:21.000000","2019-08-26 19:55:16.000000",1.0,4.97,1.0,N,234.0,49.0,1.0,21.0,1.0,0.5,5.06,0.0,0.3,30.36,2.5
2.0,"2019-08-26 20:44:05.000000","2019-08-26 21:06:14.000000",2.0,5.28,1.0,N,234.0,49.0,2.0,19.0,0.5,0.5,0.0,0.0,0.3,22.8,2.5
1.0,"2019-08-26 21:33:19.000000","2019-08-26 22:03:06.000000",2.0,5.2,1.0,N,234.0,49.0,1.0,22.5,3.0,0.5,4.0,0.0,0.3,30.3,2.5
2.0,"2019-08-26 21:45:07.000000","2019-08-26 22:09:27.000000",1.0,5.32,1.0,N,234.0,49.0,1.0,20.5,0.5,0.5,4.86,0.0,0.3,29.16,2.5
2.0,"2019-08-26 23:11:54.000000","2019-08-26 23:36:21.000000",1.0,5.64,1.0,N,234.0,49.0,1.0,21.0,0.5,0.5,4.96,0.0,0.3,29.76,2.5
2.0,"2019-08-27 10:12:42.000000","2019-08-27 10:41:02.000000",1.0,7.24,1.0,N,234.0,49.0,1.0,26.0,0.0,0.5,2.0,0.0,0.3,31.3,2.5
1.0,"2019-08-27 18:09:16.000000","2019-08-27 18:38:19.000000",1.0,5.3,1.0,N,234.0,49.0,1.0,21.5,3.5,0.5,5.16,0.0,0.3,30.96,2.5
1.0,"2019-08-27 20:49:01.000000","2019-08-27 21:14:34.000000",1.0,5.5,1.0,N,234.0,49.0,1.0,20.0,3.0,0.5,2.0,0.0,0.3,25.8,2.5
2.0,"2019-08-27 21:47:51.000000","2019-08-27 22:12:48.000000",1.0,5.37,1.0,N,234.0,49.0,1.0,21.0,0.5,0.5,4.96,0.0,0.3,29.76,2.5
2.0,"2019-08-27 21:19:08.000000","2019-08-27 21:45:57.000000",1.0,5.93,1.0,N,234.0,49.0,1.0,22.5,0.5,0.5,2.0,0.0,0.3,28.3,2.5
2.0,"2019-08-27 22:56:00.000000","2019-08-27 23:14:34.000000",2.0,5.16,1.0,N,234.0,49.0,1.0,18.0,0.5,0.5,4.36,0.0,0.3,26.16,2.5
1.0,"2019-08-27 22:55:52.000000","2019-08-27 23:15:08.000000",1.0,4.8,1.0,N,234.0,49.0,1.0,17.5,3.0,0.5,4.25,0.0,0.3,25.55,2.5
2.0,"2019-08-27 22:36:53.000000","2019-08-27 22:57:43.000000",1.0,5.63,1.0,N,234.0,49.0,1.0,19.0,0.5,0.5,6.84,0.0,0.3,29.64,2.5
2.0,"2019-08-27 23:29:57.000000","2019-08-27 23:52:31.000000",1.0,5.48,1.0,N,234.0,49.0,1.0,20.0,0.5,0.5,5.95,0.0,0.3,29.75,2.5
2.0,"2019-08-28 16:20:13.000000","2019-08-28 16:57:48.000000",6.0,5.07,1.0,N,234.0,49.0,1.0,25.0,1.0,0.5,5.86,0.0,0.3,35.16,2.5
1.0,"2019-08-28 19:59:39.000000","2019-08-28 20:26:31.000000",1.0,4.8,1.0,N,234.0,49.0,1.0,19.5,3.0,0.5,4.65,0.0,0.3,27.95,2.5
2.0,"2019-08-28 19:51:11.000000","2019-08-28 20:20:55.000000",3.0,5.18,1.0,N,234.0,49.0,1.0,21.5,1.0,0.5,5.16,0.0,0.3,30.96,2.5
2.0,"2019-08-28 19:34:05.000000","2019-08-28 20:01:50.000000",1.0,4.83,1.0,N,234.0,49.0,1.0,21.0,1.0,0.5,6.33,0.0,0.3,31.63,2.5
2.0,"2019-08-28 20:57:05.000000","2019-08-28 21:26:53.000000",3.0,5.69,1.0,N,234.0,49.0,1.0,22.0,0.5,0.5,5.16,0.0,0.3,30.96,2.5
2.0,"2019-08-28 20:29:53.000000","2019-08-28 21:02:27.000000",1.0,5.35,1.0,N,234.0,49.0,1.0,23.5,0.5,0.5,5.46,0.0,0.3,32.76,2.5
1.0,"2019-08-28 20:09:14.000000","2019-08-28 20:39:40.000000",2.0,6.3,1.0,N,234.0,49.0,1.0,24.5,3.0,0.5,5.65,0.0,0.3,33.95,2.5
1.0,"2019-08-28 21:47:11.000000","2019-08-28 22:09:59.000000",1.0,5.5,1.0,N,234.0,49.0,1.0,19.5,3.0,0.5,6.0,0.0,0.3,29.3,2.5
2.0,"2019-08-28 21:26:10.000000","2019-08-28 21:51:15.000000",1.0,5.19,1.0,N,234.0,49.0,1.0,20.0,0.5,0.5,2.08,0.0,0.3,25.88,2.5
2.0,"2019-08-28 22:06:15.000000","2019-08-28 22:33:01.000000",1.0,5.78,1.0,N,234.0,49.0,1.0,21.5,0.5,0.5,5.06,0.0,0.3,30.36,2.5
1.0,"2019-08-28 22:49:42.000000","2019-08-28 23:13:47.000000",1.0,5.8,1.0,N,234.0,49.0,1.0,21.0,3.0,0.5,4.95,0.0,0.3,29.75,2.5
2.0,"2019-08-28 22:29:53.000000","2019-08-28 22:51:35.000000",5.0,5.09,1.0,N,234.0,49.0,2.0,19.0,0.5,0.5,0.0,0.0,0.3,22.8,2.5
1.0,"2019-08-28 22:11:55.000000","2019-08-28 22:36:29.000000",1.0,4.9,1.0,Y,234.0,49.0,1.0,19.5,3.0,0.5,6.95,0.0,0.3,30.25,2.5
2.0,"2019-08-28 23:25:24.000000","2019-08-28 23:46:21.000000",1.0,5.99,1.0,N,234.0,49.0,1.0,19.5,0.5,0.5,4.66,0.0,0.3,27.96,2.5
1.0,"2019-08-29 00:57:32.000000","2019-08-29 01:18:44.000000",1.0,5.1,1.0,N,234.0,49.0,2.0,19.0,3.0,0.5,0.0,0.0,0.3,22.8,2.5
1.0,"2019-08-29 00:06:26.000000","2019-08-29 00:25:47.000000",1.0,5.0,1.0,N,234.0,49.0,1.0,18.0,3.0,0.5,5.45,0.0,0.3,27.25,2.5
2.0,"2019-08-29 09:59:24.000000","2019-08-29 10:31:23.000000",2.0,5.53,1.0,N,234.0,49.0,2.0,23.5,0.0,0.5,0.0,0.0,0.3,26.8,2.5
2.0,"2019-08-29 12:40:09.000000","2019-08-29 13:14:18.000000",1.0,5.22,1.0,N,234.0,49.0,2.0,24.5,0.0,0.5,0.0,0.0,0.3,27.8,2.5
2.0,"2019-08-29 17:37:18.000000","2019-08-29 18:07:36.000000",6.0,5.4,1.0,N,234.0,49.0,1.0,21.5,1.0,0.5,5.16,0.0,0.3,30.96,2.5
2.0,"2019-08-29 18:58:21.000000","2019-08-29 19:21:28.000000",1.0,5.19,1.0,N,234.0,49.0,2.0,19.5,1.0,0.5,0.0,0.0,0.3,23.8,2.5
2.0,"2019-08-29 19:58:42.000000","2019-08-29 20:32:41.000000",4.0,5.42,1.0,N,234.0,49.0,1.0,22.5,1.0,0.5,2.0,0.0,0.3,28.8,2.5
2.0,"2019-08-29 22:22:54.000000","2019-08-29 22:56:31.000000",1.0,4.77,1.0,N,234.0,49.0,1.0,23.0,0.5,0.5,5.36,0.0,0.3,32.16,2.5
2.0,"2019-08-30 01:33:42.000000","2019-08-30 02:08:07.000000",1.0,9.05,1.0,N,234.0,49.0,1.0,29.5,0.5,0.5,6.66,0.0,0.3,39.96,2.5
2.0,"2019-08-30 10:16:26.000000","2019-08-30 10:45:15.000000",2.0,6.95,1.0,N,234.0,49.0,1.0,26.0,0.0,0.5,5.86,0.0,0.3,35.16,2.5
1.0,"2019-08-30 15:57:04.000000","2019-08-30 16:26:00.000000",1.0,4.4,1.0,N,234.0,49.0,1.0,19.5,2.5,0.5,4.0,0.0,0.3,26.8,2.5
2.0,"2019-08-30 17:40:33.000000","2019-08-30 18:17:01.000000",1.0,4.96,1.0,N,234.0,49.0,1.0,24.5,1.0,0.5,5.76,0.0,0.3,34.56,2.5
2.0,"2019-08-30 19:05:02.000000","2019-08-30 19:32:24.000000",1.0,5.09,1.0,N,234.0,49.0,1.0,20.5,1.0,0.5,4.96,0.0,0.3,29.76,2.5
2.0,"2019-08-30 20:48:15.000000","2019-08-30 21:18:32.000000",1.0,6.24,1.0,N,234.0,49.0,1.0,23.5,0.5,0.5,3.5,0.0,0.3,30.8,2.5
1.0,"2019-08-30 21:47:16.000000","2019-08-30 22:14:35.000000",1.0,8.6,1.0,N,234.0,49.0,1.0,28.0,3.0,0.5,7.55,6.12,0.3,45.47,2.5
2.0,"2019-08-31 01:46:36.000000","2019-08-31 02:04:35.000000",1.0,5.28,1.0,N,234.0,49.0,1.0,18.0,0.5,0.5,1.5,0.0,0.3,23.3,2.5
2.0,"2019-08-31 12:03:02.000000","2019-08-31 12:26:26.000000",1.0,4.77,1.0,N,234.0,49.0,1.0,19.5,0.0,0.5,4.56,0.0,0.3,27.36,2.5
2.0,"2019-08-31 20:06:02.000000","2019-08-31 20:36:30.000000",2.0,6.05,1.0,N,234.0,49.0,1.0,22.5,0.5,0.5,4.0,0.0,0.3,30.3,2.5
,"2019-08-07 11:17:09.000000","2019-08-07 11:51:45.000000",,5.56,,,234.0,49.0,,28.26,2.75,0.0,0.0,0.0,0.3,31.31,0.0
,"2019-08-15 12:29:00.000000","2019-08-15 12:57:00.000000",,5.02,,,234.0,49.0,,27.76,2.75,0.5,0.0,0.0,0.3,31.31,0.0
,"2019-08-16 13:52:00.000000","2019-08-16 14:25:00.000000",,5.51,,,234.0,49.0,,28.95,2.75,0.5,0.0,0.0,0.3,32.5,0.0
,"2019-08-27 12:15:00.000000","2019-08-27 12:51:00.000000",,5.3,,,234.0,49.0,,27.76,2.75,0.5,0.0,0.0,0.3,31.31,0.0
,"2019-08-31 17:39:00.000000","2019-08-31 18:11:00.000000",,5.35,,,234.0,49.0,,27.76,2.75,0.5,0.0,0.0,0.3,31.31,0.0
