2.0,"2019-08-01 02:36:38.000000","2019-08-01 02:49:59.000000",1.0,4.48,1.0,N,234.0,52.0,1.0,15.0,0.5,0.5,3.76,0.0,0.3,22.56,2.5
1.0,"2019-08-01 20:48:12.000000","2019-08-01 21:12:49.000000",1.0,4.7,1.0,N,234.0,52.0,1.0,19.0,3.0,0.5,4.56,0.0,0.3,27.36,2.5
1.0,"2019-08-01 22:23:42.000000","2019-08-01 22:46:42.000000",1.0,4.3,1.0,N,234.0,52.0,1.0,18.0,3.0,0.5,3.0,0.0,0.3,24.8,2.5
1.0,"2019-08-01 22:01:43.000000","2019-08-01 22:28:38.000000",1.0,6.8,1.0,N,234.0,52.0,1.0,24.5,3.0,0.5,5.66,0.0,0.3,33.96,2.5
2.0,"2019-08-01 22:06:52.000000","2019-08-01 22:30:52.000000",1.0,5.02,1.0,N,234.0,52.0,1.0,18.0,0.5,0.5,4.36,0.0,0.3,26.16,2.5
1.0,"2019-08-02 17:06:12.000000","2019-08-02 17:53:12.000000",1.0,4.7,1.0,N,234.0,52.0,1.0,29.0,3.5,0.5,6.65,0.0,0.3,39.95,2.5
2.0,"2019-08-02 21:24:07.000000","2019-08-02 21:48:35.000000",3.0,6.78,1.0,N,234.0,52.0,1.0,22.5,0.5,0.5,5.26,0.0,0.3,31.56,2.5
1.0,"2019-08-02 22:48:19.000000","2019-08-02 23:11:11.000000",1.0,4.4,1.0,N,234.0,52.0,1.0,17.5,3.0,0.5,3.2,0.0,0.3,24.5,2.5
2.0,"2019-08-02 22:59:22.000000","2019-08-02 23:21:58.000000",4.0,4.29,1.0,N,234.0,52.0,1.0,17.5,0.5,0.5,2.25,0.0,0.3,23.55,2.5
1.0,"2019-08-03 02:18:53.000000","2019-08-03 02:39:04.000000",1.0,7.0,1.0,N,234.0,52.0,1.0,22.5,3.0,0.5,5.25,0.0,0.3,31.55,2.5
2.0,"2019-08-03 03:27:38.000000","2019-08-03 03:42:11.000000",1.0,4.36,1.0,N,234.0,52.0,1.0,15.0,0.5,0.5,3.76,0.0,0.3,22.56,2.5
1.0,"2019-08-03 17:32:22.000000","2019-08-03 18:01:26.000000",1.0,6.3,1.0,N,234.0,52.0,1.0,24.0,2.5,0.5,3.0,0.0,0.3,30.3,2.5
2.0,"2019-08-03 20:12:29.000000","2019-08-03 20:42:03.000000",4.0,6.74,1.0,N,234.0,52.0,2.0,24.5,0.5,0.5,0.0,0.0,0.3,28.3,2.5
2.0,"2019-08-03 21:45:23.000000","2019-08-03 22:08:59.000000",1.0,6.45,1.0,N,234.0,52.0,1.0,22.0,0.5,0.5,5.16,0.0,0.3,30.96,2.5
1.0,"2019-08-04 02:54:19.000000","2019-08-04 03:08:28.000000",1.0,4.7,1.0,N,234.0,52.0,1.0,15.5,3.0,0.5,3.85,0.0,0.3,23.15,2.5
1.0,"2019-08-04 23:05:04.000000","2019-08-04 23:22:20.000000",1.0,5.0,1.0,N,234.0,52.0,1.0,17.0,3.0,0.5,4.15,0.0,0.3,24.95,2.5
2.0,"2019-08-05 00:34:19.000000","2019-08-05 00:45:15.000000",1.0,4.32,1.0,N,234.0,52.0,1.0,13.5,0.5,0.5,3.46,0.0,0.3,20.76,2.5
1.0,"2019-08-05 19:06:39.000000","2019-08-05 19:34:50.000000",1.0,4.6,1.0,N,234.0,52.0,1.0,19.0,3.5,0.5,4.65,0.0,0.3,27.95,2.5
1.0,"2019-08-05 22:38:59.000000","2019-08-05 22:55:09.000000",1.0,4.3,1.0,N,234.0,52.0,1.0,15.0,3.0,0.5,3.76,0.0,0.3,22.56,2.5
1.0,"2019-08-05 23:59:02.000000","2019-08-06 00:19:45.000000",1.0,5.0,1.0,N,234.0,52.0,1.0,18.0,3.0,0.5,5.45,0.0,0.3,27.25,2.5
1.0,"2019-08-06 02:47:01.000000","2019-08-06 02:59:09.000000",1.0,4.4,1.0,N,234.0,52.0,1.0,14.5,3.0,0.5,3.65,0.0,0.3,21.95,2.5
2.0,"2019-08-06 13:25:01.000000","2019-08-06 14:00:35.000000",2.0,5.39,1.0,N,234.0,52.0,1.0,25.0,0.0,0.5,7.08,0.0,0.3,35.38,2.5
2.0,"2019-08-06 15:10:13.000000","2019-08-06 15:42:06.000000",1.0,6.66,1.0,N,234.0,52.0,1.0,24.5,0.0,0.5,5.0,0.0,0.3,32.8,2.5
1.0,"2019-08-06 19:27:11.000000","2019-08-06 19:51:54.000000",1.0,9.0,1.0,N,234.0,52.0,1.0,27.5,3.5,0.5,6.36,0.0,0.3,38.16,2.5
2.0,"2019-08-06 20:20:35.000000","2019-08-06 20:43:23.000000",1.0,6.73,1.0,N,234.0,52.0,1.0,22.5,0.5,0.5,6.48,6.12,0.3,38.9,2.5
2.0,"2019-08-06 20:07:46.000000","2019-08-06 20:31:24.000000",1.0,6.46,1.0,N,234.0,52.0,1.0,21.5,0.5,0.5,5.06,0.0,0.3,30.36,2.5
2.0,"2019-08-06 20:17:22.000000","2019-08-06 20:44:23.000000",1.0,6.97,1.0,N,234.0,52.0,1.0,24.0,0.5,0.5,5.56,0.0,0.3,33.36,2.5
2.0,"2019-08-06 20:59:25.000000","2019-08-06 21:25:29.000000",6.0,5.9,1.0,N,234.0,52.0,1.0,21.0,0.5,0.5,4.96,0.0,0.3,29.76,2.5
2.0,"2019-08-07 02:51:24.000000","2019-08-07 03:05:11.000000",5.0,4.39,1.0,N,234.0,52.0,1.0,14.5,0.5,0.5,3.66,0.0,0.3,21.96,2.5
1.0,"2019-08-07 17:15:28.000000","2019-08-07 17:52:00.000000",1.0,4.4,1.0,N,234.0,52.0,1.0,22.0,3.5,0.5,7.85,0.0,0.3,34.15,2.5
2.0,"2019-08-07 18:03:51.000000","2019-08-07 18:36:55.000000",1.0,4.11,1.0,N,234.0,52.0,1.0,21.0,1.0,0.5,3.0,0.0,0.3,28.3,2.5
1.0,"2019-08-07 19:44:08.000000","2019-08-07 20:11:42.000000",1.0,6.4,1.0,N,234.0,52.0,1.0,23.0,3.5,0.5,5.46,0.0,0.3,32.76,2.5
2.0,"2019-08-07 19:08:34.000000","2019-08-07 19:35:47.000000",1.0,5.54,1.0,N,234.0,52.0,1.0,19.5,1.0,0.5,2.38,0.0,0.3,26.18,2.5
2.0,"2019-08-07 21:28:03.000000","2019-08-07 21:48:25.000000",2.0,4.62,1.0,N,234.0,52.0,1.0,16.5,0.5,0.5,5.08,0.0,0.3,25.38,2.5
2.0,"2019-08-07 22:34:43.000000","2019-08-07 22:55:54.000000",5.0,4.75,1.0,N,234.0,52.0,1.0,17.5,0.5,0.5,4.26,0.0,0.3,25.56,2.5
2.0,"2019-08-07 22:54:02.000000","2019-08-07 23:19:07.000000",1.0,5.23,1.0,N,234.0,52.0,1.0,20.0,0.5,0.5,4.76,0.0,0.3,28.56,2.5
2.0,"2019-08-07 22:06:48.000000","2019-08-07 22:28:51.000000",1.0,5.18,1.0,N,234.0,52.0,1.0,19.0,0.5,0.5,6.84,0.0,0.3,29.64,2.5
1.0,"2019-08-08 00:05:17.000000","2019-08-08 00:21:33.000000",1.0,4.8,1.0,N,234.0,52.0,1.0,16.0,3.0,0.5,4.95,0.0,0.3,24.75,2.5
2.0,"2019-08-08 03:54:30.000000","2019-08-08 04:06:05.000000",2.0,4.42,1.0,N,234.0,52.0,1.0,14.5,0.5,0.5,3.66,0.0,0.3,21.96,2.5
2.0,"2019-08-08 17:05:31.000000","2019-08-08 18:01:24.000000",1.0,4.81,1.0,N,234.0,52.0,1.0,33.5,1.0,0.5,7.56,0.0,0.3,45.36,2.5
2.0,"2019-08-08 18:43:12.000000","2019-08-08 19:14:10.000000",1.0,4.2,1.0,N,234.0,52.0,1.0,20.5,1.0,0.5,3.5,0.0,0.3,28.3,2.5
1.0,"2019-08-08 20:45:06.000000","2019-08-08 21:16:46.000000",1.0,4.4,1.0,N,234.0,52.0,1.0,20.5,3.0,0.5,2.0,0.0,0.3,26.3,2.5
2.0,"2019-08-08 21:43:34.000000","2019-08-08 22:11:27.000000",1.0,6.68,1.0,N,234.0,52.0,1.0,23.5,0.5,0.5,6.82,0.0,0.3,34.12,2.5
1.0,"2019-08-08 22:25:56.000000","2019-08-08 22:45:52.000000",1.0,4.7,1.0,Y,234.0,52.0,1.0,17.0,3.0,0.5,4.15,0.0,0.3,24.95,2.5
2.0,"2019-08-08 22:12:19.000000","2019-08-08 22:41:46.000000",1.0,5.46,1.0,N,234.0,52.0,1.0,22.0,0.5,0.5,5.16,0.0,0.3,30.96,2.5
2.0,"2019-08-08 23:48:41.000000","2019-08-09 00:06:53.000000",5.0,4.77,1.0,N,234.0,52.0,1.0,17.0,0.5,0.5,4.16,0.0,0.3,24.96,2.5
2.0,"2019-08-09 00:33:44.000000","2019-08-09 00:51:17.000000",1.0,4.57,1.0,N,234.0,52.0,2.0,16.0,0.5,0.5,0.0,0.0,0.3,19.8,2.5
1.0,"2019-08-09 17:09:38.000000","2019-08-09 17:38:17.000000",0.0,6.7,1.0,N,234.0,52.0,1.0,24.0,3.5,0.5,5.65,0.0,0.3,33.95,2.5
1.0,"2019-08-09 17:19:55.000000","2019-08-09 18:03:57.000000",1.0,4.8,1.0,N,234.0,52.0,1.0,29.0,3.5,0.5,5.0,0.0,0.3,38.3,2.5
1.0,"2019-08-09 21:29:01.000000","2019-08-09 21:51:37.000000",1.0,6.7,1.0,N,234.0,52.0,1.0,22.0,3.0,0.5,5.15,0.0,0.3,30.95,2.5
1.0,"2019-08-09 21:03:26.000000","2019-08-09 21:27:28.000000",1.0,4.8,1.0,N,234.0,52.0,1.0,18.5,3.0,0.5,6.65,0.0,0.3,28.95,2.5
2.0,"2019-08-09 21:03:34.000000","2019-08-09 21:27:31.000000",1.0,4.41,1.0,N,234.0,52.0,1.0,18.0,0.5,0.5,2.5,0.0,0.3,24.3,2.5
2.0,"2019-08-09 23:25:47.000000","2019-08-09 23:46:28.000000",5.0,6.17,1.0,N,234.0,52.0,1.0,20.5,0.5,0.5,4.86,0.0,0.3,29.16,2.5
1.0,"2019-08-11 20:35:52.000000","2019-08-11 21:00:35.000000",1.0,6.3,1.0,N,234.0,52.0,1.0,22.0,3.0,0.5,5.15,0.0,0.3,30.95,2.5
1.0,"2019-08-12 17:01:10.000000","2019-08-12 17:32:37.000000",1.0,8.7,1.0,N,234.0,52.0,1.0,28.5,3.5,0.5,7.75,6.12,0.3,46.67,2.5
2.0,"2019-08-12 17:44:13.000000","2019-08-12 18:12:04.000000",2.0,5.06,1.0,N,234.0,52.0,2.0,19.5,1.0,0.5,0.0,0.0,0.3,23.8,2.5
1.0,"2019-08-12 19:07:06.000000","2019-08-12 19:32:18.000000",1.0,4.7,1.0,N,234.0,52.0,1.0,18.5,3.5,0.5,3.42,0.0,0.3,26.22,2.5
2.0,"2019-08-12 21:03:02.000000","2019-08-12 21:28:08.000000",1.0,4.87,1.0,N,234.0,52.0,1.0,18.5,0.5,0.5,4.46,0.0,0.3,26.76,2.5
2.0,"2019-08-13 03:00:32.000000","2019-08-13 03:14:17.000000",1.0,4.52,1.0,N,234.0,52.0,1.0,15.0,0.5,0.5,3.76,0.0,0.3,22.56,2.5
2.0,"2019-08-13 18:21:13.000000","2019-08-13 18:46:13.000000",5.0,4.58,1.0,N,234.0,52.0,1.0,18.0,1.0,0.5,4.01,0.0,0.3,26.31,2.5
1.0,"2019-08-13 20:54:24.000000","2019-08-13 21:18:31.000000",1.0,6.8,1.0,N,234.0,52.0,1.0,22.5,3.0,0.5,5.25,0.0,0.3,31.55,2.5
1.0,"2019-08-13 22:31:26.000000","2019-08-13 22:48:14.000000",1.0,4.8,1.0,Y,234.0,52.0,1.0,16.5,3.0,0.5,3.05,0.0,0.3,23.35,2.5
2.0,"2019-08-13 22:09:17.000000","2019-08-13 22:27:51.000000",1.0,4.86,1.0,N,234.0,52.0,1.0,17.0,0.5,0.5,5.2,0.0,0.3,26.0,2.5
2.0,"2019-08-14 04:24:22.000000","2019-08-14 04:36:13.000000",2.0,4.44,1.0,N,234.0,52.0,1.0,14.0,0.5,0.5,3.56,0.0,0.3,21.36,2.5
1.0,"2019-08-14 11:28:18.000000","2019-08-14 11:58:14.000000",1.0,4.9,1.0,N,234.0,52.0,1.0,22.5,2.5,0.5,6.45,0.0,0.3,32.25,2.5
1.0,"2019-08-14 18:41:22.000000","2019-08-14 19:09:48.000000",1.0,4.2,1.0,N,234.0,52.0,1.0,18.5,3.5,0.5,4.55,0.0,0.3,27.35,2.5
1.0,"2019-08-14 20:08:41.000000","2019-08-14 20:50:10.000000",1.0,7.4,1.0,N,234.0,52.0,1.0,30.0,3.0,0.5,6.75,0.0,0.3,40.55,2.5
2.0,"2019-08-14 20:01:24.000000","2019-08-14 20:30:40.000000",6.0,4.89,1.0,N,234.0,52.0,1.0,19.5,0.5,0.5,4.66,0.0,0.3,27.96,2.5
2.0,"2019-08-14 20:59:11.000000","2019-08-14 21:20:09.000000",1.0,4.67,1.0,N,234.0,52.0,1.0,17.0,0.5,0.5,4.16,0.0,0.3,24.96,2.5
2.0,"2019-08-15 13:05:20.000000","2019-08-15 13:34:27.000000",2.0,4.41,1.0,N,234.0,52.0,1.0,21.5,0.0,0.5,4.96,0.0,0.3,29.76,2.5
1.0,"2019-08-15 18:53:49.000000","2019-08-15 19:22:22.000000",1.0,6.6,1.0,N,234.0,52.0,1.0,23.5,3.5,0.5,5.0,0.0,0.3,32.8,2.5
2.0,"2019-08-15 19:01:43.000000","2019-08-15 19:30:28.000000",1.0,4.72,1.0,N,234.0,52.0,1.0,19.5,1.0,0.5,4.76,0.0,0.3,28.56,2.5
2.0,"2019-08-15 20:41:54.000000","2019-08-15 21:10:22.000000",1.0,4.73,1.0,N,234.0,52.0,1.0,20.5,0.5,0.5,4.86,0.0,0.3,29.16,2.5
2.0,"2019-08-15 21:49:55.000000","2019-08-15 22:08:02.000000",1.0,4.62,1.0,N,234.0,52.0,1.0,16.0,0.5,0.5,3.96,0.0,0.3,23.76,2.5
2.0,"2019-08-15 23:36:07.000000","2019-08-15 23:59:33.000000",1.0,5.16,1.0,N,234.0,52.0,1.0,18.5,0.5,0.5,4.46,0.0,0.3,26.76,2.5
2.0,"2019-08-15 23:35:24.000000","2019-08-15 23:59:00.000000",2.0,6.48,1.0,N,234.0,52.0,1.0,21.5,0.5,0.5,5.06,0.0,0.3,30.36,2.5
2.0,"2019-08-15 22:57:45.000000","2019-08-15 23:16:07.000000",3.0,4.75,1.0,N,234.0,52.0,2.0,16.5,0.5,0.5,0.0,0.0,0.3,20.3,2.5
1.0,"2019-08-16 21:19:58.000000","2019-08-16 21:52:52.000000",2.0,6.7,1.0,N,234.0,52.0,2.0,26.5,3.0,0.5,0.0,0.0,0.3,30.3,2.5
2.0,"2019-08-17 15:32:28.000000","2019-08-17 15:55:41.000000",1.0,4.57,1.0,N,234.0,52.0,1.0,17.5,0.0,0.5,3.0,0.0,0.3,23.8,2.5
2.0,"2019-08-17 23:28:46.000000","2019-08-17 23:55:01.000000",1.0,4.93,1.0,N,234.0,52.0,1.0,19.0,0.5,0.5,5.7,0.0,0.3,28.5,2.5
1.0,"2019-08-18 18:11:13.000000","2019-08-18 18:43:17.000000",1.0,4.8,1.0,N,234.0,52.0,1.0,21.5,2.5,0.5,4.96,0.0,0.3,29.76,2.5
2.0,"2019-08-19 19:43:52.000000","2019-08-19 20:06:27.000000",3.0,4.47,1.0,N,234.0,52.0,1.0,17.5,1.0,0.5,2.0,0.0,0.3,23.8,2.5
2.0,"2019-08-19 19:19:14.000000","2019-08-19 19:40:31.000000",5.0,6.39,1.0,N,234.0,52.0,1.0,21.5,1.0,0.5,5.16,0.0,0.3,30.96,2.5
1.0,"2019-08-19 20:32:34.000000","2019-08-19 20:53:47.000000",1.0,4.6,1.0,N,234.0,52.0,1.0,17.0,3.0,0.5,3.5,0.0,0.3,24.3,2.5
1.0,"2019-08-19 21:17:29.000000","2019-08-19 21:38:55.000000",1.0,5.1,1.0,N,234.0,52.0,1.0,18.0,3.0,0.5,4.35,0.0,0.3,26.15,2.5
1.0,"2019-08-19 21:42:24.000000","2019-08-19 21:57:52.000000",1.0,4.1,1.0,N,234.0,52.0,1.0,14.5,3.0,0.5,3.65,0.0,0.3,21.95,2.5
2.0,"2019-08-19 21:04:16.000000","2019-08-19 21:30:25.000000",1.0,7.26,1.0,N,234.0,52.0,1.0,25.0,0.5,0.5,5.76,0.0,0.3,34.56,2.5
1.0,"2019-08-19 22:41:10.000000","2019-08-19 22:57:22.000000",1.0,4.8,1.0,N,234.0,52.0,1.0,16.0,3.0,0.5,3.95,0.0,0.3,23.75,2.5
2.0,"2019-08-20 02:18:48.000000","2019-08-20 02:32:05.000000",1.0,4.49,1.0,N,234.0,52.0,1.0,15.0,0.5,0.5,3.76,0.0,0.3,22.56,2.5
1.0,"2019-08-20 18:59:16.000000","2019-08-20 19:23:17.000000",2.0,4.9,1.0,N,234.0,52.0,1.0,18.5,3.5,0.5,5.0,0.0,0.3,27.8,2.5
1.0,"2019-08-20 20:06:47.000000","2019-08-20 20:30:59.000000",1.0,6.4,1.0,N,234.0,52.0,1.0,22.0,3.0,0.5,5.15,0.0,0.3,30.95,2.5
2.0,"2019-08-20 20:44:46.000000","2019-08-20 21:09:56.000000",1.0,4.98,1.0,N,234.0,52.0,1.0,20.0,0.5,0.5,4.76,0.0,0.3,28.56,2.5
1.0,"2019-08-20 22:32:50.000000","2019-08-20 22:52:10.000000",1.0,4.4,1.0,Y,234.0,52.0,1.0,16.0,3.0,0.5,3.0,0.0,0.3,22.8,2.5
2.0,"2019-08-21 14:18:08.000000","2019-08-21 14:53:37.000000",6.0,4.6,1.0,N,234.0,52.0,1.0,22.5,0.0,0.5,5.16,0.0,0.3,30.96,2.5
2.0,"2019-08-21 18:31:46.000000","2019-08-21 19:02:36.000000",1.0,6.44,1.0,N,234.0,52.0,1.0,24.0,1.0,0.5,5.66,0.0,0.3,33.96,2.5
2.0,"2019-08-21 18:22:44.000000","2019-08-21 18:48:46.000000",1.0,4.49,1.0,N,234.0,52.0,1.0,19.5,1.0,0.5,4.28,0.0,0.3,28.08,2.5
1.0,"2019-08-22 03:15:39.000000","2019-08-22 03:29:58.000000",1.0,4.4,1.0,N,234.0,52.0,1.0,15.0,3.0,0.5,3.75,0.0,0.3,22.55,2.5
1.0,"2019-08-22 12:51:44.000000","2019-08-22 13:18:57.000000",1.0,4.6,1.0,N,234.0,52.0,1.0,19.5,2.5,0.5,4.0,0.0,0.3,26.8,2.5
2.0,"2019-08-22 18:53:19.000000","2019-08-22 19:25:02.000000",1.0,6.36,1.0,N,234.0,52.0,1.0,25.0,1.0,0.5,5.86,0.0,0.3,35.16,2.5
1.0,"2019-08-22 21:46:16.000000","2019-08-22 22:21:00.000000",1.0,5.2,1.0,N,234.0,52.0,1.0,24.0,3.0,0.5,5.55,0.0,0.3,33.35,2.5
1.0,"2019-08-22 21:20:41.000000","2019-08-22 21:45:51.000000",2.0,4.6,1.0,N,234.0,52.0,1.0,18.0,3.0,0.5,4.35,0.0,0.3,26.15,2.5
2.0,"2019-08-22 23:58:46.000000","2019-08-23 00:17:32.000000",1.0,5.1,1.0,N,234.0,52.0,1.0,17.0,0.5,0.5,4.16,0.0,0.3,24.96,2.5
2.0,"2019-08-22 23:30:38.000000","2019-08-22 23:57:01.000000",2.0,4.63,1.0,N,234.0,52.0,1.0,20.0,0.5,0.5,4.76,0.0,0.3,28.56,2.5
1.0,"2019-08-23 10:53:30.000000","2019-08-23 11:18:47.000000",2.0,6.5,1.0,N,234.0,52.0,2.0,23.5,2.5,0.5,0.0,0.0,0.3,26.8,2.5
1.0,"2019-08-23 17:05:18.000000","2019-08-23 17:42:27.000000",1.0,5.4,1.0,N,234.0,52.0,1.0,24.5,3.5,0.5,5.75,0.0,0.3,34.55,2.5
2.0,"2019-08-23 22:02:57.000000","2019-08-23 22:24:08.000000",2.0,4.44,1.0,N,234.0,52.0,1.0,16.5,0.5,0.5,3.0,0.0,0.3,23.3,2.5
2.0,"2019-08-24 02:10:24.000000","2019-08-24 02:30:48.000000",1.0,4.92,1.0,N,234.0,52.0,1.0,18.0,0.5,0.5,4.36,0.0,0.3,26.16,2.5
2.0,"2019-08-25 02:00:40.000000","2019-08-25 02:19:02.000000",1.0,4.84,1.0,N,234.0,52.0,2.0,17.0,0.5,0.5,0.0,0.0,0.3,20.8,2.5
1.0,"2019-08-25 15:18:54.000000","2019-08-25 15:42:57.000000",2.0,7.0,1.0,N,234.0,52.0,1.0,23.0,2.5,0.5,5.25,0.0,0.3,31.55,2.5
2.0,"2019-08-25 21:12:50.000000","2019-08-25 21:43:10.000000",1.0,6.2,1.0,N,234.0,52.0,1.0,23.0,0.5,0.5,2.5,0.0,0.3,29.3,2.5
2.0,"2019-08-26 18:11:03.000000","2019-08-26 18:36:48.000000",5.0,4.59,1.0,N,234.0,52.0,1.0,18.5,1.0,0.5,4.1,0.0,0.3,26.9,2.5
2.0,"2019-08-26 20:06:30.000000","2019-08-26 20:30:59.000000",3.0,4.95,1.0,N,234.0,52.0,1.0,19.0,0.5,0.5,4.56,0.0,0.3,27.36,2.5
1.0,"2019-08-26 21:47:49.000000","2019-08-26 22:06:25.000000",1.0,4.6,1.0,N,234.0,52.0,1.0,16.5,3.0,0.5,2.5,0.0,0.3,22.8,2.5
1.0,"2019-08-26 22:42:55.000000","2019-08-26 22:57:54.000000",1.0,4.5,1.0,N,234.0,52.0,1.0,15.0,3.0,0.5,3.75,0.0,0.3,22.55,2.5
2.0,"2019-08-27 00:18:35.000000","2019-08-27 00:35:14.000000",2.0,4.79,1.0,N,234.0,52.0,2.0,16.5,0.5,0.5,0.0,0.0,0.3,20.3,2.5
2.0,"2019-08-27 16:51:50.000000","2019-08-27 17:31:39.000000",1.0,4.7,1.0,N,234.0,52.0,1.0,25.0,1.0,0.5,7.33,0.0,0.3,36.63,2.5
1.0,"2019-08-27 18:49:22.000000","2019-08-27 19:19:55.000000",1.0,6.4,1.0,Y,234.0,52.0,1.0,24.5,3.5,0.5,5.75,0.0,0.3,34.55,2.5
2.0,"2019-08-27 18:15:48.000000","2019-08-27 18:51:13.000000",1.0,5.29,1.0,N,234.0,52.0,1.0,23.5,1.0,0.5,5.56,0.0,0.3,33.36,2.5
1.0,"2019-08-27 20:53:06.000000","2019-08-27 21:13:32.000000",1.0,4.5,1.0,N,234.0,52.0,1.0,16.5,3.0,0.5,4.05,0.0,0.3,24.35,2.5
2.0,"2019-08-27 21:13:11.000000","2019-08-27 21:33:08.000000",1.0,4.39,1.0,N,234.0,52.0,1.0,17.0,0.5,0.5,2.5,0.0,0.3,23.3,2.5
2.0,"2019-08-27 22:48:09.000000","2019-08-27 23:07:19.000000",1.0,4.81,1.0,N,234.0,52.0,1.0,17.0,0.5,0.5,4.16,0.0,0.3,24.96,2.5
2.0,"2019-08-28 15:22:08.000000","2019-08-28 15:56:12.000000",1.0,6.48,1.0,N,234.0,52.0,1.0,25.0,0.0,0.5,3.0,0.0,0.3,31.3,2.5
2.0,"2019-08-28 21:32:38.000000","2019-08-28 21:57:35.000000",1.0,5.04,1.0,N,234.0,52.0,1.0,20.0,0.5,0.5,4.76,0.0,0.3,28.56,2.5
1.0,"2019-08-28 22:43:55.000000","2019-08-28 23:07:22.000000",1.0,7.3,1.0,N,234.0,52.0,1.0,24.0,3.0,0.5,5.55,0.0,0.3,33.35,2.5
2.0,"2019-08-29 00:25:53.000000","2019-08-29 00:42:10.000000",6.0,4.92,1.0,N,234.0,52.0,1.0,17.0,0.5,0.5,4.16,0.0,0.3,24.96,2.5
2.0,"2019-08-29 21:44:53.000000","2019-08-29 22:06:53.000000",1.0,5.64,1.0,N,234.0,52.0,1.0,19.5,0.5,0.5,4.0,0.0,0.3,27.3,2.5
1.0,"2019-08-29 22:38:38.000000","2019-08-29 23:08:32.000000",1.0,6.1,1.0,N,234.0,52.0,1.0,23.5,3.0,0.5,5.45,0.0,0.3,32.75,2.5
1.0,"2019-08-30 00:05:42.000000","2019-08-30 00:24:24.000000",1.0,5.3,1.0,N,234.0,52.0,1.0,17.5,3.0,0.5,4.25,0.0,0.3,25.55,2.5
2.0,"2019-08-30 01:59:10.000000","2019-08-30 02:14:18.000000",1.0,4.52,1.0,N,234.0,52.0,1.0,15.0,0.5,0.5,3.76,0.0,0.3,22.56,2.5
2.0,"2019-08-30 19:42:00.000000","2019-08-30 20:05:05.000000",1.0,4.73,1.0,N,234.0,52.0,1.0,17.5,1.0,0.5,3.92,0.0,0.3,25.72,2.5
2.0,"2019-08-30 20:27:20.000000","2019-08-30 20:46:06.000000",2.0,5.96,1.0,N,234.0,52.0,1.0,19.0,0.5,0.5,3.42,0.0,0.3,26.22,2.5
1.0,"2019-08-30 20:17:51.000000","2019-08-30 20:38:56.000000",1.0,6.1,1.0,N,234.0,52.0,2.0,20.5,3.0,0.5,0.0,6.12,0.3,30.42,2.5
2.0,"2019-08-30 23:16:31.000000","2019-08-30 23:41:14.000000",2.0,6.29,1.0,N,234.0,52.0,1.0,22.5,0.5,0.5,0.0,0.0,0.3,26.3,2.5
2.0,"2019-08-30 22:58:49.000000","2019-08-30 23:17:28.000000",1.0,4.21,1.0,N,234.0,52.0,1.0,16.0,0.5,0.5,3.96,0.0,0.3,23.76,2.5
2.0,"2019-08-31 10:12:36.000000","2019-08-31 10:29:15.000000",1.0,4.6,1.0,N,234.0,52.0,2.0,16.0,0.0,0.5,0.0,0.0,0.3,19.3,2.5
2.0,"2019-08-31 17:35:45.000000","2019-08-31 17:56:40.000000",1.0,6.42,1.0,N,234.0,52.0,1.0,21.0,0.0,0.5,0.0,6.12,0.3,30.42,2.5
