1.0,"2019-08-04 18:23:32.000000","2019-08-04 19:00:45.000000",1.0,0.0,1.0,N,234.0,60.0,1.0,30.2,0.0,0.5,0.0,0.0,0.3,31.0,0.0
1.0,"2019-08-09 22:25:04.000000","2019-08-09 22:55:45.000000",1.0,10.1,1.0,N,234.0,60.0,2.0,31.5,3.0,0.5,0.0,0.0,0.3,35.3,2.5
1.0,"2019-08-10 23:06:10.000000","2019-08-10 23:43:37.000000",1.0,10.5,1.0,N,234.0,60.0,2.0,35.5,3.0,0.5,0.0,0.0,0.3,39.3,2.5
1.0,"2019-08-16 13:56:31.000000","2019-08-16 14:32:21.000000",1.0,9.7,1.0,N,234.0,60.0,1.0,32.5,2.5,0.5,8.35,6.12,0.3,50.27,2.5
2.0,"2019-08-16 21:42:35.000000","2019-08-16 22:18:00.000000",1.0,11.36,1.0,N,234.0,60.0,1.0,36.0,0.5,0.5,7.96,0.0,0.3,47.76,2.5
2.0,"2019-08-25 23:16:30.000000","2019-08-25 23:39:20.000000",6.0,10.76,1.0,N,234.0,60.0,2.0,30.5,0.5,0.5,0.0,0.0,0.3,34.3,2.5
1.0,"2019-08-29 00:20:56.000000","2019-08-29 00:49:54.000000",2.0,11.3,1.0,N,234.0,60.0,1.0,34.0,3.0,0.5,7.55,0.0,0.3,45.35,2.5
,"2019-08-10 09:58:00.000000","2019-08-10 10:33:00.000000",,11.21,,,234.0,60.0,,34.06,2.75,0.5,0.0,6.12,0.3,43.73,0.0
,"2019-08-20 11:26:00.000000","2019-08-20 12:07:00.000000",,11.19,,,234.0,60.0,,34.06,2.75,0.5,0.0,6.12,0.3,43.73,0.0
,"2019-08-20 12:33:00.000000","2019-08-20 13:11:00.000000",,9.9,,,234.0,60.0,,37.43,5.5,0.5,0.0,0.0,0.3,43.73,0.0
