1.0,"2019-08-01 00:47:20.000000","2019-08-01 01:21:45.000000",1.0,7.3,1.0,N,234.0,61.0,1.0,28.0,3.0,0.5,7.95,0.0,0.3,39.75,2.5
2.0,"2019-08-01 00:25:49.000000","2019-08-01 00:56:13.000000",2.0,5.99,1.0,N,234.0,61.0,2.0,24.0,0.5,0.5,0.0,0.0,0.3,27.8,2.5
2.0,"2019-08-01 01:48:30.000000","2019-08-01 02:15:55.000000",1.0,7.28,1.0,N,234.0,61.0,2.0,25.5,0.5,0.5,0.0,0.0,0.3,29.3,2.5
1.0,"2019-08-01 21:45:05.000000","2019-08-01 22:24:25.000000",1.0,6.5,1.0,N,234.0,61.0,2.0,27.0,3.0,0.5,0.0,0.0,0.3,30.8,2.5
2.0,"2019-08-01 22:12:59.000000","2019-08-01 22:46:11.000000",1.0,6.27,1.0,N,234.0,61.0,1.0,25.0,0.5,0.5,5.76,0.0,0.3,34.56,2.5
2.0,"2019-08-01 22:53:51.000000","2019-08-01 23:20:50.000000",1.0,5.93,1.0,N,234.0,61.0,1.0,22.5,0.5,0.5,5.26,0.0,0.3,31.56,2.5
1.0,"2019-08-01 23:25:17.000000","2019-08-01 23:57:06.000000",2.0,6.4,1.0,N,234.0,61.0,1.0,25.0,3.0,0.5,8.6,0.0,0.3,37.4,2.5
2.0,"2019-08-02 03:29:17.000000","2019-08-02 03:50:43.000000",2.0,6.19,1.0,N,234.0,61.0,1.0,21.5,0.5,0.5,5.06,0.0,0.3,30.36,2.5
1.0,"2019-08-02 18:12:14.000000","2019-08-02 18:57:04.000000",1.0,7.9,1.0,N,234.0,61.0,1.0,34.0,3.5,0.5,7.65,0.0,0.3,45.95,2.5
1.0,"2019-08-02 19:33:41.000000","2019-08-02 20:07:39.000000",0.0,6.5,1.0,N,234.0,61.0,2.0,26.0,3.5,0.5,0.0,0.0,0.3,30.3,2.5
1.0,"2019-08-02 20:50:54.000000","2019-08-02 21:23:21.000000",1.0,6.5,1.0,N,234.0,61.0,1.0,25.5,3.0,0.5,7.3,0.0,0.3,36.6,2.5
2.0,"2019-08-02 23:10:40.000000","2019-08-02 23:41:38.000000",6.0,5.97,1.0,N,234.0,61.0,1.0,23.0,0.5,0.5,5.36,0.0,0.3,32.16,2.5
2.0,"2019-08-02 23:59:49.000000","2019-08-03 00:32:03.000000",1.0,7.57,1.0,N,234.0,61.0,2.0,27.5,0.5,0.5,0.0,0.0,0.3,31.3,2.5
2.0,"2019-08-02 23:01:53.000000","2019-08-02 23:34:43.000000",2.0,6.42,1.0,N,234.0,61.0,1.0,25.0,0.5,0.5,5.76,0.0,0.3,34.56,2.5
2.0,"2019-08-03 00:05:12.000000","2019-08-03 00:34:32.000000",5.0,8.66,1.0,N,234.0,61.0,1.0,28.5,0.5,0.5,8.08,0.0,0.3,40.38,2.5
2.0,"2019-08-03 10:29:51.000000","2019-08-03 11:05:33.000000",1.0,7.57,1.0,N,234.0,61.0,2.0,28.0,0.0,0.5,0.0,0.0,0.3,31.3,2.5
2.0,"2019-08-03 12:00:03.000000","2019-08-03 12:53:15.000000",1.0,8.39,1.0,N,234.0,61.0,2.0,37.5,0.0,0.5,0.0,0.0,0.3,40.8,2.5
1.0,"2019-08-03 13:35:33.000000","2019-08-03 14:09:42.000000",1.0,6.8,1.0,N,234.0,61.0,1.0,27.5,2.5,0.5,0.0,0.0,0.3,30.8,2.5
2.0,"2019-08-03 22:08:48.000000","2019-08-03 22:49:49.000000",5.0,7.49,1.0,N,234.0,61.0,1.0,29.0,0.5,0.5,6.56,0.0,0.3,39.36,2.5
2.0,"2019-08-03 22:29:11.000000","2019-08-03 23:03:50.000000",1.0,6.42,1.0,N,234.0,61.0,1.0,26.0,0.5,0.5,7.45,0.0,0.3,37.25,2.5
2.0,"2019-08-04 00:01:00.000000","2019-08-04 00:34:00.000000",3.0,7.01,1.0,N,234.0,61.0,1.0,26.5,0.5,0.5,7.58,0.0,0.3,37.88,2.5
2.0,"2019-08-03 23:53:04.000000","2019-08-04 00:34:59.000000",1.0,7.91,1.0,N,234.0,61.0,1.0,31.5,0.5,0.5,7.06,0.0,0.3,42.36,2.5
2.0,"2019-08-04 00:57:40.000000","2019-08-04 01:31:04.000000",4.0,6.91,1.0,N,234.0,61.0,1.0,26.0,0.5,0.5,8.94,0.0,0.3,38.74,2.5
1.0,"2019-08-04 00:30:49.000000","2019-08-04 00:57:32.000000",2.0,5.8,1.0,N,234.0,61.0,1.0,22.0,3.0,0.5,5.0,0.0,0.3,30.8,2.5
2.0,"2019-08-04 03:26:53.000000","2019-08-04 03:56:44.000000",1.0,7.28,1.0,N,234.0,61.0,2.0,26.0,0.5,0.5,0.0,0.0,0.3,29.8,2.5
2.0,"2019-08-05 02:57:46.000000","2019-08-05 03:19:49.000000",2.0,6.51,1.0,N,234.0,61.0,2.0,22.5,0.5,0.5,0.0,0.0,0.3,26.3,2.5
2.0,"2019-08-05 21:42:25.000000","2019-08-05 22:09:25.000000",1.0,5.98,1.0,N,234.0,61.0,2.0,22.0,0.5,0.5,0.0,0.0,0.3,25.8,2.5
1.0,"2019-08-05 23:36:13.000000","2019-08-05 23:58:05.000000",1.0,6.0,1.0,N,234.0,61.0,1.0,20.5,3.0,0.5,1.2,0.0,0.3,25.5,2.5
2.0,"2019-08-05 23:48:45.000000","2019-08-06 00:17:10.000000",1.0,8.08,1.0,N,234.0,61.0,1.0,26.5,0.5,0.5,5.0,0.0,0.3,35.3,2.5
2.0,"2019-08-05 23:22:22.000000","2019-08-05 23:47:52.000000",1.0,6.58,1.0,N,234.0,61.0,1.0,23.0,0.5,0.5,4.0,0.0,0.3,30.8,2.5
1.0,"2019-08-06 20:27:34.000000","2019-08-06 21:07:00.000000",1.0,6.7,1.0,N,234.0,61.0,2.0,28.0,3.0,0.5,0.0,0.0,0.3,31.8,2.5
1.0,"2019-08-06 21:03:58.000000","2019-08-06 21:34:14.000000",1.0,6.2,1.0,N,234.0,61.0,1.0,24.0,3.0,0.5,3.0,0.0,0.3,30.8,2.5
1.0,"2019-08-07 17:37:03.000000","2019-08-07 18:46:13.000000",1.0,7.0,1.0,N,234.0,61.0,1.0,41.5,3.5,0.5,0.0,0.0,0.3,45.8,2.5
2.0,"2019-08-07 18:25:58.000000","2019-08-07 19:01:54.000000",1.0,6.22,1.0,N,234.0,61.0,1.0,25.5,1.0,0.5,0.0,0.0,0.3,29.8,2.5
2.0,"2019-08-07 19:00:23.000000","2019-08-07 19:44:48.000000",1.0,6.5,1.0,N,234.0,61.0,1.0,30.5,1.0,0.5,4.0,0.0,0.3,38.8,2.5
1.0,"2019-08-07 21:36:42.000000","2019-08-07 22:10:52.000000",2.0,6.4,1.0,N,234.0,61.0,1.0,25.5,3.0,0.5,5.85,0.0,0.3,35.15,2.5
2.0,"2019-08-07 21:52:37.000000","2019-08-07 22:22:02.000000",1.0,8.77,1.0,N,234.0,61.0,1.0,29.0,0.5,0.5,6.56,0.0,0.3,39.36,2.5
2.0,"2019-08-08 00:00:35.000000","2019-08-08 00:27:42.000000",1.0,6.3,1.0,N,234.0,61.0,1.0,23.0,0.5,0.5,6.7,0.0,0.3,33.5,2.5
1.0,"2019-08-08 01:36:59.000000","2019-08-08 02:05:20.000000",1.0,7.4,1.0,N,234.0,61.0,1.0,25.5,3.0,0.5,5.85,0.0,0.3,35.15,2.5
2.0,"2019-08-08 02:32:57.000000","2019-08-08 02:57:49.000000",2.0,7.15,1.0,N,234.0,61.0,2.0,24.0,0.5,0.5,0.0,0.0,0.3,27.8,2.5
2.0,"2019-08-08 22:28:48.000000","2019-08-08 23:09:26.000000",1.0,6.26,1.0,N,234.0,61.0,1.0,27.0,0.5,0.5,6.16,0.0,0.3,36.96,2.5
2.0,"2019-08-08 22:49:03.000000","2019-08-08 23:26:20.000000",1.0,6.74,1.0,N,234.0,61.0,1.0,27.5,0.5,0.5,6.26,0.0,0.3,37.56,2.5
2.0,"2019-08-08 22:25:53.000000","2019-08-08 23:06:36.000000",2.0,7.14,1.0,N,234.0,61.0,1.0,30.0,0.5,0.5,6.76,0.0,0.3,40.56,2.5
2.0,"2019-08-08 23:08:42.000000","2019-08-08 23:32:51.000000",2.0,5.51,1.0,N,234.0,61.0,1.0,20.5,0.5,0.5,4.86,0.0,0.3,29.16,2.5
1.0,"2019-08-08 23:37:32.000000","2019-08-09 00:06:31.000000",1.0,5.9,1.0,N,234.0,61.0,1.0,22.5,3.0,0.5,0.0,0.0,0.3,26.3,2.5
1.0,"2019-08-10 04:00:27.000000","2019-08-10 04:24:36.000000",3.0,6.7,1.0,N,234.0,61.0,2.0,23.0,3.0,0.5,0.0,0.0,0.3,26.8,2.5
2.0,"2019-08-10 04:16:12.000000","2019-08-10 04:44:15.000000",1.0,7.25,1.0,N,234.0,61.0,2.0,26.0,0.5,0.5,0.0,0.0,0.3,29.8,2.5
2.0,"2019-08-10 22:26:27.000000","2019-08-10 22:58:31.000000",2.0,6.56,1.0,N,234.0,61.0,1.0,25.0,0.5,0.5,5.76,0.0,0.3,34.56,2.5
2.0,"2019-08-10 23:16:58.000000","2019-08-10 23:44:26.000000",1.0,5.92,1.0,N,234.0,61.0,1.0,22.5,0.5,0.5,6.58,0.0,0.3,32.88,2.5
2.0,"2019-08-11 00:15:42.000000","2019-08-11 00:49:29.000000",1.0,7.1,1.0,N,234.0,61.0,1.0,26.5,0.5,0.5,6.06,0.0,0.3,36.36,2.5
2.0,"2019-08-11 01:56:18.000000","2019-08-11 02:29:39.000000",1.0,5.75,1.0,N,234.0,61.0,1.0,25.0,0.5,0.5,2.0,0.0,0.3,30.8,2.5
2.0,"2019-08-11 02:52:14.000000","2019-08-11 03:15:54.000000",1.0,6.53,1.0,N,234.0,61.0,1.0,22.0,0.5,0.5,5.0,0.0,0.3,30.8,2.5
1.0,"2019-08-11 03:38:09.000000","2019-08-11 04:02:56.000000",1.0,8.2,1.0,N,234.0,61.0,1.0,25.5,3.0,0.5,5.85,0.0,0.3,35.15,2.5
1.0,"2019-08-11 17:41:15.000000","2019-08-11 18:11:24.000000",1.0,6.1,1.0,N,234.0,61.0,1.0,24.0,2.5,0.5,5.45,0.0,0.3,32.75,2.5
1.0,"2019-08-12 01:09:01.000000","2019-08-12 01:31:41.000000",1.0,6.5,1.0,N,234.0,61.0,1.0,22.0,3.0,0.5,5.15,0.0,0.3,30.95,2.5
1.0,"2019-08-12 21:08:27.000000","2019-08-12 21:33:08.000000",1.0,6.0,1.0,N,234.0,61.0,1.0,22.0,3.0,0.5,5.15,0.0,0.3,30.95,2.5
2.0,"2019-08-12 21:33:56.000000","2019-08-12 22:03:27.000000",3.0,8.85,1.0,N,234.0,61.0,1.0,29.5,0.5,0.5,6.66,0.0,0.3,39.96,2.5
2.0,"2019-08-13 18:48:39.000000","2019-08-13 19:15:07.000000",1.0,5.5,1.0,N,234.0,61.0,1.0,22.0,1.0,0.5,3.0,0.0,0.3,29.3,2.5
1.0,"2019-08-13 20:59:11.000000","2019-08-13 21:45:11.000000",1.0,0.0,1.0,N,234.0,61.0,1.0,40.2,0.0,0.5,0.0,0.0,0.3,41.0,0.0
1.0,"2019-08-13 20:37:07.000000","2019-08-13 21:12:32.000000",1.0,7.3,1.0,N,234.0,61.0,1.0,28.0,3.0,0.5,5.0,0.0,0.3,36.8,2.5
2.0,"2019-08-13 22:19:36.000000","2019-08-13 22:47:48.000000",1.0,6.35,1.0,N,234.0,61.0,1.0,23.5,0.5,0.5,5.46,0.0,0.3,32.76,2.5
1.0,"2019-08-13 22:11:57.000000","2019-08-13 22:37:33.000000",0.0,6.2,1.0,N,234.0,61.0,1.0,22.0,3.0,0.5,6.45,0.0,0.3,32.25,2.5
2.0,"2019-08-13 23:19:46.000000","2019-08-13 23:42:00.000000",1.0,6.36,1.0,N,234.0,61.0,1.0,21.5,0.5,0.5,5.06,0.0,0.3,30.36,2.5
2.0,"2019-08-14 00:42:56.000000","2019-08-14 01:05:20.000000",1.0,6.49,1.0,N,234.0,61.0,1.0,22.0,0.5,0.5,5.16,0.0,0.3,30.96,2.5
2.0,"2019-08-14 00:19:28.000000","2019-08-14 00:48:38.000000",1.0,7.53,1.0,N,234.0,61.0,1.0,25.5,0.5,0.5,0.0,0.0,0.3,29.3,2.5
1.0,"2019-08-14 03:31:39.000000","2019-08-14 04:01:52.000000",2.0,7.8,1.0,N,234.0,61.0,1.0,27.0,3.0,0.5,6.15,0.0,0.3,36.95,2.5
2.0,"2019-08-14 18:38:59.000000","2019-08-14 19:24:49.000000",1.0,7.69,1.0,N,234.0,61.0,1.0,32.5,1.0,0.5,7.36,0.0,0.3,44.16,2.5
1.0,"2019-08-14 19:29:25.000000","2019-08-14 20:06:53.000000",1.0,8.9,1.0,N,234.0,61.0,2.0,30.0,3.5,0.5,0.0,0.0,0.3,34.3,2.5
1.0,"2019-08-14 20:27:53.000000","2019-08-14 21:06:38.000000",1.0,7.5,1.0,N,234.0,61.0,1.0,28.5,3.0,0.5,8.05,0.0,0.3,40.35,2.5
2.0,"2019-08-14 20:34:39.000000","2019-08-14 21:06:02.000000",1.0,6.18,1.0,N,234.0,61.0,1.0,23.5,0.5,0.5,5.46,0.0,0.3,32.76,2.5
2.0,"2019-08-14 21:50:40.000000","2019-08-14 22:20:56.000000",1.0,6.81,1.0,N,234.0,61.0,1.0,24.5,0.5,0.5,7.08,0.0,0.3,35.38,2.5
1.0,"2019-08-14 22:27:18.000000","2019-08-14 22:53:15.000000",1.0,6.0,1.0,N,234.0,61.0,1.0,22.5,3.0,0.5,3.0,0.0,0.3,29.3,2.5
2.0,"2019-08-14 23:46:28.000000","2019-08-15 00:17:18.000000",3.0,6.73,1.0,N,234.0,61.0,1.0,25.0,0.5,0.5,5.76,0.0,0.3,34.56,2.5
1.0,"2019-08-15 01:49:48.000000","2019-08-15 02:14:48.000000",1.0,6.6,1.0,N,234.0,61.0,1.0,23.0,3.0,0.5,0.0,0.0,0.3,26.8,2.5
2.0,"2019-08-15 01:22:45.000000","2019-08-15 01:54:08.000000",1.0,8.64,1.0,N,234.0,61.0,1.0,29.0,0.5,0.5,2.5,0.0,0.3,35.3,2.5
1.0,"2019-08-15 18:44:04.000000","2019-08-15 19:25:56.000000",1.0,6.3,1.0,N,234.0,61.0,1.0,28.5,3.5,0.5,6.55,0.0,0.3,39.35,2.5
2.0,"2019-08-15 19:49:16.000000","2019-08-15 20:23:32.000000",1.0,6.2,1.0,N,234.0,61.0,1.0,25.0,1.0,0.5,5.86,0.0,0.3,35.16,2.5
2.0,"2019-08-15 19:07:20.000000","2019-08-15 19:44:49.000000",2.0,6.52,1.0,N,234.0,61.0,1.0,26.5,1.0,0.5,6.16,0.0,0.3,36.96,2.5
2.0,"2019-08-15 21:33:10.000000","2019-08-15 22:03:46.000000",1.0,6.0,1.0,N,234.0,61.0,1.0,23.5,0.5,0.5,5.46,0.0,0.3,32.76,2.5
2.0,"2019-08-15 21:33:53.000000","2019-08-15 22:09:22.000000",1.0,6.84,1.0,N,234.0,61.0,1.0,25.5,0.5,0.5,5.86,0.0,0.3,35.16,2.5
1.0,"2019-08-16 00:05:47.000000","2019-08-16 00:29:56.000000",1.0,7.1,1.0,N,234.0,61.0,1.0,23.5,3.0,0.5,5.45,0.0,0.3,32.75,2.5
2.0,"2019-08-16 02:37:42.000000","2019-08-16 03:03:30.000000",5.0,7.05,1.0,N,234.0,61.0,2.0,24.5,0.5,0.5,0.0,0.0,0.3,28.3,2.5
1.0,"2019-08-16 16:26:05.000000","2019-08-16 17:02:25.000000",1.0,6.7,1.0,N,234.0,61.0,1.0,27.5,3.5,0.5,6.35,0.0,0.3,38.15,2.5
1.0,"2019-08-16 17:14:21.000000","2019-08-16 18:02:52.000000",1.0,7.0,1.0,N,234.0,61.0,2.0,32.0,3.5,0.5,0.0,0.0,0.3,36.3,2.5
2.0,"2019-08-16 18:31:23.000000","2019-08-16 19:05:01.000000",5.0,7.37,1.0,N,234.0,61.0,1.0,26.5,1.0,0.5,4.4,0.0,0.3,35.2,2.5
2.0,"2019-08-17 01:59:18.000000","2019-08-17 02:27:32.000000",2.0,8.04,1.0,N,234.0,61.0,1.0,26.5,0.5,0.5,4.7,0.0,0.3,35.0,2.5
2.0,"2019-08-17 03:20:13.000000","2019-08-17 03:46:39.000000",1.0,7.52,1.0,N,234.0,61.0,2.0,25.5,0.5,0.5,0.0,0.0,0.3,29.3,2.5
2.0,"2019-08-17 04:00:43.000000","2019-08-17 04:30:21.000000",1.0,7.91,1.0,N,234.0,61.0,1.0,27.5,0.5,0.5,7.82,0.0,0.3,39.12,2.5
2.0,"2019-08-17 17:31:51.000000","2019-08-17 18:21:33.000000",1.0,6.95,1.0,N,234.0,61.0,1.0,33.5,0.0,0.5,4.8,0.0,0.3,41.6,2.5
1.0,"2019-08-17 18:06:03.000000","2019-08-17 18:39:17.000000",1.0,6.1,1.0,N,234.0,61.0,1.0,24.0,2.5,0.5,2.0,0.0,0.3,29.3,2.5
1.0,"2019-08-18 02:06:10.000000","2019-08-18 02:33:04.000000",2.0,6.3,1.0,N,234.0,61.0,2.0,23.0,3.0,0.5,0.0,0.0,0.3,26.8,2.5
1.0,"2019-08-18 14:03:42.000000","2019-08-18 14:39:52.000000",0.0,6.7,1.0,N,234.0,61.0,3.0,27.5,2.5,0.5,0.0,0.0,0.3,30.8,2.5
2.0,"2019-08-18 21:49:23.000000","2019-08-18 22:20:10.000000",2.0,7.31,1.0,N,234.0,61.0,2.0,26.0,0.5,0.5,0.0,0.0,0.3,29.8,2.5
2.0,"2019-08-18 23:53:52.000000","2019-08-19 00:20:06.000000",1.0,6.27,1.0,N,234.0,61.0,1.0,22.5,0.5,0.5,5.26,0.0,0.3,31.56,2.5
2.0,"2019-08-19 01:36:15.000000","2019-08-19 02:02:09.000000",1.0,8.94,1.0,N,234.0,61.0,1.0,28.0,0.5,0.5,6.36,0.0,0.3,38.16,2.5
2.0,"2019-08-19 12:16:08.000000","2019-08-19 12:56:57.000000",2.0,7.99,1.0,N,234.0,61.0,1.0,30.5,0.0,0.5,3.0,0.0,0.3,36.8,2.5
2.0,"2019-08-19 17:22:01.000000","2019-08-19 17:56:18.000000",1.0,5.91,1.0,N,234.0,61.0,1.0,25.5,1.0,0.5,5.96,0.0,0.3,35.76,2.5
2.0,"2019-08-19 20:50:23.000000","2019-08-19 21:21:32.000000",1.0,8.9,1.0,N,234.0,61.0,1.0,29.5,0.5,0.5,6.66,0.0,0.3,39.96,2.5
2.0,"2019-08-19 22:31:16.000000","2019-08-19 22:58:43.000000",2.0,6.86,1.0,N,234.0,61.0,1.0,24.5,0.5,0.5,5.66,0.0,0.3,33.96,2.5
2.0,"2019-08-20 00:34:12.000000","2019-08-20 00:57:35.000000",1.0,9.23,1.0,N,234.0,61.0,1.0,28.0,0.5,0.5,9.54,0.0,0.3,41.34,2.5
1.0,"2019-08-20 19:17:00.000000","2019-08-20 19:53:00.000000",1.0,6.1,1.0,N,234.0,61.0,1.0,26.0,3.5,0.5,6.05,0.0,0.3,36.35,2.5
1.0,"2019-08-20 21:10:14.000000","2019-08-20 21:46:33.000000",1.0,7.2,1.0,N,234.0,61.0,1.0,28.0,3.0,0.5,3.0,0.0,0.3,34.8,2.5
2.0,"2019-08-20 23:17:41.000000","2019-08-20 23:44:35.000000",1.0,6.74,1.0,N,234.0,61.0,1.0,23.5,0.5,0.5,5.46,0.0,0.3,32.76,2.5
2.0,"2019-08-21 00:30:29.000000","2019-08-21 00:59:20.000000",1.0,6.97,1.0,N,234.0,61.0,1.0,24.5,0.5,0.5,0.0,0.0,0.3,28.3,2.5
2.0,"2019-08-21 03:37:32.000000","2019-08-21 03:58:57.000000",5.0,6.42,1.0,N,234.0,61.0,1.0,22.0,0.5,0.5,6.45,0.0,0.3,32.25,2.5
1.0,"2019-08-21 04:39:14.000000","2019-08-21 05:07:21.000000",1.0,0.0,1.0,N,234.0,61.0,1.0,27.83,0.0,0.5,0.0,0.0,0.3,28.63,0.0
2.0,"2019-08-21 10:01:34.000000","2019-08-21 10:46:34.000000",1.0,8.82,1.0,N,234.0,61.0,2.0,35.5,0.0,0.5,0.0,0.0,0.3,38.8,2.5
1.0,"2019-08-21 18:07:25.000000","2019-08-21 18:46:45.000000",2.0,7.1,1.0,N,234.0,61.0,1.0,28.5,3.5,0.5,7.0,0.0,0.3,39.8,2.5
2.0,"2019-08-21 20:13:56.000000","2019-08-21 20:40:09.000000",1.0,5.48,1.0,N,234.0,61.0,1.0,21.5,0.5,0.5,7.59,0.0,0.3,32.89,2.5
1.0,"2019-08-21 21:32:43.000000","2019-08-21 22:03:58.000000",1.0,5.9,1.0,N,234.0,61.0,1.0,24.0,3.0,0.5,5.55,0.0,0.3,33.35,2.5
2.0,"2019-08-21 21:00:34.000000","2019-08-21 21:30:31.000000",1.0,6.38,1.0,N,234.0,61.0,1.0,24.0,0.5,0.5,5.56,0.0,0.3,33.36,2.5
1.0,"2019-08-21 21:30:41.000000","2019-08-21 21:57:35.000000",1.0,5.5,1.0,N,234.0,61.0,1.0,21.5,3.0,0.5,5.05,0.0,0.3,30.35,2.5
1.0,"2019-08-21 21:01:51.000000","2019-08-21 21:36:23.000000",1.0,6.0,1.0,N,234.0,61.0,1.0,25.5,3.0,0.5,4.0,0.0,0.3,33.3,2.5
2.0,"2019-08-21 23:52:42.000000","2019-08-22 00:19:35.000000",1.0,7.32,1.0,N,234.0,61.0,1.0,24.5,0.5,0.5,1.0,0.0,0.3,29.3,2.5
2.0,"2019-08-21 23:24:45.000000","2019-08-22 00:00:16.000000",6.0,10.09,1.0,N,234.0,61.0,1.0,32.5,0.5,0.5,3.63,0.0,0.3,39.93,2.5
2.0,"2019-08-22 00:33:34.000000","2019-08-22 00:59:14.000000",3.0,7.6,1.0,N,234.0,61.0,1.0,25.0,0.5,0.5,0.0,0.0,0.3,28.8,2.5
2.0,"2019-08-22 00:50:34.000000","2019-08-22 01:16:17.000000",2.0,6.41,1.0,N,234.0,61.0,1.0,23.0,0.5,0.5,5.36,0.0,0.3,32.16,2.5
2.0,"2019-08-22 05:04:29.000000","2019-08-22 05:26:05.000000",6.0,7.19,1.0,N,234.0,61.0,1.0,23.5,0.5,0.5,5.46,0.0,0.3,32.76,2.5
2.0,"2019-08-22 10:32:10.000000","2019-08-22 11:09:53.000000",1.0,5.92,1.0,N,234.0,61.0,1.0,26.5,0.0,0.5,5.96,0.0,0.3,35.76,2.5
2.0,"2019-08-22 18:37:58.000000","2019-08-23 18:29:20.000000",3.0,5.73,1.0,N,234.0,61.0,2.0,24.0,1.0,0.5,0.0,0.0,0.3,28.3,2.5
2.0,"2019-08-22 20:44:13.000000","2019-08-22 21:34:25.000000",1.0,9.23,1.0,N,234.0,61.0,1.0,35.5,0.5,0.5,7.86,0.0,0.3,47.16,2.5
2.0,"2019-08-22 21:37:50.000000","2019-08-22 22:14:21.000000",5.0,5.81,1.0,N,234.0,61.0,1.0,24.5,0.5,0.5,5.66,0.0,0.3,33.96,2.5
1.0,"2019-08-22 22:45:04.000000","2019-08-22 23:24:28.000000",1.0,6.3,1.0,N,234.0,61.0,1.0,28.0,3.0,0.5,1.0,0.0,0.3,32.8,2.5
1.0,"2019-08-22 22:38:50.000000","2019-08-22 23:18:48.000000",1.0,6.5,1.0,N,234.0,61.0,1.0,26.5,3.0,0.5,6.05,0.0,0.3,36.35,2.5
2.0,"2019-08-22 23:32:33.000000","2019-08-23 00:07:30.000000",1.0,6.43,1.0,N,234.0,61.0,1.0,26.5,0.5,0.5,6.06,0.0,0.3,36.36,2.5
2.0,"2019-08-23 00:25:21.000000","2019-08-23 00:52:44.000000",4.0,6.41,1.0,N,234.0,61.0,1.0,23.5,0.5,0.5,5.46,0.0,0.3,32.76,2.5
1.0,"2019-08-23 00:09:14.000000","2019-08-23 00:45:04.000000",1.0,7.8,1.0,N,234.0,61.0,1.0,28.0,3.0,0.5,0.0,0.0,0.3,31.8,2.5
1.0,"2019-08-23 16:23:51.000000","2019-08-23 17:03:09.000000",1.0,0.0,1.0,N,234.0,61.0,1.0,26.2,0.0,0.5,0.0,0.0,0.3,27.0,0.0
2.0,"2019-08-24 00:43:53.000000","2019-08-24 01:14:53.000000",1.0,7.23,1.0,N,234.0,61.0,1.0,26.0,0.5,0.5,1.08,0.0,0.3,30.88,2.5
1.0,"2019-08-24 01:55:55.000000","2019-08-24 02:32:14.000000",2.0,9.9,1.0,N,234.0,61.0,1.0,33.0,3.0,0.5,7.35,0.0,0.3,44.15,2.5
2.0,"2019-08-24 04:00:33.000000","2019-08-24 04:35:38.000000",1.0,8.35,1.0,N,234.0,61.0,1.0,29.5,0.5,0.5,6.66,0.0,0.3,39.96,2.5
2.0,"2019-08-25 02:15:52.000000","2019-08-25 02:43:19.000000",1.0,7.66,1.0,N,234.0,61.0,1.0,26.0,0.5,0.5,5.96,0.0,0.3,35.76,2.5
2.0,"2019-08-25 03:35:07.000000","2019-08-25 04:05:38.000000",1.0,8.7,1.0,N,234.0,61.0,1.0,28.5,0.5,0.5,6.46,0.0,0.3,38.76,2.5
1.0,"2019-08-25 23:26:36.000000","2019-08-26 00:09:35.000000",1.0,8.0,1.0,N,234.0,61.0,2.0,33.5,3.0,0.5,0.0,0.0,0.3,37.3,2.5
2.0,"2019-08-26 11:29:11.000000","2019-08-26 12:01:28.000000",1.0,5.88,1.0,N,234.0,61.0,1.0,24.5,0.0,0.5,5.56,0.0,0.3,33.36,2.5
2.0,"2019-08-26 15:55:40.000000","2019-08-26 16:53:15.000000",1.0,7.91,1.0,N,234.0,61.0,1.0,37.0,0.0,0.5,8.06,0.0,0.3,48.36,2.5
2.0,"2019-08-26 23:29:19.000000","2019-08-26 23:55:43.000000",1.0,6.45,1.0,N,234.0,61.0,1.0,23.0,0.5,0.5,5.36,0.0,0.3,32.16,2.5
1.0,"2019-08-27 01:11:14.000000","2019-08-27 01:39:57.000000",1.0,7.7,1.0,N,234.0,61.0,1.0,25.5,3.0,0.5,0.0,0.0,0.3,29.3,2.5
1.0,"2019-08-27 14:59:48.000000","2019-08-27 15:49:02.000000",1.0,7.3,1.0,N,234.0,61.0,1.0,32.5,2.5,0.5,5.0,0.0,0.3,40.8,2.5
2.0,"2019-08-27 14:01:15.000000","2019-08-27 14:39:05.000000",6.0,6.18,1.0,N,234.0,61.0,1.0,27.5,0.0,0.5,7.0,0.0,0.3,37.8,2.5
1.0,"2019-08-27 19:57:40.000000","2019-08-27 20:32:04.000000",1.0,5.8,1.0,N,234.0,61.0,2.0,25.0,3.5,0.5,0.0,0.0,0.3,29.3,2.5
2.0,"2019-08-27 20:05:36.000000","2019-08-27 20:37:52.000000",5.0,5.8,1.0,N,234.0,61.0,1.0,24.0,0.5,0.5,5.56,0.0,0.3,33.36,2.5
2.0,"2019-08-27 22:38:04.000000","2019-08-27 23:05:38.000000",5.0,6.9,1.0,N,234.0,61.0,1.0,24.5,0.5,0.5,5.66,0.0,0.3,33.96,2.5
2.0,"2019-08-27 23:11:57.000000","2019-08-27 23:38:31.000000",1.0,6.45,1.0,N,234.0,61.0,1.0,23.5,0.5,0.5,5.46,0.0,0.3,32.76,2.5
2.0,"2019-08-28 00:07:40.000000","2019-08-28 00:33:58.000000",1.0,7.57,1.0,N,234.0,61.0,2.0,24.5,0.5,0.5,0.0,0.0,0.3,28.3,2.5
2.0,"2019-08-28 00:41:01.000000","2019-08-28 01:07:16.000000",1.0,6.9,1.0,N,234.0,61.0,1.0,24.0,0.5,0.5,0.0,0.0,0.3,27.8,2.5
1.0,"2019-08-28 01:28:19.000000","2019-08-28 01:55:23.000000",2.0,7.2,1.0,N,234.0,61.0,1.0,24.5,3.0,0.5,1.0,0.0,0.3,29.3,2.5
2.0,"2019-08-28 01:15:01.000000","2019-08-28 01:41:59.000000",1.0,6.35,1.0,N,234.0,61.0,2.0,23.5,0.5,0.5,0.0,0.0,0.3,27.3,2.5
2.0,"2019-08-28 15:55:06.000000","2019-08-28 17:16:20.000000",1.0,7.17,1.0,N,234.0,61.0,2.0,49.0,1.0,0.5,0.0,0.0,0.3,53.3,2.5
2.0,"2019-08-28 18:51:04.000000","2019-08-28 19:29:46.000000",2.0,6.56,1.0,N,234.0,61.0,2.0,28.0,1.0,0.5,0.0,0.0,0.3,32.3,2.5
2.0,"2019-08-28 20:50:35.000000","2019-08-28 21:21:31.000000",2.0,6.57,1.0,N,234.0,61.0,1.0,24.5,0.5,0.5,5.66,0.0,0.3,33.96,2.5
2.0,"2019-08-28 21:03:23.000000","2019-08-28 21:38:03.000000",1.0,7.08,1.0,N,234.0,61.0,2.0,27.5,0.5,0.5,0.0,0.0,0.3,31.3,2.5
2.0,"2019-08-29 01:32:50.000000","2019-08-29 02:01:33.000000",6.0,7.28,1.0,N,234.0,61.0,1.0,25.0,0.5,0.5,2.0,0.0,0.3,30.8,2.5
2.0,"2019-08-29 02:24:06.000000","2019-08-29 02:55:21.000000",2.0,7.83,1.0,N,234.0,61.0,2.0,26.5,0.5,0.5,0.0,0.0,0.3,30.3,2.5
1.0,"2019-08-29 18:12:57.000000","2019-08-29 18:48:02.000000",1.0,6.8,1.0,N,234.0,61.0,2.0,26.0,3.5,0.5,0.0,0.0,0.3,30.3,2.5
2.0,"2019-08-29 18:47:55.000000","2019-08-29 19:26:14.000000",1.0,8.28,1.0,N,234.0,61.0,1.0,30.0,1.0,0.5,6.86,0.0,0.3,41.16,2.5
2.0,"2019-08-29 21:26:08.000000","2019-08-29 21:58:15.000000",2.0,6.85,1.0,N,234.0,61.0,1.0,25.5,0.5,0.5,7.32,0.0,0.3,36.62,2.5
2.0,"2019-08-30 00:24:53.000000","2019-08-30 00:52:27.000000",1.0,5.48,1.0,N,234.0,61.0,1.0,22.5,0.5,0.5,5.26,0.0,0.3,31.56,2.5
1.0,"2019-08-30 01:41:02.000000","2019-08-30 02:12:00.000000",1.0,9.2,1.0,N,234.0,61.0,2.0,30.0,3.0,0.5,0.0,0.0,0.3,33.8,2.5
1.0,"2019-08-30 01:29:29.000000","2019-08-30 01:59:20.000000",1.0,7.2,1.0,N,234.0,61.0,1.0,27.0,3.0,0.5,6.15,0.0,0.3,36.95,2.5
2.0,"2019-08-30 15:36:12.000000","2019-08-30 16:30:01.000000",2.0,6.59,1.0,N,234.0,61.0,1.0,33.0,0.0,0.5,5.0,0.0,0.3,41.3,2.5
2.0,"2019-08-31 01:44:13.000000","2019-08-31 02:15:42.000000",1.0,7.92,1.0,N,234.0,61.0,1.0,28.0,0.5,0.5,4.0,0.0,0.3,35.8,2.5
1.0,"2019-08-31 14:43:42.000000","2019-08-31 15:19:14.000000",3.0,6.3,1.0,N,234.0,61.0,1.0,26.5,2.5,0.5,7.45,0.0,0.3,37.25,2.5
,"2019-08-02 13:09:00.000000","2019-08-02 13:48:00.000000",,9.15,,,234.0,61.0,,27.76,2.75,0.5,0.0,0.0,0.3,31.31,0.0
,"2019-08-05 11:07:00.000000","2019-08-05 11:53:00.000000",,7.5,,,234.0,61.0,,27.76,2.75,0.5,0.0,0.0,0.3,31.31,0.0
,"2019-08-10 07:19:00.000000","2019-08-10 07:45:00.000000",,6.14,,,234.0,61.0,,32.45,2.75,0.5,0.0,0.0,0.3,36.0,0.0
,"2019-08-12 15:05:00.000000","2019-08-12 15:54:00.000000",,8.2,,,234.0,61.0,,27.76,2.75,0.5,0.0,0.0,0.3,31.31,0.0
,"2019-08-10 13:16:00.000000","2019-08-10 14:07:00.000000",,7.05,,,234.0,61.0,,27.76,2.75,0.5,0.0,0.0,0.3,31.31,0.0
,"2019-08-16 10:45:48.000000","2019-08-16 11:22:35.000000",,7.22,,,234.0,61.0,,28.26,2.75,0.0,0.0,0.0,0.3,31.31,0.0
,"2019-08-21 20:01:06.000000","2019-08-21 20:37:04.000000",,7.73,,,234.0,61.0,,43.45,2.75,0.0,0.0,0.0,0.3,46.5,0.0
,"2019-08-21 17:08:00.000000","2019-08-21 18:03:00.000000",,9.34,,,234.0,61.0,,27.76,2.75,0.5,0.0,0.0,0.3,31.31,0.0
,"2019-08-27 13:01:48.000000","2019-08-27 13:43:05.000000",,7.07,,,234.0,61.0,,25.51,5.5,0.0,0.0,0.0,0.3,31.31,0.0
,"2019-08-28 20:17:00.000000","2019-08-28 21:08:00.000000",,7.75,,,234.0,61.0,,42.95,2.75,0.5,0.0,0.0,0.3,46.5,0.0
,"2019-08-30 10:44:00.000000","2019-08-30 11:34:00.000000",,7.27,,,234.0,61.0,,27.76,2.75,0.5,0.0,0.0,0.3,31.31,0.0
,"2019-08-30 14:19:00.000000","2019-08-30 15:01:00.000000",,5.43,,,234.0,61.0,,27.76,2.75,0.5,0.0,0.0,0.3,31.31,0.0
,"2019-08-29 15:48:00.000000","2019-08-29 16:40:00.000000",,7.61,,,234.0,61.0,,35.95,2.75,0.5,0.0,0.0,0.3,39.5,0.0
