2.0,"2019-08-01 11:11:35.000000","2019-08-01 11:35:33.000000",1.0,4.18,1.0,N,234.0,65.0,2.0,18.0,0.0,0.5,0.0,0.0,0.3,21.3,2.5
1.0,"2019-08-01 13:31:29.000000","2019-08-01 13:57:38.000000",0.0,3.7,1.0,N,234.0,65.0,2.0,18.5,2.5,0.5,0.0,0.0,0.3,21.8,2.5
2.0,"2019-08-01 14:03:07.000000","2019-08-01 14:31:13.000000",2.0,3.78,1.0,N,234.0,65.0,1.0,20.0,0.0,0.5,3.0,0.0,0.3,26.3,2.5
1.0,"2019-08-01 19:47:55.000000","2019-08-01 20:09:04.000000",3.0,4.1,1.0,N,234.0,65.0,1.0,16.5,3.5,0.5,5.2,0.0,0.3,26.0,2.5
2.0,"2019-08-01 18:59:48.000000","2019-08-01 19:20:46.000000",1.0,3.81,1.0,N,234.0,65.0,1.0,16.5,1.0,0.5,4.16,0.0,0.3,24.96,2.5
2.0,"2019-08-01 19:34:01.000000","2019-08-01 19:55:56.000000",1.0,3.85,1.0,N,234.0,65.0,1.0,16.5,1.0,0.5,4.0,0.0,0.3,24.8,2.5
2.0,"2019-08-01 23:12:19.000000","2019-08-01 23:29:38.000000",6.0,3.87,1.0,N,234.0,65.0,1.0,15.0,0.5,0.5,3.76,0.0,0.3,22.56,2.5
2.0,"2019-08-01 23:17:00.000000","2019-08-01 23:31:56.000000",1.0,3.53,1.0,N,234.0,65.0,1.0,14.0,0.5,0.5,2.5,0.0,0.3,20.3,2.5
1.0,"2019-08-01 23:09:54.000000","2019-08-01 23:29:36.000000",1.0,4.3,1.0,N,234.0,65.0,1.0,16.5,3.0,0.5,5.08,0.0,0.3,25.38,2.5
2.0,"2019-08-02 00:12:19.000000","2019-08-02 00:29:30.000000",1.0,4.16,1.0,N,234.0,65.0,1.0,15.5,0.5,0.5,3.86,0.0,0.3,23.16,2.5
1.0,"2019-08-02 00:09:29.000000","2019-08-02 00:25:41.000000",1.0,3.5,1.0,N,234.0,65.0,1.0,14.0,3.0,0.5,3.55,0.0,0.3,21.35,2.5
2.0,"2019-08-02 01:25:53.000000","2019-08-02 01:48:56.000000",1.0,4.83,1.0,N,234.0,65.0,2.0,19.0,0.5,0.5,0.0,0.0,0.3,22.8,2.5
2.0,"2019-08-02 11:14:48.000000","2019-08-02 11:31:10.000000",1.0,5.56,1.0,N,234.0,65.0,1.0,18.5,0.0,0.5,1.0,0.0,0.3,22.8,2.5
2.0,"2019-08-02 11:01:56.000000","2019-08-02 11:27:07.000000",1.0,6.65,1.0,N,234.0,65.0,2.0,24.0,0.0,0.5,0.0,0.0,0.3,27.3,2.5
2.0,"2019-08-02 17:39:27.000000","2019-08-02 18:22:21.000000",1.0,5.08,1.0,N,234.0,65.0,1.0,28.0,1.0,0.5,6.46,0.0,0.3,38.76,2.5
1.0,"2019-08-02 18:53:42.000000","2019-08-02 19:27:11.000000",1.0,4.2,1.0,N,234.0,65.0,1.0,21.5,3.5,0.5,5.15,0.0,0.3,30.95,2.5
2.0,"2019-08-02 18:46:28.000000","2019-08-02 19:12:48.000000",2.0,3.98,1.0,N,234.0,65.0,1.0,19.0,1.0,0.5,4.66,0.0,0.3,27.96,2.5
1.0,"2019-08-02 18:45:10.000000","2019-08-02 19:14:11.000000",1.0,3.7,1.0,N,234.0,65.0,1.0,20.5,3.5,0.5,7.4,0.0,0.3,32.2,2.5
2.0,"2019-08-02 19:08:40.000000","2019-08-02 19:30:22.000000",1.0,3.89,1.0,N,234.0,65.0,1.0,16.5,1.0,0.5,2.0,0.0,0.3,22.8,2.5
1.0,"2019-08-02 21:14:18.000000","2019-08-02 21:35:11.000000",1.0,4.0,1.0,N,234.0,65.0,1.0,16.5,3.0,0.5,4.05,0.0,0.3,24.35,2.5
2.0,"2019-08-02 23:10:12.000000","2019-08-02 23:30:50.000000",2.0,3.76,1.0,N,234.0,65.0,2.0,16.0,0.5,0.5,0.0,0.0,0.3,19.8,2.5
2.0,"2019-08-02 23:29:44.000000","2019-08-02 23:51:09.000000",2.0,4.28,1.0,N,234.0,65.0,1.0,17.0,0.5,0.5,3.0,0.0,0.3,23.8,2.5
1.0,"2019-08-03 00:01:55.000000","2019-08-03 00:14:32.000000",1.0,3.4,1.0,N,234.0,65.0,1.0,13.0,3.0,0.5,4.2,0.0,0.3,21.0,2.5
2.0,"2019-08-03 00:30:52.000000","2019-08-03 00:45:19.000000",1.0,3.23,1.0,N,234.0,65.0,1.0,13.0,0.5,0.5,3.36,0.0,0.3,20.16,2.5
1.0,"2019-08-03 01:13:31.000000","2019-08-03 01:33:16.000000",2.0,6.1,1.0,N,234.0,65.0,1.0,21.0,3.0,0.5,5.0,0.0,0.3,29.8,2.5
2.0,"2019-08-03 13:07:35.000000","2019-08-03 13:38:33.000000",2.0,7.79,1.0,N,234.0,65.0,1.0,27.5,0.0,0.5,5.54,0.0,0.3,36.34,2.5
2.0,"2019-08-03 23:09:05.000000","2019-08-03 23:27:21.000000",1.0,3.71,1.0,N,234.0,65.0,2.0,14.5,0.5,0.5,0.0,0.0,0.3,18.3,2.5
2.0,"2019-08-04 02:38:10.000000","2019-08-04 02:54:16.000000",2.0,4.15,1.0,N,234.0,65.0,1.0,15.0,0.5,0.5,2.0,0.0,0.3,20.8,2.5
2.0,"2019-08-04 03:15:25.000000","2019-08-04 03:32:40.000000",1.0,4.39,1.0,N,234.0,65.0,1.0,16.5,0.5,0.5,4.06,0.0,0.3,24.36,2.5
2.0,"2019-08-04 16:22:24.000000","2019-08-04 16:47:39.000000",1.0,3.96,1.0,N,234.0,65.0,1.0,17.5,0.0,0.5,4.16,0.0,0.3,24.96,2.5
2.0,"2019-08-04 22:29:51.000000","2019-08-04 22:52:37.000000",1.0,5.03,1.0,N,234.0,65.0,1.0,19.5,0.5,0.5,5.82,0.0,0.3,29.12,2.5
1.0,"2019-08-05 16:18:39.000000","2019-08-05 16:47:46.000000",1.0,4.2,1.0,N,234.0,65.0,1.0,20.0,3.5,0.5,4.85,0.0,0.3,29.15,2.5
1.0,"2019-08-05 16:08:30.000000","2019-08-05 16:28:34.000000",1.0,3.7,1.0,N,234.0,65.0,1.0,15.5,3.5,0.5,3.95,0.0,0.3,23.75,2.5
1.0,"2019-08-05 17:05:30.000000","2019-08-05 17:30:05.000000",1.0,3.5,1.0,N,234.0,65.0,1.0,16.5,3.5,0.5,4.15,0.0,0.3,24.95,2.5
1.0,"2019-08-05 19:14:49.000000","2019-08-05 19:43:10.000000",0.0,6.0,1.0,N,234.0,65.0,1.0,24.0,3.5,0.5,5.65,0.0,0.3,33.95,2.5
1.0,"2019-08-05 19:03:13.000000","2019-08-05 19:25:26.000000",1.0,4.1,1.0,N,234.0,65.0,1.0,17.0,3.5,0.5,2.0,0.0,0.3,23.3,2.5
2.0,"2019-08-05 20:48:34.000000","2019-08-05 21:08:14.000000",1.0,3.76,1.0,N,234.0,65.0,1.0,15.5,0.5,0.5,2.0,0.0,0.3,21.3,2.5
2.0,"2019-08-05 22:52:49.000000","2019-08-05 23:06:55.000000",1.0,4.14,1.0,N,234.0,65.0,1.0,14.5,0.5,0.5,2.5,0.0,0.3,20.8,2.5
2.0,"2019-08-06 08:19:58.000000","2019-08-06 08:35:48.000000",1.0,3.37,1.0,N,234.0,65.0,1.0,14.0,0.0,0.5,2.6,0.0,0.3,19.9,2.5
2.0,"2019-08-06 15:56:04.000000","2019-08-06 16:24:33.000000",2.0,5.5,1.0,N,234.0,65.0,2.0,21.5,1.0,0.5,0.0,0.0,0.3,25.8,2.5
1.0,"2019-08-06 17:41:22.000000","2019-08-06 18:00:39.000000",1.0,3.5,1.0,N,234.0,65.0,1.0,15.5,3.5,0.5,3.95,0.0,0.3,23.75,2.5
2.0,"2019-08-06 20:23:42.000000","2019-08-06 20:42:27.000000",2.0,4.47,1.0,N,234.0,65.0,1.0,16.5,0.5,0.5,4.06,0.0,0.3,24.36,2.5
1.0,"2019-08-06 20:37:58.000000","2019-08-06 20:57:12.000000",1.0,5.9,1.0,N,234.0,65.0,1.0,19.5,3.0,0.5,4.65,0.0,0.3,27.95,2.5
2.0,"2019-08-06 22:48:54.000000","2019-08-06 23:02:56.000000",3.0,3.27,1.0,N,234.0,65.0,1.0,13.0,0.5,0.5,3.36,0.0,0.3,20.16,2.5
2.0,"2019-08-07 02:10:38.000000","2019-08-07 02:26:31.000000",5.0,4.33,1.0,N,234.0,65.0,2.0,16.0,0.5,0.5,0.0,0.0,0.3,19.8,2.5
2.0,"2019-08-07 09:35:10.000000","2019-08-07 09:55:48.000000",1.0,5.53,1.0,N,234.0,65.0,1.0,20.0,0.0,0.5,4.66,0.0,0.3,27.96,2.5
2.0,"2019-08-07 12:30:54.000000","2019-08-07 12:52:16.000000",1.0,3.45,1.0,N,234.0,65.0,1.0,16.5,0.0,0.5,2.5,0.0,0.3,22.3,2.5
2.0,"2019-08-07 18:51:17.000000","2019-08-07 19:21:11.000000",6.0,3.98,1.0,N,234.0,65.0,1.0,19.5,1.0,0.5,3.57,0.0,0.3,27.37,2.5
2.0,"2019-08-07 18:10:35.000000","2019-08-07 18:37:20.000000",1.0,3.92,1.0,N,234.0,65.0,1.0,19.5,1.0,0.5,4.76,0.0,0.3,28.56,2.5
1.0,"2019-08-07 20:27:23.000000","2019-08-07 20:43:12.000000",1.0,5.7,1.0,N,234.0,65.0,1.0,18.0,3.0,0.5,4.35,0.0,0.3,26.15,2.5
2.0,"2019-08-07 22:52:56.000000","2019-08-07 23:09:10.000000",1.0,3.68,1.0,N,234.0,65.0,2.0,14.0,0.5,0.5,0.0,0.0,0.3,17.8,2.5
2.0,"2019-08-07 23:06:07.000000","2019-08-07 23:29:10.000000",3.0,5.09,1.0,N,234.0,65.0,1.0,19.0,0.5,0.5,5.7,0.0,0.3,28.5,2.5
1.0,"2019-08-07 23:36:58.000000","2019-08-07 23:54:47.000000",1.0,4.0,1.0,N,234.0,65.0,1.0,15.5,3.0,0.5,3.85,0.0,0.3,23.15,2.5
2.0,"2019-08-08 08:52:47.000000","2019-08-08 09:15:22.000000",1.0,3.67,1.0,N,234.0,65.0,2.0,17.5,0.0,0.5,0.0,0.0,0.3,20.8,2.5
1.0,"2019-08-08 16:13:44.000000","2019-08-08 16:51:34.000000",2.0,3.8,1.0,N,234.0,65.0,1.0,23.0,3.5,0.5,5.45,0.0,0.3,32.75,2.5
2.0,"2019-08-08 20:11:42.000000","2019-08-08 20:37:03.000000",1.0,3.62,1.0,N,234.0,65.0,1.0,17.5,0.5,0.5,4.26,0.0,0.3,25.56,2.5
1.0,"2019-08-08 21:59:10.000000","2019-08-08 22:20:10.000000",1.0,4.3,1.0,N,234.0,65.0,1.0,16.5,3.0,0.5,4.05,0.0,0.3,24.35,2.5
1.0,"2019-08-09 00:05:56.000000","2019-08-09 00:24:49.000000",1.0,4.3,1.0,N,234.0,65.0,1.0,16.5,3.0,0.5,4.06,0.0,0.3,24.36,2.5
2.0,"2019-08-09 09:49:38.000000","2019-08-09 10:19:31.000000",1.0,7.05,1.0,N,234.0,65.0,1.0,25.5,0.0,0.5,0.0,0.0,0.3,28.8,2.5
2.0,"2019-08-09 18:42:01.000000","2019-08-09 18:56:41.000000",1.0,3.22,1.0,N,234.0,65.0,1.0,13.0,1.0,0.5,5.0,0.0,0.3,22.3,2.5
1.0,"2019-08-09 20:39:00.000000","2019-08-09 21:03:22.000000",1.0,4.2,1.0,N,234.0,65.0,1.0,18.0,3.0,0.5,4.35,0.0,0.3,26.15,2.5
2.0,"2019-08-09 21:12:18.000000","2019-08-09 21:28:52.000000",1.0,3.43,1.0,N,234.0,65.0,1.0,14.0,0.5,0.5,3.56,0.0,0.3,21.36,2.5
2.0,"2019-08-09 21:29:04.000000","2019-08-09 21:45:46.000000",1.0,3.6,1.0,N,234.0,65.0,1.0,14.0,0.5,0.5,4.45,0.0,0.3,22.25,2.5
1.0,"2019-08-10 09:57:44.000000","2019-08-10 10:26:37.000000",0.0,3.7,1.0,N,234.0,65.0,1.0,20.0,2.5,0.5,2.0,0.0,0.3,25.3,2.5
2.0,"2019-08-10 15:07:05.000000","2019-08-10 15:25:25.000000",1.0,3.97,1.0,N,234.0,65.0,2.0,16.0,0.0,0.5,0.0,0.0,0.3,19.3,2.5
2.0,"2019-08-10 19:24:24.000000","2019-08-10 19:46:50.000000",2.0,4.37,1.0,N,234.0,65.0,1.0,18.0,0.0,0.5,4.26,0.0,0.3,25.56,2.5
2.0,"2019-08-10 23:20:55.000000","2019-08-10 23:43:33.000000",2.0,4.52,1.0,N,234.0,65.0,1.0,17.0,0.5,0.5,4.16,0.0,0.3,24.96,2.5
2.0,"2019-08-10 23:06:53.000000","2019-08-10 23:22:36.000000",1.0,3.56,1.0,N,234.0,65.0,1.0,13.0,0.5,0.5,3.36,0.0,0.3,20.16,2.5
2.0,"2019-08-10 23:24:56.000000","2019-08-10 23:39:42.000000",4.0,3.62,1.0,N,234.0,65.0,1.0,13.0,0.5,0.5,4.2,0.0,0.3,21.0,2.5
2.0,"2019-08-11 11:53:07.000000","2019-08-11 12:06:34.000000",6.0,3.3,1.0,N,234.0,65.0,1.0,13.0,0.0,0.5,3.26,0.0,0.3,19.56,2.5
2.0,"2019-08-11 15:02:48.000000","2019-08-11 15:25:17.000000",1.0,6.43,1.0,N,234.0,65.0,1.0,21.5,0.0,0.5,0.0,0.0,0.3,24.8,2.5
2.0,"2019-08-11 20:45:26.000000","2019-08-11 21:03:03.000000",1.0,3.37,1.0,N,234.0,65.0,1.0,14.5,0.5,0.5,3.0,0.0,0.3,21.3,2.5
2.0,"2019-08-11 23:21:03.000000","2019-08-11 23:40:17.000000",1.0,4.44,1.0,N,234.0,65.0,1.0,16.5,0.5,0.5,4.06,0.0,0.3,24.36,2.5
2.0,"2019-08-12 20:05:03.000000","2019-08-12 20:24:39.000000",1.0,4.06,1.0,N,234.0,65.0,1.0,16.0,0.5,0.5,2.0,0.0,0.3,21.8,2.5
2.0,"2019-08-12 21:16:13.000000","2019-08-12 21:33:21.000000",2.0,3.81,1.0,N,234.0,65.0,1.0,15.0,0.5,0.5,2.2,0.0,0.3,21.0,2.5
1.0,"2019-08-12 22:18:11.000000","2019-08-12 22:35:16.000000",1.0,5.8,1.0,N,234.0,65.0,1.0,19.5,3.0,0.5,4.65,0.0,0.3,27.95,2.5
2.0,"2019-08-13 13:03:43.000000","2019-08-13 13:24:57.000000",1.0,3.98,1.0,N,234.0,65.0,1.0,17.5,0.0,0.5,1.0,0.0,0.3,21.8,2.5
2.0,"2019-08-13 14:01:41.000000","2019-08-13 14:19:43.000000",1.0,3.73,1.0,N,234.0,65.0,1.0,15.0,0.0,0.5,3.66,0.0,0.3,21.96,2.5
2.0,"2019-08-13 18:50:21.000000","2019-08-13 19:11:48.000000",3.0,3.69,1.0,N,234.0,65.0,1.0,16.5,1.0,0.5,5.2,0.0,0.3,26.0,2.5
2.0,"2019-08-13 21:37:12.000000","2019-08-13 21:53:17.000000",2.0,4.06,1.0,N,234.0,65.0,1.0,14.5,0.5,0.5,3.66,0.0,0.3,21.96,2.5
2.0,"2019-08-13 21:44:10.000000","2019-08-13 22:01:17.000000",2.0,3.85,1.0,N,234.0,65.0,1.0,15.0,0.5,0.5,1.88,0.0,0.3,20.68,2.5
2.0,"2019-08-13 21:38:44.000000","2019-08-13 21:56:18.000000",1.0,3.98,1.0,N,234.0,65.0,1.0,15.0,0.5,0.5,3.76,0.0,0.3,22.56,2.5
1.0,"2019-08-13 22:58:31.000000","2019-08-13 23:08:42.000000",3.0,3.2,1.0,N,234.0,65.0,1.0,11.5,3.0,0.5,3.05,0.0,0.3,18.35,2.5
1.0,"2019-08-14 14:30:40.000000","2019-08-14 15:02:12.000000",1.0,5.0,1.0,N,234.0,65.0,1.0,23.5,2.5,0.5,3.0,0.0,0.3,29.8,2.5
2.0,"2019-08-14 18:22:36.000000","2019-08-14 19:00:13.000000",5.0,4.41,1.0,N,234.0,65.0,1.0,22.5,1.0,0.5,3.0,0.0,0.3,29.8,2.5
1.0,"2019-08-14 21:40:40.000000","2019-08-14 22:00:06.000000",1.0,4.2,1.0,N,234.0,65.0,1.0,16.5,3.0,0.5,4.0,0.0,0.3,24.3,2.5
2.0,"2019-08-15 01:11:21.000000","2019-08-15 01:27:56.000000",3.0,4.74,1.0,N,234.0,65.0,1.0,16.5,0.5,0.5,4.06,0.0,0.3,24.36,2.5
2.0,"2019-08-15 11:15:39.000000","2019-08-15 11:41:54.000000",1.0,6.11,1.0,N,234.0,65.0,1.0,21.5,0.0,0.5,4.96,0.0,0.3,29.76,2.5
2.0,"2019-08-15 12:39:39.000000","2019-08-15 13:07:46.000000",1.0,3.21,1.0,N,234.0,65.0,1.0,19.0,0.0,0.5,4.46,0.0,0.3,26.76,2.5
2.0,"2019-08-15 16:06:47.000000","2019-08-15 16:37:10.000000",2.0,5.2,1.0,N,234.0,65.0,2.0,21.0,1.0,0.5,0.0,0.0,0.3,25.3,2.5
2.0,"2019-08-15 17:53:33.000000","2019-08-15 18:12:35.000000",1.0,3.66,1.0,N,234.0,65.0,1.0,15.5,1.0,0.5,5.94,0.0,0.3,25.74,2.5
1.0,"2019-08-15 19:07:19.000000","2019-08-15 19:28:23.000000",1.0,3.6,1.0,N,234.0,65.0,1.0,16.0,3.5,0.5,5.05,0.0,0.3,25.35,2.5
2.0,"2019-08-15 19:48:59.000000","2019-08-15 20:09:36.000000",1.0,4.04,1.0,N,234.0,65.0,1.0,16.5,1.0,0.5,2.0,0.0,0.3,22.8,2.5
2.0,"2019-08-15 19:38:54.000000","2019-08-15 20:02:01.000000",2.0,5.6,1.0,N,234.0,65.0,2.0,20.0,1.0,0.5,0.0,0.0,0.3,24.3,2.5
2.0,"2019-08-15 19:43:37.000000","2019-08-15 20:07:00.000000",1.0,4.21,1.0,N,234.0,65.0,1.0,17.5,1.0,0.5,2.0,0.0,0.3,23.8,2.5
1.0,"2019-08-15 20:44:23.000000","2019-08-15 21:07:42.000000",1.0,4.2,1.0,N,234.0,65.0,1.0,17.5,3.0,0.5,6.35,0.0,0.3,27.65,2.5
2.0,"2019-08-15 20:21:16.000000","2019-08-15 20:43:03.000000",2.0,3.9,1.0,N,234.0,65.0,1.0,16.5,0.5,0.5,4.06,0.0,0.3,24.36,2.5
2.0,"2019-08-15 20:23:42.000000","2019-08-15 20:46:58.000000",1.0,4.64,1.0,N,234.0,65.0,1.0,18.0,0.5,0.5,4.36,0.0,0.3,26.16,2.5
2.0,"2019-08-15 22:37:02.000000","2019-08-15 22:55:55.000000",1.0,4.59,1.0,N,234.0,65.0,1.0,17.0,0.5,0.5,6.24,0.0,0.3,27.04,2.5
1.0,"2019-08-16 02:20:11.000000","2019-08-16 02:37:33.000000",2.0,6.2,1.0,N,234.0,65.0,2.0,20.5,3.0,0.5,0.0,0.0,0.3,24.3,2.5
2.0,"2019-08-16 12:30:25.000000","2019-08-16 13:04:04.000000",2.0,3.41,1.0,N,234.0,65.0,1.0,22.0,0.0,0.5,3.7,0.0,0.3,29.0,2.5
1.0,"2019-08-16 15:54:25.000000","2019-08-16 16:19:01.000000",1.0,5.6,1.0,N,234.0,65.0,1.0,20.5,2.5,0.5,5.95,0.0,0.3,29.75,2.5
2.0,"2019-08-16 15:43:35.000000","2019-08-16 16:21:09.000000",1.0,4.15,1.0,N,234.0,65.0,1.0,23.5,0.0,0.5,5.36,0.0,0.3,32.16,2.5
2.0,"2019-08-16 17:32:57.000000","2019-08-16 17:58:49.000000",1.0,3.99,1.0,N,234.0,65.0,1.0,19.0,1.0,0.5,3.0,0.0,0.3,26.3,2.5
1.0,"2019-08-16 18:14:55.000000","2019-08-16 18:32:12.000000",1.0,3.5,1.0,N,234.0,65.0,1.0,14.5,3.5,0.5,3.75,0.0,0.3,22.55,2.5
2.0,"2019-08-16 19:38:34.000000","2019-08-16 20:04:56.000000",3.0,4.16,1.0,N,234.0,65.0,1.0,19.0,1.0,0.5,6.99,0.0,0.3,30.29,2.5
2.0,"2019-08-16 20:53:19.000000","2019-08-16 21:28:05.000000",5.0,6.2,1.0,N,234.0,65.0,1.0,25.5,0.5,0.5,1.0,0.0,0.3,30.3,2.5
1.0,"2019-08-16 22:44:33.000000","2019-08-16 23:03:52.000000",2.0,3.7,1.0,N,234.0,65.0,1.0,15.0,3.0,0.5,2.7,0.0,0.3,21.5,2.5
2.0,"2019-08-16 22:23:34.000000","2019-08-16 22:50:11.000000",1.0,4.39,1.0,N,234.0,65.0,1.0,19.0,0.5,0.5,4.0,0.0,0.3,26.8,2.5
1.0,"2019-08-16 23:57:31.000000","2019-08-17 00:17:50.000000",1.0,4.6,1.0,N,234.0,65.0,1.0,17.0,3.0,0.5,5.2,0.0,0.3,26.0,2.5
2.0,"2019-08-16 23:33:30.000000","2019-08-17 00:01:43.000000",2.0,3.82,1.0,N,234.0,65.0,1.0,19.5,0.5,0.5,0.0,0.0,0.3,23.3,2.5
2.0,"2019-08-17 00:17:30.000000","2019-08-17 00:40:23.000000",3.0,4.38,1.0,N,234.0,65.0,1.0,18.0,0.5,0.5,2.0,0.0,0.3,23.8,2.5
2.0,"2019-08-17 18:52:36.000000","2019-08-17 19:11:15.000000",1.0,3.96,1.0,N,234.0,65.0,1.0,15.5,0.0,0.5,4.7,0.0,0.3,23.5,2.5
2.0,"2019-08-17 20:32:30.000000","2019-08-17 20:54:58.000000",5.0,5.48,1.0,N,234.0,65.0,2.0,19.5,0.5,0.5,0.0,0.0,0.3,23.3,2.5
2.0,"2019-08-17 23:42:08.000000","2019-08-18 00:03:52.000000",1.0,4.16,1.0,N,234.0,65.0,1.0,17.5,0.5,0.5,1.0,0.0,0.3,22.3,2.5
2.0,"2019-08-17 23:52:40.000000","2019-08-18 00:06:48.000000",1.0,3.3,1.0,N,234.0,65.0,1.0,13.0,0.5,0.5,1.08,0.0,0.3,17.88,2.5
2.0,"2019-08-18 00:28:44.000000","2019-08-18 00:46:21.000000",1.0,4.34,1.0,N,234.0,65.0,1.0,16.5,0.5,0.5,0.0,0.0,0.3,20.3,2.5
1.0,"2019-08-18 03:57:57.000000","2019-08-18 04:15:09.000000",1.0,3.8,1.0,N,234.0,65.0,3.0,15.0,3.0,0.5,0.0,0.0,0.3,18.8,2.5
2.0,"2019-08-18 12:27:54.000000","2019-08-18 12:46:24.000000",1.0,6.01,1.0,N,234.0,65.0,1.0,19.5,0.0,0.5,2.28,0.0,0.3,25.08,2.5
1.0,"2019-08-18 15:32:41.000000","2019-08-18 16:09:04.000000",1.0,6.9,1.0,N,234.0,65.0,1.0,28.0,2.5,0.5,6.25,0.0,0.3,37.55,2.5
2.0,"2019-08-18 15:52:49.000000","2019-08-18 16:15:12.000000",1.0,3.62,1.0,N,234.0,65.0,2.0,15.5,0.0,0.5,0.0,0.0,0.3,18.8,2.5
1.0,"2019-08-18 18:29:56.000000","2019-08-18 18:52:12.000000",1.0,4.2,1.0,N,234.0,65.0,1.0,16.5,2.5,0.5,4.95,0.0,0.3,24.75,2.5
1.0,"2019-08-18 22:16:12.000000","2019-08-18 22:31:55.000000",1.0,3.8,1.0,N,234.0,65.0,1.0,14.5,3.0,0.5,1.0,0.0,0.3,19.3,2.5
2.0,"2019-08-19 10:05:26.000000","2019-08-19 10:25:17.000000",1.0,3.35,1.0,N,234.0,65.0,1.0,15.5,0.0,0.5,3.76,0.0,0.3,22.56,2.5
2.0,"2019-08-19 09:58:50.000000","2019-08-19 10:22:07.000000",1.0,5.53,1.0,N,234.0,65.0,1.0,21.5,0.0,0.5,4.96,0.0,0.3,29.76,2.5
2.0,"2019-08-19 11:17:57.000000","2019-08-19 11:47:02.000000",1.0,4.17,1.0,N,234.0,65.0,1.0,19.5,0.0,0.5,4.56,0.0,0.3,27.36,2.5
2.0,"2019-08-19 17:41:25.000000","2019-08-19 18:13:53.000000",1.0,4.15,1.0,N,234.0,65.0,1.0,22.0,1.0,0.5,47.04,0.0,0.3,73.34,2.5
1.0,"2019-08-19 18:21:38.000000","2019-08-19 18:41:41.000000",1.0,3.6,1.0,N,234.0,65.0,1.0,15.5,3.5,0.5,3.95,0.0,0.3,23.75,2.5
2.0,"2019-08-20 08:12:37.000000","2019-08-20 08:28:00.000000",1.0,3.35,1.0,N,234.0,65.0,1.0,14.0,0.0,0.5,3.46,0.0,0.3,20.76,2.5
2.0,"2019-08-20 18:37:09.000000","2019-08-20 19:00:32.000000",6.0,3.49,1.0,N,234.0,65.0,1.0,17.0,1.0,0.5,5.32,0.0,0.3,26.62,2.5
2.0,"2019-08-20 19:28:49.000000","2019-08-20 19:54:38.000000",1.0,4.32,1.0,N,234.0,65.0,1.0,19.0,1.0,0.5,4.66,0.0,0.3,27.96,2.5
2.0,"2019-08-20 19:30:51.000000","2019-08-20 19:54:18.000000",1.0,4.06,1.0,N,234.0,65.0,1.0,18.0,1.0,0.5,4.46,0.0,0.3,26.76,2.5
2.0,"2019-08-20 20:32:43.000000","2019-08-20 20:55:42.000000",3.0,4.51,1.0,N,234.0,65.0,1.0,18.0,0.5,0.5,4.36,0.0,0.3,26.16,2.5
2.0,"2019-08-20 20:11:28.000000","2019-08-20 20:37:56.000000",1.0,4.05,1.0,N,234.0,65.0,1.0,19.0,0.5,0.5,2.28,0.0,0.3,25.08,2.5
2.0,"2019-08-20 21:25:47.000000","2019-08-20 21:43:54.000000",1.0,4.04,1.0,N,234.0,65.0,2.0,16.0,0.5,0.5,0.0,0.0,0.3,19.8,2.5
2.0,"2019-08-20 22:54:13.000000","2019-08-20 23:11:55.000000",5.0,4.13,1.0,N,234.0,65.0,1.0,15.0,0.5,0.5,3.76,0.0,0.3,22.56,2.5
2.0,"2019-08-20 22:29:42.000000","2019-08-20 22:47:34.000000",1.0,4.12,1.0,N,234.0,65.0,1.0,15.5,0.5,0.5,3.86,0.0,0.3,23.16,2.5
1.0,"2019-08-20 22:42:38.000000","2019-08-20 22:59:38.000000",1.0,3.7,1.0,N,234.0,65.0,1.0,15.0,3.0,0.5,2.0,0.0,0.3,20.8,2.5
1.0,"2019-08-21 01:51:33.000000","2019-08-21 02:08:01.000000",1.0,5.9,1.0,N,234.0,65.0,1.0,20.0,3.0,0.5,4.75,0.0,0.3,28.55,2.5
1.0,"2019-08-21 04:50:45.000000","2019-08-21 05:05:21.000000",0.0,4.4,1.0,N,234.0,65.0,1.0,16.0,3.0,0.5,3.95,0.0,0.3,23.75,2.5
1.0,"2019-08-21 09:44:40.000000","2019-08-21 10:02:36.000000",1.0,3.9,1.0,N,234.0,65.0,2.0,15.5,2.5,0.5,0.0,0.0,0.3,18.8,2.5
2.0,"2019-08-21 17:25:21.000000","2019-08-21 17:45:40.000000",2.0,3.75,1.0,N,234.0,65.0,1.0,16.0,1.0,0.5,4.06,0.0,0.3,24.36,2.5
2.0,"2019-08-21 18:41:37.000000","2019-08-21 19:04:23.000000",5.0,3.94,1.0,N,234.0,65.0,1.0,17.0,1.0,0.5,4.26,0.0,0.3,25.56,2.5
2.0,"2019-08-21 19:51:30.000000","2019-08-21 20:10:56.000000",1.0,4.12,1.0,N,234.0,65.0,1.0,16.0,1.0,0.5,2.03,0.0,0.3,22.33,2.5
1.0,"2019-08-21 20:54:17.000000","2019-08-21 21:10:27.000000",1.0,3.7,1.0,N,234.0,65.0,1.0,14.0,3.0,0.5,1.78,0.0,0.3,19.58,2.5
2.0,"2019-08-21 20:30:48.000000","2019-08-21 20:51:42.000000",1.0,4.24,1.0,N,234.0,65.0,1.0,17.0,0.5,0.5,3.0,0.0,0.3,23.8,2.5
1.0,"2019-08-21 20:17:46.000000","2019-08-21 20:33:07.000000",1.0,3.7,1.0,N,234.0,65.0,1.0,14.0,3.0,0.5,5.0,0.0,0.3,22.8,2.5
2.0,"2019-08-21 22:20:08.000000","2019-08-21 22:39:39.000000",1.0,6.15,1.0,N,234.0,65.0,1.0,20.5,0.5,0.5,4.86,0.0,0.3,29.16,2.5
2.0,"2019-08-21 22:08:36.000000","2019-08-21 22:26:41.000000",1.0,4.18,1.0,N,234.0,65.0,1.0,16.0,0.5,0.5,3.96,0.0,0.3,23.76,2.5
2.0,"2019-08-21 22:32:25.000000","2019-08-21 22:51:52.000000",2.0,5.84,1.0,N,234.0,65.0,1.0,19.5,0.5,0.5,4.0,0.0,0.3,27.3,2.5
2.0,"2019-08-21 22:17:47.000000","2019-08-21 22:37:18.000000",1.0,4.1,1.0,N,234.0,65.0,1.0,16.5,0.5,0.5,5.08,0.0,0.3,25.38,2.5
2.0,"2019-08-22 00:00:40.000000","2019-08-22 00:11:06.000000",1.0,3.32,1.0,N,234.0,65.0,2.0,12.0,0.5,0.5,0.0,0.0,0.3,15.8,2.5
2.0,"2019-08-22 16:19:50.000000","2019-08-22 16:50:02.000000",1.0,3.82,1.0,N,234.0,65.0,1.0,20.5,1.0,0.5,3.0,0.0,0.3,27.8,2.5
2.0,"2019-08-22 19:25:30.000000","2019-08-22 19:50:29.000000",1.0,3.93,1.0,N,234.0,65.0,1.0,17.5,1.0,0.5,4.36,0.0,0.3,26.16,2.5
2.0,"2019-08-22 19:19:30.000000","2019-08-22 19:40:45.000000",1.0,4.03,1.0,N,234.0,65.0,1.0,17.0,1.0,0.5,4.26,0.0,0.3,25.56,2.5
1.0,"2019-08-22 21:41:53.000000","2019-08-22 22:07:26.000000",1.0,5.9,1.0,N,234.0,65.0,1.0,22.5,3.0,0.5,5.25,0.0,0.3,31.55,2.5
1.0,"2019-08-22 21:25:36.000000","2019-08-22 21:45:32.000000",1.0,4.1,1.0,N,234.0,65.0,1.0,16.5,3.0,0.5,4.05,0.0,0.3,24.35,2.5
2.0,"2019-08-22 21:03:37.000000","2019-08-22 21:27:06.000000",1.0,3.86,1.0,N,234.0,65.0,1.0,17.5,0.5,0.5,4.26,0.0,0.3,25.56,2.5
1.0,"2019-08-22 22:24:43.000000","2019-08-22 22:56:14.000000",1.0,4.3,1.0,N,234.0,65.0,1.0,22.0,3.0,0.5,3.87,0.0,0.3,29.67,2.5
1.0,"2019-08-22 23:13:57.000000","2019-08-22 23:39:09.000000",1.0,5.6,1.0,N,234.0,65.0,1.0,20.5,3.0,0.5,4.85,0.0,0.3,29.15,2.5
2.0,"2019-08-22 23:58:40.000000","2019-08-23 00:25:17.000000",1.0,5.51,1.0,N,234.0,65.0,1.0,21.5,0.5,0.5,5.06,0.0,0.3,30.36,2.5
2.0,"2019-08-23 09:36:54.000000","2019-08-23 09:59:16.000000",2.0,5.51,1.0,N,234.0,65.0,1.0,20.5,0.0,0.5,5.95,0.0,0.3,29.75,2.5
1.0,"2019-08-23 14:10:15.000000","2019-08-23 14:32:59.000000",2.0,3.8,1.0,N,234.0,65.0,2.0,17.0,2.5,0.5,0.0,0.0,0.3,20.3,2.5
1.0,"2019-08-23 14:41:27.000000","2019-08-23 15:03:59.000000",1.0,5.5,1.0,N,234.0,65.0,1.0,19.5,2.5,0.5,0.0,0.0,0.3,22.8,2.5
1.0,"2019-08-23 16:35:59.000000","2019-08-23 16:55:55.000000",1.0,3.8,1.0,N,234.0,65.0,1.0,16.5,3.5,0.5,6.2,0.0,0.3,27.0,2.5
1.0,"2019-08-23 19:43:11.000000","2019-08-23 20:05:18.000000",1.0,5.8,1.0,N,234.0,65.0,1.0,20.0,3.5,0.5,4.85,0.0,0.3,29.15,2.5
2.0,"2019-08-23 20:45:59.000000","2019-08-23 21:07:24.000000",1.0,4.36,1.0,N,234.0,65.0,1.0,17.5,0.5,0.5,5.33,0.0,0.3,26.63,2.5
1.0,"2019-08-23 22:56:52.000000","2019-08-23 23:13:50.000000",3.0,4.1,1.0,N,234.0,65.0,1.0,14.5,3.0,0.5,3.65,0.0,0.3,21.95,2.5
1.0,"2019-08-23 22:51:18.000000","2019-08-23 23:15:50.000000",1.0,4.5,1.0,N,234.0,65.0,2.0,18.5,3.0,0.5,0.0,0.0,0.3,22.3,2.5
2.0,"2019-08-23 23:17:16.000000","2019-08-23 23:33:44.000000",1.0,3.65,1.0,N,234.0,65.0,1.0,14.5,0.5,0.5,3.66,0.0,0.3,21.96,2.5
2.0,"2019-08-24 00:28:57.000000","2019-08-24 00:52:35.000000",1.0,6.86,1.0,N,234.0,65.0,2.0,23.5,0.5,0.5,0.0,0.0,0.3,27.3,2.5
2.0,"2019-08-24 02:38:40.000000","2019-08-24 02:52:45.000000",1.0,3.62,1.0,N,234.0,65.0,1.0,14.0,0.5,0.5,3.56,0.0,0.3,21.36,2.5
2.0,"2019-08-24 12:46:12.000000","2019-08-24 13:07:32.000000",1.0,4.28,1.0,N,234.0,65.0,2.0,17.5,0.0,0.5,0.0,0.0,0.3,20.8,2.5
2.0,"2019-08-24 14:30:21.000000","2019-08-24 14:57:07.000000",1.0,6.07,1.0,N,234.0,65.0,1.0,23.0,0.0,0.5,5.26,0.0,0.3,31.56,2.5
1.0,"2019-08-24 23:02:38.000000","2019-08-24 23:20:22.000000",3.0,4.3,1.0,N,234.0,65.0,1.0,15.0,3.0,0.5,3.75,0.0,0.3,22.55,2.5
1.0,"2019-08-25 00:45:28.000000","2019-08-25 01:00:26.000000",1.0,3.9,1.0,N,234.0,65.0,1.0,14.5,3.0,0.5,3.65,0.0,0.3,21.95,2.5
2.0,"2019-08-25 04:07:47.000000","2019-08-25 04:24:50.000000",1.0,4.08,1.0,N,234.0,65.0,2.0,15.5,0.5,0.5,0.0,0.0,0.3,19.3,2.5
1.0,"2019-08-25 11:03:22.000000","2019-08-25 11:19:41.000000",3.0,4.0,1.0,N,234.0,65.0,2.0,15.0,2.5,0.5,0.0,0.0,0.3,18.3,2.5
2.0,"2019-08-25 12:41:10.000000","2019-08-25 12:56:35.000000",2.0,5.91,1.0,N,234.0,65.0,1.0,18.5,0.0,0.5,4.36,0.0,0.3,26.16,2.5
2.0,"2019-08-25 17:08:02.000000","2019-08-25 17:30:50.000000",2.0,6.05,1.0,N,234.0,65.0,1.0,21.0,0.0,0.5,4.86,0.0,0.3,29.16,2.5
1.0,"2019-08-25 18:58:51.000000","2019-08-25 19:35:49.000000",1.0,6.1,1.0,N,234.0,65.0,1.0,27.0,2.5,0.5,6.05,0.0,0.3,36.35,2.5
2.0,"2019-08-26 12:38:36.000000","2019-08-26 12:55:58.000000",1.0,3.76,1.0,N,234.0,65.0,2.0,15.5,0.0,0.5,0.0,0.0,0.3,18.8,2.5
1.0,"2019-08-26 15:57:22.000000","2019-08-26 16:46:59.000000",1.0,4.7,1.0,N,234.0,65.0,2.0,28.5,2.5,0.5,0.0,0.0,0.3,31.8,2.5
2.0,"2019-08-26 18:11:44.000000","2019-08-26 18:30:56.000000",1.0,3.97,1.0,N,234.0,65.0,2.0,16.0,1.0,0.5,0.0,0.0,0.3,20.3,2.5
2.0,"2019-08-26 18:55:14.000000","2019-08-26 19:14:44.000000",1.0,4.26,1.0,N,234.0,65.0,1.0,16.5,1.0,0.5,4.16,0.0,0.3,24.96,2.5
1.0,"2019-08-26 22:39:15.000000","2019-08-26 22:57:18.000000",1.0,4.2,1.0,N,234.0,65.0,1.0,16.0,3.0,0.5,3.95,0.0,0.3,23.75,2.5
1.0,"2019-08-26 23:35:36.000000","2019-08-26 23:48:31.000000",3.0,3.7,1.0,N,234.0,65.0,1.0,13.5,3.0,0.5,4.3,0.0,0.3,21.6,2.5
1.0,"2019-08-27 11:38:22.000000","2019-08-27 11:59:41.000000",2.0,3.8,1.0,N,234.0,65.0,1.0,17.0,2.5,0.5,4.05,0.0,0.3,24.35,2.5
2.0,"2019-08-27 12:14:47.000000","2019-08-27 12:29:39.000000",5.0,5.36,1.0,N,234.0,65.0,1.0,17.5,0.0,0.5,4.16,0.0,0.3,24.96,2.5
2.0,"2019-08-27 14:01:59.000000","2019-08-27 14:19:14.000000",1.0,5.71,1.0,N,234.0,65.0,2.0,19.0,0.0,0.5,0.0,0.0,0.3,22.3,2.5
2.0,"2019-08-27 13:59:47.000000","2019-08-27 14:22:10.000000",1.0,3.82,1.0,N,234.0,65.0,2.0,17.0,0.0,0.5,0.0,0.0,0.3,20.3,2.5
2.0,"2019-08-27 14:13:33.000000","2019-08-27 14:43:08.000000",1.0,6.32,1.0,N,234.0,65.0,1.0,25.0,0.0,0.5,7.08,0.0,0.3,35.38,2.5
2.0,"2019-08-27 15:15:04.000000","2019-08-27 15:44:39.000000",1.0,6.02,1.0,N,234.0,65.0,1.0,23.0,0.0,0.5,5.26,0.0,0.3,31.56,2.5
1.0,"2019-08-27 17:15:36.000000","2019-08-27 17:45:31.000000",1.0,3.6,1.0,N,234.0,65.0,1.0,19.5,3.5,0.5,4.0,0.0,0.3,27.8,2.5
2.0,"2019-08-27 20:20:57.000000","2019-08-27 20:36:55.000000",2.0,3.46,1.0,N,234.0,65.0,1.0,14.0,0.5,0.5,0.0,0.0,0.3,17.8,2.5
2.0,"2019-08-27 22:16:20.000000","2019-08-27 22:38:41.000000",1.0,6.37,1.0,N,234.0,65.0,1.0,22.0,0.5,0.5,4.0,0.0,0.3,29.8,2.5
2.0,"2019-08-27 23:12:10.000000","2019-08-27 23:24:38.000000",1.0,3.68,1.0,N,234.0,65.0,2.0,13.0,0.5,0.5,0.0,0.0,0.3,16.8,2.5
2.0,"2019-08-27 23:55:07.000000","2019-08-28 00:09:00.000000",5.0,3.72,1.0,N,234.0,65.0,1.0,13.5,0.5,0.5,3.46,0.0,0.3,20.76,2.5
2.0,"2019-08-27 23:08:25.000000","2019-08-27 23:20:14.000000",1.0,3.6,1.0,N,234.0,65.0,2.0,12.5,0.5,0.5,0.0,0.0,0.3,16.3,2.5
2.0,"2019-08-28 09:03:25.000000","2019-08-28 09:24:29.000000",1.0,3.58,1.0,N,234.0,65.0,1.0,16.5,0.0,0.5,1.0,0.0,0.3,20.8,2.5
2.0,"2019-08-28 09:29:14.000000","2019-08-28 09:53:34.000000",1.0,3.91,1.0,N,234.0,65.0,1.0,18.5,0.0,0.5,4.36,0.0,0.3,26.16,2.5
2.0,"2019-08-28 17:43:11.000000","2019-08-28 18:00:48.000000",2.0,3.39,1.0,N,234.0,65.0,1.0,14.0,1.0,0.5,4.58,0.0,0.3,22.88,2.5
2.0,"2019-08-28 18:05:22.000000","2019-08-28 18:25:34.000000",1.0,3.47,1.0,N,234.0,65.0,1.0,15.0,1.0,0.5,3.86,0.0,0.3,23.16,2.5
1.0,"2019-08-28 19:31:15.000000","2019-08-28 19:53:01.000000",1.0,5.5,1.0,N,234.0,65.0,1.0,19.0,3.5,0.5,4.65,0.0,0.3,27.95,2.5
2.0,"2019-08-28 19:18:32.000000","2019-08-28 19:44:31.000000",1.0,3.97,1.0,N,234.0,65.0,1.0,17.5,1.0,0.5,1.5,0.0,0.3,23.3,2.5
2.0,"2019-08-28 21:15:29.000000","2019-08-28 21:30:43.000000",1.0,3.66,1.0,N,234.0,65.0,1.0,14.0,0.5,0.5,2.2,0.0,0.3,20.0,2.5
2.0,"2019-08-28 21:26:53.000000","2019-08-28 21:50:16.000000",1.0,6.21,1.0,N,234.0,65.0,1.0,21.5,0.5,0.5,5.06,0.0,0.3,30.36,2.5
2.0,"2019-08-28 23:41:25.000000","2019-08-28 23:57:02.000000",5.0,3.84,1.0,N,234.0,65.0,1.0,14.5,0.5,0.5,5.49,0.0,0.3,23.79,2.5
1.0,"2019-08-28 23:17:56.000000","2019-08-28 23:36:06.000000",0.0,4.2,1.0,N,234.0,65.0,1.0,15.5,3.0,0.5,3.85,0.0,0.3,23.15,2.5
2.0,"2019-08-29 00:43:17.000000","2019-08-29 00:58:16.000000",2.0,3.84,1.0,N,234.0,65.0,1.0,14.5,0.5,0.5,3.66,0.0,0.3,21.96,2.5
1.0,"2019-08-29 18:14:31.000000","2019-08-29 18:35:17.000000",1.0,3.4,1.0,N,234.0,65.0,1.0,14.5,3.5,0.5,4.7,0.0,0.3,23.5,2.5
2.0,"2019-08-29 21:22:01.000000","2019-08-29 21:40:42.000000",1.0,3.74,1.0,N,234.0,65.0,1.0,15.0,0.5,0.5,3.76,0.0,0.3,22.56,2.5
2.0,"2019-08-29 21:04:41.000000","2019-08-29 21:27:44.000000",1.0,5.74,1.0,N,234.0,65.0,1.0,20.5,0.5,0.5,4.86,0.0,0.3,29.16,2.5
2.0,"2019-08-29 21:02:26.000000","2019-08-29 21:23:54.000000",1.0,5.94,1.0,N,234.0,65.0,1.0,20.5,0.5,0.5,4.86,0.0,0.3,29.16,2.5
2.0,"2019-08-29 22:49:58.000000","2019-08-29 23:06:16.000000",5.0,4.0,1.0,N,234.0,65.0,1.0,14.5,0.5,0.5,3.66,0.0,0.3,21.96,2.5
2.0,"2019-08-29 22:20:24.000000","2019-08-29 22:41:36.000000",1.0,5.34,1.0,N,234.0,65.0,1.0,19.0,0.5,0.5,4.56,0.0,0.3,27.36,2.5
2.0,"2019-08-29 22:42:00.000000","2019-08-29 22:59:52.000000",5.0,3.95,1.0,N,234.0,65.0,2.0,15.5,0.5,0.5,0.0,0.0,0.3,19.3,2.5
2.0,"2019-08-29 23:50:20.000000","2019-08-30 00:18:23.000000",5.0,4.84,1.0,N,234.0,65.0,1.0,21.5,0.5,0.5,5.06,0.0,0.3,30.36,2.5
1.0,"2019-08-30 00:11:04.000000","2019-08-30 00:27:01.000000",1.0,4.3,1.0,N,234.0,65.0,1.0,15.5,3.0,0.5,3.85,0.0,0.3,23.15,2.5
1.0,"2019-08-30 10:12:18.000000","2019-08-30 10:31:35.000000",1.0,3.2,1.0,N,234.0,65.0,1.0,15.5,2.5,0.5,3.75,0.0,0.3,22.55,2.5
2.0,"2019-08-30 19:19:14.000000","2019-08-30 19:53:15.000000",1.0,6.0,1.0,N,234.0,65.0,1.0,25.5,1.0,0.5,2.5,0.0,0.3,32.3,2.5
2.0,"2019-08-30 20:08:27.000000","2019-08-30 20:34:12.000000",3.0,3.93,1.0,N,234.0,65.0,1.0,18.0,0.5,0.5,2.0,0.0,0.3,23.8,2.5
2.0,"2019-08-30 20:17:02.000000","2019-08-30 20:39:34.000000",6.0,3.46,1.0,N,234.0,65.0,1.0,15.5,0.5,0.5,3.86,0.0,0.3,23.16,2.5
1.0,"2019-08-30 22:17:13.000000","2019-08-30 22:33:42.000000",1.0,4.0,1.0,N,234.0,65.0,1.0,15.0,3.0,0.5,5.0,0.0,0.3,23.8,2.5
1.0,"2019-08-30 23:35:52.000000","2019-08-30 23:56:07.000000",1.0,3.8,1.0,N,234.0,65.0,1.0,16.0,3.0,0.5,3.0,0.0,0.3,22.8,2.5
2.0,"2019-08-31 01:50:58.000000","2019-08-31 02:02:11.000000",1.0,3.43,1.0,N,234.0,65.0,1.0,12.5,0.5,0.5,2.44,0.0,0.3,18.74,2.5
2.0,"2019-08-31 11:36:47.000000","2019-08-31 11:52:31.000000",1.0,3.62,1.0,N,234.0,65.0,1.0,14.5,0.0,0.5,3.56,0.0,0.3,21.36,2.5
2.0,"2019-08-31 15:12:47.000000","2019-08-31 15:31:20.000000",2.0,3.81,1.0,N,234.0,65.0,1.0,15.5,0.0,0.5,3.76,0.0,0.3,22.56,2.5
2.0,"2019-08-31 17:27:08.000000","2019-08-31 17:45:09.000000",5.0,3.84,1.0,N,234.0,65.0,2.0,16.0,0.0,0.5,0.0,0.0,0.3,19.3,2.5
1.0,"2019-08-31 18:02:04.000000","2019-08-31 18:19:01.000000",1.0,3.3,1.0,N,234.0,65.0,1.0,14.5,2.5,0.5,2.0,0.0,0.3,19.8,2.5
2.0,"2019-08-31 19:35:33.000000","2019-08-31 20:00:04.000000",2.0,4.3,1.0,N,234.0,65.0,2.0,19.0,0.0,0.5,0.0,0.0,0.3,22.3,2.5
