2.0,"2019-08-01 10:41:26.000000","2019-08-01 11:04:30.000000",2.0,4.38,1.0,N,234.0,66.0,1.0,17.5,0.0,0.5,4.0,0.0,0.3,24.8,2.5
2.0,"2019-08-01 11:41:21.000000","2019-08-01 12:03:19.000000",3.0,5.29,1.0,N,234.0,66.0,1.0,19.0,0.0,0.5,4.46,0.0,0.3,26.76,2.5
2.0,"2019-08-01 13:28:51.000000","2019-08-01 13:53:51.000000",1.0,3.82,1.0,N,234.0,66.0,2.0,16.5,0.0,0.5,0.0,0.0,0.3,19.8,2.5
2.0,"2019-08-01 15:29:57.000000","2019-08-01 15:58:49.000000",1.0,4.43,1.0,N,234.0,66.0,1.0,19.5,0.0,0.5,5.7,0.0,0.3,28.5,2.5
1.0,"2019-08-01 16:26:49.000000","2019-08-01 17:04:43.000000",1.0,5.7,1.0,N,234.0,66.0,1.0,25.0,3.5,0.5,5.85,0.0,0.3,35.15,2.5
2.0,"2019-08-01 16:06:57.000000","2019-08-01 16:38:32.000000",1.0,5.54,1.0,N,234.0,66.0,1.0,22.5,1.0,0.5,2.0,0.0,0.3,28.8,2.5
2.0,"2019-08-01 17:24:49.000000","2019-08-01 17:50:19.000000",1.0,3.51,1.0,N,234.0,66.0,1.0,17.5,1.0,0.5,4.36,0.0,0.3,26.16,2.5
2.0,"2019-08-01 17:50:16.000000","2019-08-01 18:15:36.000000",1.0,4.24,1.0,N,234.0,66.0,1.0,17.5,1.0,0.5,5.45,0.0,0.3,27.25,2.5
1.0,"2019-08-01 18:32:50.000000","2019-08-01 19:09:27.000000",0.0,6.7,1.0,N,234.0,66.0,1.0,28.5,3.5,0.5,6.55,0.0,0.3,39.35,2.5
2.0,"2019-08-01 18:32:47.000000","2019-08-01 18:59:33.000000",1.0,3.84,1.0,N,234.0,66.0,1.0,18.5,1.0,0.5,4.56,0.0,0.3,27.36,2.5
2.0,"2019-08-01 20:41:03.000000","2019-08-01 21:04:39.000000",1.0,5.79,1.0,N,234.0,66.0,1.0,21.5,0.5,0.5,2.53,0.0,0.3,27.83,2.5
1.0,"2019-08-01 21:46:59.000000","2019-08-01 22:09:13.000000",1.0,3.8,1.0,N,234.0,66.0,1.0,16.5,3.0,0.5,4.05,0.0,0.3,24.35,2.5
2.0,"2019-08-01 21:27:44.000000","2019-08-01 21:48:40.000000",1.0,3.99,1.0,N,234.0,66.0,1.0,15.5,0.5,0.5,4.82,0.0,0.3,24.12,2.5
2.0,"2019-08-01 21:27:22.000000","2019-08-01 21:50:52.000000",1.0,3.62,1.0,N,234.0,66.0,1.0,16.0,0.5,0.5,3.96,0.0,0.3,23.76,2.5
2.0,"2019-08-01 22:36:14.000000","2019-08-01 23:01:42.000000",1.0,4.0,1.0,N,234.0,66.0,1.0,17.5,0.5,0.5,2.5,0.0,0.3,23.8,2.5
2.0,"2019-08-01 22:51:27.000000","2019-08-01 23:11:38.000000",2.0,3.82,1.0,N,234.0,66.0,1.0,15.0,0.5,0.5,1.88,0.0,0.3,20.68,2.5
2.0,"2019-08-01 21:56:11.000000","2019-08-01 22:22:37.000000",5.0,4.31,1.0,N,234.0,66.0,1.0,18.5,0.5,0.5,4.46,0.0,0.3,26.76,2.5
2.0,"2019-08-01 23:07:52.000000","2019-08-01 23:26:59.000000",1.0,5.47,1.0,N,234.0,66.0,1.0,19.0,0.5,0.5,3.42,0.0,0.3,26.22,2.5
2.0,"2019-08-01 23:54:38.000000","2019-08-02 00:20:33.000000",1.0,8.48,1.0,N,234.0,66.0,1.0,27.0,0.5,0.5,6.16,0.0,0.3,36.96,2.5
2.0,"2019-08-01 23:27:07.000000","2019-08-01 23:46:18.000000",1.0,4.25,1.0,N,234.0,66.0,1.0,16.5,0.5,0.5,5.08,0.0,0.3,25.38,2.5
1.0,"2019-08-02 00:00:45.000000","2019-08-02 00:21:07.000000",2.0,3.9,1.0,N,234.0,66.0,1.0,16.5,3.0,0.5,4.05,0.0,0.3,24.35,2.5
2.0,"2019-08-02 04:20:03.000000","2019-08-02 04:35:57.000000",3.0,6.33,1.0,N,234.0,66.0,2.0,20.0,0.5,0.5,0.0,0.0,0.3,23.8,2.5
2.0,"2019-08-02 09:43:36.000000","2019-08-02 10:09:01.000000",5.0,5.7,1.0,N,234.0,66.0,1.0,22.0,0.0,0.5,5.06,0.0,0.3,30.36,2.5
1.0,"2019-08-02 13:12:40.000000","2019-08-02 13:34:40.000000",1.0,6.0,1.0,N,234.0,66.0,1.0,21.0,2.5,0.5,4.85,0.0,0.3,29.15,2.5
2.0,"2019-08-02 15:18:36.000000","2019-08-02 15:43:59.000000",1.0,5.82,1.0,N,234.0,66.0,1.0,21.0,0.0,0.5,4.86,0.0,0.3,29.16,2.5
1.0,"2019-08-02 16:55:26.000000","2019-08-02 17:41:58.000000",1.0,3.6,1.0,N,234.0,66.0,2.0,29.0,3.5,0.5,0.0,0.0,0.3,33.3,2.5
2.0,"2019-08-02 17:03:26.000000","2019-08-02 17:35:08.000000",1.0,6.14,1.0,N,234.0,66.0,1.0,24.5,1.0,0.5,5.76,0.0,0.3,34.56,2.5
2.0,"2019-08-02 17:36:51.000000","2019-08-02 18:02:38.000000",2.0,5.96,1.0,N,234.0,66.0,1.0,21.5,1.0,0.5,5.16,0.0,0.3,30.96,2.5
1.0,"2019-08-02 19:27:48.000000","2019-08-02 19:55:14.000000",1.0,5.7,1.0,N,234.0,66.0,1.0,21.5,3.5,0.5,5.15,0.0,0.3,30.95,2.5
2.0,"2019-08-02 20:30:32.000000","2019-08-02 20:52:20.000000",1.0,3.69,1.0,N,234.0,66.0,1.0,16.0,0.5,0.5,4.95,0.0,0.3,24.75,2.5
2.0,"2019-08-02 21:37:35.000000","2019-08-02 21:53:25.000000",1.0,3.64,1.0,N,234.0,66.0,1.0,13.5,0.5,0.5,3.46,0.0,0.3,20.76,2.5
1.0,"2019-08-02 22:49:47.000000","2019-08-02 23:09:13.000000",1.0,3.4,1.0,N,234.0,66.0,1.0,14.5,3.0,0.5,3.65,0.0,0.3,21.95,2.5
1.0,"2019-08-03 00:08:56.000000","2019-08-03 00:32:10.000000",2.0,4.3,1.0,N,234.0,66.0,2.0,18.0,3.0,0.5,0.0,0.0,0.3,21.8,2.5
2.0,"2019-08-03 11:33:21.000000","2019-08-03 12:03:53.000000",1.0,4.36,1.0,N,234.0,66.0,1.0,21.5,0.0,0.5,4.96,0.0,0.3,29.76,2.5
2.0,"2019-08-03 12:07:35.000000","2019-08-03 12:32:55.000000",1.0,3.9,1.0,N,234.0,66.0,1.0,18.0,0.0,0.5,4.26,0.0,0.3,25.56,2.5
1.0,"2019-08-03 14:14:33.000000","2019-08-03 14:34:27.000000",1.0,5.6,1.0,N,234.0,66.0,2.0,19.5,2.5,0.5,0.0,0.0,0.3,22.8,2.5
2.0,"2019-08-03 16:42:20.000000","2019-08-03 17:10:37.000000",2.0,5.82,1.0,N,234.0,66.0,2.0,22.5,0.0,0.5,0.0,0.0,0.3,25.8,2.5
2.0,"2019-08-03 18:20:35.000000","2019-08-03 18:51:34.000000",1.0,5.94,1.0,N,234.0,66.0,1.0,24.5,0.0,0.5,5.56,0.0,0.3,33.36,2.5
2.0,"2019-08-04 03:42:49.000000","2019-08-04 03:54:50.000000",1.0,3.8,1.0,N,234.0,66.0,1.0,13.0,0.5,0.5,2.0,0.0,0.3,18.8,2.5
2.0,"2019-08-04 10:57:57.000000","2019-08-04 11:15:41.000000",6.0,5.47,1.0,N,234.0,66.0,1.0,19.0,0.0,0.5,4.46,0.0,0.3,26.76,2.5
1.0,"2019-08-04 18:21:25.000000","2019-08-04 18:46:05.000000",2.0,5.7,1.0,N,234.0,66.0,1.0,21.5,2.5,0.5,6.2,0.0,0.3,31.0,2.5
2.0,"2019-08-05 09:42:40.000000","2019-08-05 10:08:43.000000",1.0,6.02,1.0,N,234.0,66.0,1.0,22.5,0.0,0.5,3.0,0.0,0.3,28.8,2.5
2.0,"2019-08-05 09:16:20.000000","2019-08-05 09:42:12.000000",1.0,6.47,1.0,N,234.0,66.0,1.0,24.0,0.0,0.5,2.0,0.0,0.3,29.3,2.5
1.0,"2019-08-05 10:43:40.000000","2019-08-05 11:02:23.000000",1.0,3.7,1.0,N,234.0,66.0,1.0,15.5,2.5,0.5,5.6,0.0,0.3,24.4,2.5
2.0,"2019-08-05 12:53:44.000000","2019-08-05 13:24:52.000000",1.0,4.25,1.0,N,234.0,66.0,1.0,21.0,0.0,0.5,6.08,0.0,0.3,30.38,2.5
1.0,"2019-08-05 12:02:37.000000","2019-08-05 12:27:06.000000",3.0,3.6,1.0,N,234.0,66.0,2.0,18.0,2.5,0.5,0.0,0.0,0.3,21.3,2.5
2.0,"2019-08-05 16:42:47.000000","2019-08-05 17:25:40.000000",1.0,5.98,1.0,N,234.0,66.0,1.0,27.0,1.0,0.5,6.26,0.0,0.3,37.56,2.5
1.0,"2019-08-05 17:35:03.000000","2019-08-05 18:00:27.000000",4.0,4.0,1.0,N,234.0,66.0,1.0,17.5,3.5,0.5,5.45,0.0,0.3,27.25,2.5
2.0,"2019-08-05 18:24:26.000000","2019-08-05 18:51:47.000000",1.0,5.16,1.0,N,234.0,66.0,1.0,19.5,1.0,0.5,4.76,0.0,0.3,28.56,2.5
2.0,"2019-08-05 18:01:45.000000","2019-08-05 18:29:34.000000",2.0,4.01,1.0,N,234.0,66.0,1.0,19.5,1.0,0.5,2.0,0.0,0.3,25.8,2.5
2.0,"2019-08-05 18:56:34.000000","2019-08-05 19:21:20.000000",1.0,3.6,1.0,N,234.0,66.0,1.0,17.0,1.0,0.5,3.2,0.0,0.3,24.5,2.5
1.0,"2019-08-05 19:02:58.000000","2019-08-05 19:23:46.000000",1.0,3.9,1.0,N,234.0,66.0,1.0,16.5,3.5,0.5,2.0,0.0,0.3,22.8,2.5
1.0,"2019-08-05 21:51:19.000000","2019-08-05 22:06:12.000000",1.0,3.7,1.0,N,234.0,66.0,1.0,14.0,3.0,0.5,5.3,0.0,0.3,23.1,2.5
2.0,"2019-08-05 21:23:06.000000","2019-08-05 21:44:20.000000",2.0,4.23,1.0,N,234.0,66.0,1.0,17.0,0.5,0.5,5.2,0.0,0.3,26.0,2.5
2.0,"2019-08-05 22:03:55.000000","2019-08-05 22:22:09.000000",1.0,5.73,1.0,N,234.0,66.0,1.0,19.5,0.5,0.5,5.82,0.0,0.3,29.12,2.5
2.0,"2019-08-05 22:25:41.000000","2019-08-05 22:41:09.000000",1.0,4.12,1.0,N,234.0,66.0,1.0,14.5,0.5,0.5,2.74,0.0,0.3,21.04,2.5
1.0,"2019-08-05 22:54:30.000000","2019-08-05 23:10:54.000000",1.0,3.7,1.0,N,234.0,66.0,1.0,14.0,3.0,0.5,5.3,0.0,0.3,23.1,2.5
2.0,"2019-08-06 18:25:31.000000","2019-08-06 18:51:26.000000",2.0,3.83,1.0,N,234.0,66.0,1.0,17.0,1.0,0.5,4.26,0.0,0.3,25.56,2.5
2.0,"2019-08-06 18:39:10.000000","2019-08-06 19:00:58.000000",5.0,5.79,1.0,N,234.0,66.0,1.0,20.0,1.0,0.5,4.86,0.0,0.3,29.16,2.5
2.0,"2019-08-06 18:15:33.000000","2019-08-06 18:38:26.000000",6.0,5.27,1.0,N,234.0,66.0,1.0,19.0,1.0,0.5,4.66,0.0,0.3,27.96,2.5
2.0,"2019-08-06 18:57:39.000000","2019-08-06 19:16:18.000000",1.0,5.65,1.0,N,234.0,66.0,1.0,19.0,1.0,0.5,5.82,0.0,0.3,29.12,2.5
2.0,"2019-08-06 20:27:31.000000","2019-08-06 20:51:10.000000",2.0,3.62,1.0,N,234.0,66.0,1.0,16.0,0.5,0.5,2.0,0.0,0.3,21.8,2.5
2.0,"2019-08-06 20:42:32.000000","2019-08-06 21:07:20.000000",1.0,4.77,1.0,N,234.0,66.0,1.0,19.0,0.5,0.5,4.0,0.0,0.3,26.8,2.5
1.0,"2019-08-06 21:07:52.000000","2019-08-06 21:30:26.000000",1.0,4.2,1.0,N,234.0,66.0,1.0,17.0,3.0,0.5,2.0,0.0,0.3,22.8,2.5
2.0,"2019-08-06 22:17:36.000000","2019-08-06 22:39:30.000000",1.0,4.07,1.0,N,234.0,66.0,1.0,16.5,0.5,0.5,2.99,0.0,0.3,23.29,2.5
1.0,"2019-08-07 00:27:10.000000","2019-08-07 00:37:57.000000",1.0,3.7,1.0,N,234.0,66.0,1.0,12.0,3.0,0.5,3.0,0.0,0.3,18.8,2.5
2.0,"2019-08-07 10:58:19.000000","2019-08-07 11:32:42.000000",1.0,4.1,1.0,N,234.0,66.0,1.0,22.0,0.0,0.5,3.8,0.0,0.3,29.1,2.5
2.0,"2019-08-07 10:27:37.000000","2019-08-07 10:47:34.000000",1.0,5.9,1.0,N,234.0,66.0,1.0,20.5,0.0,0.5,4.28,0.0,0.3,28.08,2.5
2.0,"2019-08-07 12:15:21.000000","2019-08-07 12:40:25.000000",1.0,5.58,1.0,N,234.0,66.0,1.0,21.5,0.0,0.5,1.0,0.0,0.3,25.8,2.5
1.0,"2019-08-07 13:05:18.000000","2019-08-07 13:29:25.000000",2.0,5.5,1.0,N,234.0,66.0,1.0,21.0,2.5,0.5,6.05,0.0,0.3,30.35,2.5
2.0,"2019-08-07 14:18:04.000000","2019-08-07 14:49:29.000000",1.0,3.97,1.0,N,234.0,66.0,1.0,21.5,0.0,0.5,4.96,0.0,0.3,29.76,2.5
2.0,"2019-08-07 14:37:58.000000","2019-08-07 15:06:39.000000",1.0,3.73,1.0,N,234.0,66.0,1.0,18.5,0.0,0.5,5.45,0.0,0.3,27.25,2.5
2.0,"2019-08-07 16:06:19.000000","2019-08-07 16:37:51.000000",1.0,4.35,1.0,N,234.0,66.0,1.0,21.0,1.0,0.5,5.06,0.0,0.3,30.36,2.5
2.0,"2019-08-07 16:36:50.000000","2019-08-07 17:09:07.000000",1.0,3.89,1.0,N,234.0,66.0,1.0,19.5,1.0,0.5,4.76,0.0,0.3,28.56,2.5
2.0,"2019-08-07 17:37:05.000000","2019-08-07 18:05:26.000000",1.0,4.24,1.0,N,234.0,66.0,1.0,20.0,1.0,0.5,4.86,0.0,0.3,29.16,2.5
1.0,"2019-08-07 17:17:22.000000","2019-08-07 17:44:08.000000",1.0,3.9,1.0,N,234.0,66.0,1.0,19.0,3.5,0.5,3.5,0.0,0.3,26.8,2.5
2.0,"2019-08-07 18:56:04.000000","2019-08-07 19:24:24.000000",1.0,5.78,1.0,N,234.0,66.0,1.0,23.0,1.0,0.5,5.46,0.0,0.3,32.76,2.5
2.0,"2019-08-07 19:25:12.000000","2019-08-07 19:46:15.000000",1.0,4.21,1.0,N,234.0,66.0,1.0,17.0,1.0,0.5,4.26,0.0,0.3,25.56,2.5
2.0,"2019-08-07 20:39:58.000000","2019-08-07 21:02:40.000000",2.0,5.69,1.0,N,234.0,66.0,1.0,20.5,0.5,0.5,6.08,0.0,0.3,30.38,2.5
2.0,"2019-08-07 20:19:30.000000","2019-08-07 20:50:50.000000",2.0,3.67,1.0,N,234.0,66.0,1.0,21.5,0.5,0.5,5.0,0.0,0.3,30.3,2.5
2.0,"2019-08-07 20:13:27.000000","2019-08-07 20:31:12.000000",1.0,3.63,1.0,N,234.0,66.0,1.0,14.5,0.5,0.5,3.66,0.0,0.3,21.96,2.5
2.0,"2019-08-07 21:17:29.000000","2019-08-07 21:41:00.000000",1.0,4.15,1.0,N,234.0,66.0,1.0,17.5,0.5,0.5,2.13,0.0,0.3,23.43,2.5
2.0,"2019-08-07 21:39:08.000000","2019-08-07 21:59:37.000000",1.0,4.25,1.0,N,234.0,66.0,1.0,16.5,0.5,0.5,1.0,0.0,0.3,21.3,2.5
2.0,"2019-08-07 22:35:21.000000","2019-08-07 22:55:04.000000",3.0,4.01,1.0,N,234.0,66.0,1.0,15.5,0.5,0.5,2.0,0.0,0.3,21.3,2.5
2.0,"2019-08-07 22:07:18.000000","2019-08-07 22:25:11.000000",2.0,4.31,1.0,N,234.0,66.0,1.0,15.5,0.5,0.5,3.86,0.0,0.3,23.16,2.5
2.0,"2019-08-07 22:17:57.000000","2019-08-07 22:32:52.000000",1.0,5.54,1.0,N,234.0,66.0,1.0,17.5,0.5,0.5,5.33,0.0,0.3,26.63,2.5
1.0,"2019-08-07 23:59:39.000000","2019-08-08 00:13:11.000000",1.0,3.9,1.0,N,234.0,66.0,1.0,14.0,3.0,0.5,3.55,0.0,0.3,21.35,2.5
1.0,"2019-08-08 00:57:36.000000","2019-08-08 01:12:07.000000",1.0,4.6,1.0,N,234.0,66.0,1.0,15.5,3.0,0.5,5.0,0.0,0.3,24.3,2.5
2.0,"2019-08-08 11:58:50.000000","2019-08-08 12:31:02.000000",1.0,6.1,1.0,N,234.0,66.0,2.0,26.0,0.0,0.5,0.0,0.0,0.3,29.3,2.5
2.0,"2019-08-08 16:37:34.000000","2019-08-08 17:14:28.000000",1.0,3.9,1.0,N,234.0,66.0,1.0,22.0,1.0,0.5,5.26,0.0,0.3,31.56,2.5
2.0,"2019-08-08 17:28:16.000000","2019-08-08 17:55:45.000000",1.0,3.69,1.0,N,234.0,66.0,1.0,19.0,1.0,0.5,3.5,0.0,0.3,28.75,2.5
1.0,"2019-08-08 18:26:17.000000","2019-08-08 18:52:03.000000",2.0,5.8,1.0,Y,234.0,66.0,1.0,22.0,3.5,0.5,2.0,0.0,0.3,28.3,2.5
2.0,"2019-08-08 19:25:29.000000","2019-08-08 19:54:54.000000",2.0,4.34,1.0,N,234.0,66.0,1.0,19.0,1.0,0.5,4.0,0.0,0.3,27.3,2.5
2.0,"2019-08-08 19:19:04.000000","2019-08-08 19:46:18.000000",1.0,3.74,1.0,N,234.0,66.0,1.0,18.0,1.0,0.5,5.58,0.0,0.3,27.88,2.5
2.0,"2019-08-08 19:07:44.000000","2019-08-08 19:27:45.000000",1.0,3.81,1.0,N,234.0,66.0,1.0,16.0,1.0,0.5,1.02,0.0,0.3,21.32,2.5
2.0,"2019-08-08 19:40:13.000000","2019-08-08 19:58:34.000000",6.0,3.12,1.0,N,234.0,66.0,1.0,14.0,1.0,0.5,4.58,0.0,0.3,22.88,2.5
2.0,"2019-08-08 18:57:25.000000","2019-08-08 19:18:34.000000",5.0,3.55,1.0,N,234.0,66.0,1.0,16.0,1.0,0.5,4.06,0.0,0.3,24.36,2.5
1.0,"2019-08-08 19:22:26.000000","2019-08-08 19:58:32.000000",1.0,5.9,1.0,N,234.0,66.0,1.0,26.5,3.5,0.5,3.0,0.0,0.3,33.8,2.5
2.0,"2019-08-08 20:50:08.000000","2019-08-08 21:19:56.000000",1.0,4.24,1.0,N,234.0,66.0,1.0,19.5,0.5,0.5,4.66,0.0,0.3,27.96,2.5
1.0,"2019-08-08 20:16:45.000000","2019-08-08 20:43:24.000000",1.0,4.4,1.0,N,234.0,66.0,1.0,19.5,3.0,0.5,4.65,0.0,0.3,27.95,2.5
2.0,"2019-08-08 22:44:10.000000","2019-08-08 23:03:26.000000",5.0,4.33,1.0,N,234.0,66.0,1.0,16.5,0.5,0.5,5.08,0.0,0.3,25.38,2.5
1.0,"2019-08-09 06:15:36.000000","2019-08-09 06:35:36.000000",3.0,4.2,1.0,N,234.0,66.0,2.0,16.5,2.5,0.5,0.0,0.0,0.3,19.8,2.5
1.0,"2019-08-09 08:48:05.000000","2019-08-09 09:18:10.000000",1.0,5.9,1.0,N,234.0,66.0,1.0,25.0,2.5,0.5,3.0,0.0,0.3,31.3,2.5
2.0,"2019-08-09 14:32:29.000000","2019-08-09 14:56:58.000000",1.0,3.7,1.0,N,234.0,66.0,2.0,17.5,0.0,0.5,0.0,0.0,0.3,20.8,2.5
2.0,"2019-08-09 15:38:34.000000","2019-08-09 16:06:34.000000",6.0,3.62,1.0,N,234.0,66.0,1.0,19.0,0.0,0.5,4.46,0.0,0.3,26.76,2.5
1.0,"2019-08-09 18:18:07.000000","2019-08-09 18:42:38.000000",1.0,5.6,1.0,N,234.0,66.0,1.0,21.0,3.5,0.5,2.0,0.0,0.3,27.3,2.5
1.0,"2019-08-09 19:36:37.000000","2019-08-09 20:06:14.000000",1.0,5.6,1.0,N,234.0,66.0,1.0,23.5,3.5,0.5,5.55,0.0,0.3,33.35,2.5
2.0,"2019-08-10 00:52:04.000000","2019-08-10 01:14:02.000000",1.0,4.49,1.0,N,234.0,66.0,1.0,18.0,0.5,0.5,4.36,0.0,0.3,26.16,2.5
1.0,"2019-08-10 10:13:53.000000","2019-08-10 10:57:43.000000",1.0,4.1,1.0,N,234.0,66.0,3.0,27.5,2.5,0.5,0.0,0.0,0.3,30.8,2.5
1.0,"2019-08-10 11:21:22.000000","2019-08-10 11:43:25.000000",0.0,5.7,1.0,N,234.0,66.0,1.0,21.5,2.5,0.5,4.95,0.0,0.3,29.75,2.5
1.0,"2019-08-10 12:04:28.000000","2019-08-10 12:47:04.000000",1.0,5.0,1.0,N,234.0,66.0,1.0,27.5,2.5,0.5,2.0,0.0,0.3,32.8,2.5
2.0,"2019-08-10 15:53:48.000000","2019-08-10 16:16:07.000000",5.0,4.3,1.0,N,234.0,66.0,1.0,18.0,0.0,0.5,5.32,0.0,0.3,26.62,2.5
2.0,"2019-08-10 20:45:37.000000","2019-08-10 21:10:34.000000",1.0,6.08,1.0,N,234.0,66.0,1.0,22.5,0.5,0.5,5.26,0.0,0.3,31.56,2.5
2.0,"2019-08-11 01:13:50.000000","2019-08-11 01:27:14.000000",1.0,3.69,1.0,N,234.0,66.0,1.0,13.5,0.5,0.5,3.46,0.0,0.3,20.76,2.5
2.0,"2019-08-11 10:41:00.000000","2019-08-11 10:55:14.000000",1.0,3.75,1.0,N,234.0,66.0,1.0,14.0,0.0,0.5,3.46,0.0,0.3,20.76,2.5
1.0,"2019-08-11 11:59:22.000000","2019-08-11 12:18:42.000000",2.0,4.6,1.0,N,234.0,66.0,1.0,17.5,2.5,0.5,0.5,0.0,0.3,21.3,2.5
2.0,"2019-08-11 13:42:21.000000","2019-08-11 14:08:17.000000",1.0,4.57,1.0,N,234.0,66.0,2.0,19.5,0.0,0.5,0.0,0.0,0.3,22.8,2.5
1.0,"2019-08-11 13:38:31.000000","2019-08-11 13:59:57.000000",1.0,3.8,1.0,N,234.0,66.0,1.0,16.0,2.5,0.5,0.97,0.0,0.3,20.27,2.5
1.0,"2019-08-11 14:45:39.000000","2019-08-11 15:06:08.000000",1.0,5.6,1.0,N,234.0,66.0,1.0,20.5,2.5,0.5,2.0,0.0,0.3,25.8,2.5
2.0,"2019-08-11 15:52:34.000000","2019-08-11 16:17:29.000000",1.0,5.67,1.0,N,234.0,66.0,1.0,21.5,0.0,0.5,6.2,0.0,0.3,31.0,2.5
2.0,"2019-08-11 15:25:15.000000","2019-08-11 15:42:59.000000",1.0,3.67,1.0,N,234.0,66.0,1.0,15.0,0.0,0.5,3.66,0.0,0.3,21.96,2.5
2.0,"2019-08-11 18:22:56.000000","2019-08-11 18:47:56.000000",2.0,4.45,1.0,N,234.0,66.0,1.0,19.5,0.0,0.5,2.2,0.0,0.3,25.0,2.5
1.0,"2019-08-11 22:19:16.000000","2019-08-11 22:36:56.000000",1.0,4.1,1.0,N,234.0,66.0,1.0,15.5,3.0,0.5,3.85,0.0,0.3,23.15,2.5
1.0,"2019-08-12 16:08:26.000000","2019-08-12 16:34:40.000000",1.0,3.4,1.0,N,234.0,66.0,1.0,17.0,3.5,0.5,4.25,0.0,0.3,25.55,2.5
2.0,"2019-08-12 20:13:20.000000","2019-08-12 20:33:12.000000",1.0,3.76,1.0,N,234.0,66.0,1.0,15.5,0.5,0.5,3.86,0.0,0.3,23.16,2.5
2.0,"2019-08-12 20:49:04.000000","2019-08-12 21:08:43.000000",5.0,3.95,1.0,N,234.0,66.0,1.0,16.0,0.5,0.5,3.96,0.0,0.3,23.76,2.5
2.0,"2019-08-12 20:51:49.000000","2019-08-12 21:11:05.000000",2.0,4.37,1.0,N,234.0,66.0,1.0,16.5,0.5,0.5,4.06,0.0,0.3,24.36,2.5
2.0,"2019-08-12 22:09:51.000000","2019-08-12 22:27:15.000000",5.0,5.83,1.0,N,234.0,66.0,1.0,19.0,0.5,0.5,4.0,0.0,0.3,26.8,2.5
2.0,"2019-08-12 22:32:39.000000","2019-08-12 22:53:28.000000",1.0,4.17,1.0,N,234.0,66.0,1.0,16.5,0.5,0.5,4.06,0.0,0.3,24.36,2.5
2.0,"2019-08-13 13:13:03.000000","2019-08-13 13:33:53.000000",1.0,5.58,1.0,N,234.0,66.0,1.0,20.0,0.0,0.5,4.66,0.0,0.3,27.96,2.5
2.0,"2019-08-13 15:03:44.000000","2019-08-13 15:27:46.000000",1.0,3.61,1.0,N,234.0,66.0,1.0,17.0,0.0,0.5,4.06,0.0,0.3,24.36,2.5
1.0,"2019-08-13 17:40:48.000000","2019-08-13 18:04:19.000000",1.0,3.6,1.0,N,234.0,66.0,1.0,18.0,3.5,0.5,2.0,0.0,0.3,24.3,2.5
2.0,"2019-08-13 17:18:19.000000","2019-08-13 17:38:00.000000",1.0,3.68,1.0,N,234.0,66.0,1.0,16.0,1.0,0.5,3.04,0.0,0.3,23.34,2.5
1.0,"2019-08-13 17:26:14.000000","2019-08-13 17:55:34.000000",1.0,5.6,1.0,N,234.0,66.0,1.0,22.0,3.5,0.5,5.25,0.0,0.3,31.55,2.5
1.0,"2019-08-13 18:48:02.000000","2019-08-13 19:10:01.000000",1.0,4.6,1.0,N,234.0,66.0,1.0,18.0,3.5,0.5,4.45,0.0,0.3,26.75,2.5
2.0,"2019-08-13 18:04:20.000000","2019-08-13 18:30:11.000000",6.0,4.17,1.0,N,234.0,66.0,1.0,18.5,1.0,0.5,4.56,0.0,0.3,27.36,2.5
2.0,"2019-08-13 18:25:45.000000","2019-08-13 18:46:05.000000",2.0,3.93,1.0,N,234.0,66.0,1.0,16.5,1.0,0.5,1.0,0.0,0.3,21.8,2.5
2.0,"2019-08-13 18:16:21.000000","2019-08-13 18:43:54.000000",1.0,5.58,1.0,N,234.0,66.0,1.0,22.0,1.0,0.5,2.63,0.0,0.3,28.93,2.5
1.0,"2019-08-13 19:28:52.000000","2019-08-13 19:51:16.000000",0.0,5.5,1.0,N,234.0,66.0,1.0,20.0,3.5,0.5,1.22,0.0,0.3,25.52,2.5
2.0,"2019-08-13 19:14:22.000000","2019-08-13 19:36:36.000000",1.0,3.51,1.0,N,234.0,66.0,1.0,16.0,1.0,0.5,4.06,0.0,0.3,24.36,2.5
2.0,"2019-08-13 19:25:47.000000","2019-08-13 19:51:32.000000",1.0,4.23,1.0,N,234.0,66.0,1.0,17.5,1.0,0.5,6.54,0.0,0.3,28.34,2.5
2.0,"2019-08-13 19:19:22.000000","2019-08-13 19:39:59.000000",1.0,3.91,1.0,N,234.0,66.0,1.0,16.0,1.0,0.5,4.06,0.0,0.3,24.36,2.5
2.0,"2019-08-13 21:50:04.000000","2019-08-13 22:08:55.000000",1.0,4.01,1.0,N,234.0,66.0,1.0,16.0,0.5,0.5,3.96,0.0,0.3,23.76,2.5
1.0,"2019-08-13 22:34:35.000000","2019-08-13 22:49:05.000000",1.0,4.0,1.0,N,234.0,66.0,1.0,14.0,3.0,0.5,1.55,0.0,0.3,19.35,2.5
2.0,"2019-08-13 22:00:02.000000","2019-08-13 22:16:53.000000",1.0,3.82,1.0,N,234.0,66.0,1.0,15.0,0.5,0.5,4.7,0.0,0.3,23.5,2.5
2.0,"2019-08-13 23:20:34.000000","2019-08-13 23:36:40.000000",1.0,5.9,1.0,N,234.0,66.0,1.0,19.0,0.5,0.5,4.0,0.0,0.3,26.8,2.5
1.0,"2019-08-14 00:46:12.000000","2019-08-14 00:58:00.000000",1.0,3.8,1.0,N,234.0,66.0,1.0,13.0,3.0,0.5,2.0,0.0,0.3,18.8,2.5
2.0,"2019-08-14 01:09:09.000000","2019-08-14 01:25:36.000000",6.0,5.93,1.0,N,234.0,66.0,1.0,19.0,0.5,0.5,4.56,0.0,0.3,27.36,2.5
2.0,"2019-08-14 12:56:14.000000","2019-08-14 13:19:29.000000",1.0,3.55,1.0,N,234.0,66.0,1.0,17.0,0.0,0.5,3.0,0.0,0.3,23.3,2.5
1.0,"2019-08-14 13:07:57.000000","2019-08-14 13:31:19.000000",1.0,5.6,1.0,N,234.0,66.0,1.0,21.5,2.5,0.5,4.95,0.0,0.3,29.75,2.5
2.0,"2019-08-14 13:03:07.000000","2019-08-14 13:30:30.000000",1.0,5.91,1.0,N,234.0,66.0,1.0,23.5,0.0,0.5,5.36,0.0,0.3,32.16,2.5
1.0,"2019-08-14 13:22:37.000000","2019-08-14 13:57:59.000000",0.0,5.7,1.0,N,234.0,66.0,1.0,25.5,2.5,0.5,0.5,0.0,0.3,29.3,2.5
1.0,"2019-08-14 14:41:38.000000","2019-08-14 15:01:56.000000",1.0,4.0,1.0,N,234.0,66.0,1.0,16.0,2.5,0.5,1.93,0.0,0.3,21.23,2.5
1.0,"2019-08-14 17:12:14.000000","2019-08-14 17:46:15.000000",1.0,3.5,1.0,N,234.0,66.0,1.0,20.5,3.5,0.5,4.95,0.0,0.3,29.75,2.5
2.0,"2019-08-14 18:05:14.000000","2019-08-14 18:32:42.000000",1.0,3.7,1.0,N,234.0,66.0,1.0,18.5,1.0,0.5,4.56,0.0,0.3,27.36,2.5
2.0,"2019-08-14 18:01:32.000000","2019-08-14 18:47:07.000000",1.0,5.6,1.0,N,234.0,66.0,1.0,28.0,1.0,0.5,6.46,0.0,0.3,38.76,2.5
1.0,"2019-08-14 18:21:37.000000","2019-08-14 18:52:00.000000",1.0,3.7,1.0,N,234.0,66.0,1.0,19.0,3.5,0.5,1.0,0.0,0.3,24.3,2.5
2.0,"2019-08-14 19:18:11.000000","2019-08-14 19:42:03.000000",1.0,5.22,1.0,N,234.0,66.0,1.0,19.0,1.0,0.5,4.66,0.0,0.3,27.96,2.5
2.0,"2019-08-14 19:00:22.000000","2019-08-14 19:32:36.000000",3.0,5.57,1.0,N,234.0,66.0,1.0,22.0,1.0,0.5,5.26,0.0,0.3,31.56,2.5
1.0,"2019-08-14 19:10:27.000000","2019-08-14 19:46:21.000000",1.0,5.8,1.0,N,234.0,66.0,1.0,24.5,3.5,0.5,4.0,0.0,0.3,32.8,2.5
2.0,"2019-08-14 21:14:46.000000","2019-08-14 21:33:34.000000",1.0,5.96,1.0,N,234.0,66.0,1.0,20.0,0.5,0.5,4.76,0.0,0.3,28.56,2.5
2.0,"2019-08-14 21:59:44.000000","2019-08-14 22:22:52.000000",1.0,4.98,1.0,N,234.0,66.0,1.0,19.5,0.5,0.5,6.99,0.0,0.3,30.29,2.5
2.0,"2019-08-14 22:09:20.000000","2019-08-14 22:27:44.000000",2.0,3.83,1.0,N,234.0,66.0,2.0,15.0,0.5,0.5,0.0,0.0,0.3,18.8,2.5
2.0,"2019-08-14 22:29:39.000000","2019-08-14 22:47:05.000000",1.0,3.86,1.0,N,234.0,66.0,1.0,15.0,0.5,0.5,3.76,0.0,0.3,22.56,2.5
2.0,"2019-08-14 22:44:37.000000","2019-08-14 23:03:53.000000",1.0,4.42,1.0,N,234.0,66.0,1.0,16.5,0.5,0.5,4.06,0.0,0.3,24.36,2.5
1.0,"2019-08-15 09:27:25.000000","2019-08-15 09:50:38.000000",1.0,3.9,1.0,N,234.0,66.0,1.0,18.0,2.5,0.5,5.3,0.0,0.3,26.6,2.5
1.0,"2019-08-15 11:14:52.000000","2019-08-15 11:45:04.000000",1.0,5.6,1.0,N,234.0,66.0,2.0,23.5,2.5,0.5,0.0,0.0,0.3,26.8,2.5
2.0,"2019-08-15 11:25:23.000000","2019-08-15 11:50:19.000000",5.0,5.59,1.0,N,234.0,66.0,1.0,21.5,0.0,0.5,4.96,0.0,0.3,29.76,2.5
2.0,"2019-08-15 12:10:37.000000","2019-08-15 12:32:59.000000",2.0,5.69,1.0,N,234.0,66.0,1.0,20.5,0.0,0.5,4.76,0.0,0.3,28.56,2.5
2.0,"2019-08-15 12:14:44.000000","2019-08-15 12:45:20.000000",1.0,5.96,1.0,N,234.0,66.0,1.0,25.5,0.0,0.5,4.0,0.0,0.3,32.8,2.5
1.0,"2019-08-15 13:14:55.000000","2019-08-15 13:38:17.000000",1.0,5.5,1.0,N,234.0,66.0,1.0,21.0,2.5,0.5,4.85,0.0,0.3,29.15,2.5
2.0,"2019-08-15 18:53:27.000000","2019-08-15 19:21:20.000000",2.0,3.72,1.0,N,234.0,66.0,1.0,18.0,1.0,0.5,4.46,0.0,0.3,26.76,2.5
2.0,"2019-08-15 18:11:31.000000","2019-08-15 18:38:06.000000",2.0,4.08,1.0,N,234.0,66.0,1.0,19.0,1.0,0.5,3.5,0.0,0.3,26.8,2.5
2.0,"2019-08-15 18:55:54.000000","2019-08-15 19:27:28.000000",1.0,6.12,1.0,N,234.0,66.0,1.0,24.0,1.0,0.5,2.0,0.0,0.3,30.3,2.5
2.0,"2019-08-15 18:35:22.000000","2019-08-15 19:06:44.000000",1.0,5.96,1.0,N,234.0,66.0,1.0,22.5,1.0,0.5,5.36,0.0,0.3,32.16,2.5
2.0,"2019-08-15 18:59:24.000000","2019-08-15 19:23:50.000000",1.0,5.29,1.0,N,234.0,66.0,1.0,19.5,1.0,0.5,0.0,0.0,0.3,23.8,2.5
1.0,"2019-08-15 19:28:19.000000","2019-08-15 19:51:49.000000",1.0,3.8,1.0,N,234.0,66.0,1.0,17.5,3.5,0.5,4.35,0.0,0.3,26.15,2.5
2.0,"2019-08-15 19:13:54.000000","2019-08-15 19:41:17.000000",1.0,5.94,1.0,N,234.0,66.0,1.0,22.5,1.0,0.5,5.36,0.0,0.3,32.16,2.5
2.0,"2019-08-15 19:31:29.000000","2019-08-15 19:56:51.000000",1.0,3.75,1.0,N,234.0,66.0,1.0,17.0,1.0,0.5,4.26,0.0,0.3,25.56,2.5
1.0,"2019-08-15 20:07:30.000000","2019-08-15 20:38:36.000000",2.0,9.7,1.0,Y,234.0,66.0,1.0,31.5,3.0,0.5,3.0,6.12,0.3,44.42,2.5
1.0,"2019-08-15 20:39:28.000000","2019-08-15 20:59:41.000000",1.0,3.6,1.0,N,234.0,66.0,1.0,15.5,3.0,0.5,5.75,0.0,0.3,25.05,2.5
2.0,"2019-08-16 00:24:55.000000","2019-08-16 00:38:48.000000",2.0,4.33,1.0,N,234.0,66.0,1.0,15.0,0.5,0.5,5.64,0.0,0.3,24.44,2.5
2.0,"2019-08-16 12:15:13.000000","2019-08-16 12:42:12.000000",6.0,3.92,1.0,N,234.0,66.0,1.0,19.0,0.0,0.5,4.46,0.0,0.3,26.76,2.5
1.0,"2019-08-16 13:51:42.000000","2019-08-16 14:18:09.000000",1.0,4.3,1.0,N,234.0,66.0,2.0,20.0,2.5,0.5,0.0,0.0,0.3,23.3,2.5
1.0,"2019-08-16 13:39:03.000000","2019-08-16 14:02:58.000000",1.0,4.5,1.0,N,234.0,66.0,1.0,18.5,2.5,0.5,2.8,0.0,0.3,24.6,2.5
1.0,"2019-08-16 18:13:40.000000","2019-08-16 18:40:17.000000",1.0,5.8,1.0,Y,234.0,66.0,1.0,22.5,3.5,0.5,5.35,0.0,0.3,32.15,2.5
1.0,"2019-08-16 19:36:53.000000","2019-08-16 20:03:28.000000",0.0,3.9,1.0,N,234.0,66.0,1.0,18.5,3.5,0.5,4.55,0.0,0.3,27.35,2.5
2.0,"2019-08-16 21:16:45.000000","2019-08-16 21:39:08.000000",6.0,4.18,1.0,N,234.0,66.0,2.0,17.5,0.5,0.5,0.0,0.0,0.3,21.3,2.5
2.0,"2019-08-17 14:05:25.000000","2019-08-17 14:24:55.000000",1.0,5.7,1.0,N,234.0,66.0,1.0,20.0,0.0,0.5,2.0,0.0,0.3,25.3,2.5
2.0,"2019-08-17 14:54:43.000000","2019-08-17 15:10:32.000000",1.0,3.69,1.0,N,234.0,66.0,1.0,13.5,0.0,0.5,3.0,0.0,0.3,19.8,2.5
2.0,"2019-08-17 14:38:16.000000","2019-08-17 14:54:29.000000",1.0,5.68,1.0,N,234.0,66.0,2.0,18.5,0.0,0.5,0.0,0.0,0.3,21.8,2.5
2.0,"2019-08-17 17:09:18.000000","2019-08-17 17:31:50.000000",1.0,3.77,1.0,N,234.0,66.0,1.0,17.0,0.0,0.5,5.08,0.0,0.3,25.38,2.5
1.0,"2019-08-17 20:25:18.000000","2019-08-17 20:47:41.000000",2.0,3.8,1.0,N,234.0,66.0,2.0,16.5,3.0,0.5,0.0,0.0,0.3,20.3,2.5
2.0,"2019-08-18 14:39:30.000000","2019-08-18 14:50:32.000000",2.0,1.95,1.0,N,234.0,66.0,1.0,9.5,0.0,0.5,2.56,0.0,0.3,15.36,2.5
2.0,"2019-08-18 15:44:17.000000","2019-08-18 16:13:19.000000",1.0,3.69,1.0,N,234.0,66.0,1.0,18.5,0.0,0.5,4.36,0.0,0.3,26.16,2.5
2.0,"2019-08-18 17:04:52.000000","2019-08-18 17:28:39.000000",6.0,3.72,1.0,N,234.0,66.0,1.0,16.5,0.0,0.5,3.96,0.0,0.3,23.76,2.5
2.0,"2019-08-19 09:27:01.000000","2019-08-19 10:01:34.000000",1.0,6.34,1.0,N,234.0,66.0,1.0,27.0,0.0,0.5,6.06,0.0,0.3,36.36,2.5
1.0,"2019-08-19 10:25:13.000000","2019-08-19 10:57:45.000000",1.0,5.8,1.0,Y,234.0,66.0,4.0,23.5,2.5,0.5,0.0,0.0,0.3,26.8,2.5
1.0,"2019-08-19 10:08:40.000000","2019-08-19 10:29:56.000000",1.0,3.5,1.0,N,234.0,66.0,1.0,16.5,2.5,0.5,3.95,0.0,0.3,23.75,2.5
2.0,"2019-08-19 11:46:26.000000","2019-08-19 12:14:24.000000",1.0,4.35,1.0,N,234.0,66.0,2.0,19.5,0.0,0.5,0.0,0.0,0.3,22.8,2.5
2.0,"2019-08-19 13:24:23.000000","2019-08-19 13:44:50.000000",1.0,5.16,1.0,N,234.0,66.0,1.0,19.5,0.0,0.5,4.56,0.0,0.3,27.36,2.5
1.0,"2019-08-19 15:20:19.000000","2019-08-19 15:49:27.000000",0.0,3.5,1.0,N,234.0,66.0,1.0,18.5,2.5,0.5,4.0,0.0,0.3,25.8,2.5
1.0,"2019-08-19 15:44:40.000000","2019-08-19 16:09:48.000000",4.0,3.5,1.0,N,234.0,66.0,2.0,17.0,2.5,0.5,0.0,0.0,0.3,20.3,2.5
2.0,"2019-08-19 17:38:27.000000","2019-08-19 18:07:28.000000",1.0,5.72,1.0,N,234.0,66.0,2.0,21.0,1.0,0.5,0.0,0.0,0.3,25.3,2.5
2.0,"2019-08-19 14:51:18.000000","2019-08-19 15:20:06.000000",1.0,4.26,1.0,N,234.0,66.0,1.0,20.5,1.0,0.5,4.96,0.0,0.3,29.76,2.5
1.0,"2019-08-19 19:41:06.000000","2019-08-19 20:00:25.000000",1.0,3.5,1.0,N,234.0,66.0,1.0,14.5,3.5,0.5,3.75,0.0,0.3,22.55,2.5
1.0,"2019-08-19 19:05:03.000000","2019-08-19 19:23:41.000000",1.0,3.8,1.0,N,234.0,66.0,1.0,15.5,3.5,0.5,4.95,0.0,0.3,24.75,2.5
2.0,"2019-08-19 23:12:26.000000","2019-08-19 23:27:12.000000",3.0,5.87,1.0,N,234.0,66.0,1.0,19.0,0.5,0.5,4.0,0.0,0.3,26.8,2.5
2.0,"2019-08-20 10:17:55.000000","2019-08-20 10:55:09.000000",1.0,4.01,1.0,N,234.0,66.0,1.0,24.0,0.0,0.5,1.5,0.0,0.3,28.8,2.5
2.0,"2019-08-20 10:21:02.000000","2019-08-20 10:42:01.000000",1.0,5.31,1.0,N,234.0,66.0,1.0,19.5,0.0,0.5,4.56,0.0,0.3,27.36,2.5
1.0,"2019-08-20 11:43:26.000000","2019-08-20 12:09:18.000000",2.0,5.2,1.0,N,234.0,66.0,2.0,21.0,2.5,0.5,0.0,0.0,0.3,24.3,2.5
2.0,"2019-08-20 13:17:50.000000","2019-08-20 14:13:13.000000",1.0,4.65,1.0,N,234.0,66.0,1.0,32.5,0.0,0.5,7.16,0.0,0.3,42.96,2.5
1.0,"2019-08-20 15:19:32.000000","2019-08-20 15:49:17.000000",3.0,5.5,1.0,N,234.0,66.0,1.0,22.0,2.5,0.5,2.0,0.0,0.3,27.3,2.5
2.0,"2019-08-20 15:23:31.000000","2019-08-20 15:53:18.000000",1.0,5.73,1.0,N,234.0,66.0,1.0,23.0,0.0,0.5,5.26,0.0,0.3,31.56,2.5
1.0,"2019-08-20 17:25:51.000000","2019-08-20 17:44:14.000000",1.0,3.6,1.0,N,234.0,66.0,1.0,15.5,3.5,0.5,2.97,0.0,0.3,22.77,2.5
2.0,"2019-08-20 17:52:52.000000","2019-08-20 18:18:34.000000",1.0,3.82,1.0,N,234.0,66.0,1.0,17.0,1.0,0.5,6.39,0.0,0.3,27.69,2.5
2.0,"2019-08-20 18:28:38.000000","2019-08-20 18:48:33.000000",5.0,3.92,1.0,N,234.0,66.0,1.0,16.0,1.0,0.5,4.06,0.0,0.3,24.36,2.5
2.0,"2019-08-20 20:36:25.000000","2019-08-20 20:57:29.000000",1.0,3.54,1.0,N,234.0,66.0,1.0,16.0,0.5,0.5,4.95,0.0,0.3,24.75,2.5
2.0,"2019-08-20 20:02:49.000000","2019-08-20 20:22:57.000000",4.0,5.76,1.0,N,234.0,66.0,1.0,19.5,0.5,0.5,1.0,0.0,0.3,24.3,2.5
2.0,"2019-08-20 21:32:09.000000","2019-08-20 21:49:48.000000",2.0,3.78,1.0,N,234.0,66.0,2.0,15.0,0.5,0.5,0.0,0.0,0.3,18.8,2.5
2.0,"2019-08-20 21:35:26.000000","2019-08-20 21:54:40.000000",2.0,5.82,1.0,N,234.0,66.0,1.0,19.5,0.5,0.5,4.66,0.0,0.3,27.96,2.5
2.0,"2019-08-20 21:09:33.000000","2019-08-20 21:31:35.000000",2.0,3.98,1.0,N,234.0,66.0,1.0,17.0,0.5,0.5,4.16,0.0,0.3,24.96,2.5
2.0,"2019-08-20 21:55:21.000000","2019-08-20 22:11:22.000000",1.0,3.72,1.0,N,234.0,66.0,1.0,14.5,0.5,0.5,2.74,0.0,0.3,21.04,2.5
2.0,"2019-08-20 21:29:44.000000","2019-08-20 21:48:42.000000",1.0,0.0,1.0,N,234.0,66.0,1.0,11.5,0.5,0.5,2.3,0.0,0.3,17.6,2.5
2.0,"2019-08-21 11:56:08.000000","2019-08-21 12:28:28.000000",1.0,5.7,1.0,N,234.0,66.0,1.0,25.5,0.0,0.5,3.0,0.0,0.3,31.8,2.5
2.0,"2019-08-21 13:44:17.000000","2019-08-21 14:05:42.000000",1.0,5.63,1.0,N,234.0,66.0,1.0,20.0,0.0,0.5,5.82,0.0,0.3,29.12,2.5
2.0,"2019-08-21 18:38:56.000000","2019-08-21 19:09:14.000000",1.0,4.14,1.0,N,234.0,66.0,2.0,21.0,1.0,0.5,0.0,0.0,0.3,25.3,2.5
2.0,"2019-08-21 19:30:48.000000","2019-08-21 19:51:53.000000",1.0,3.71,1.0,N,234.0,66.0,1.0,16.5,1.0,0.5,5.2,0.0,0.3,26.0,2.5
1.0,"2019-08-21 19:59:52.000000","2019-08-21 20:21:25.000000",1.0,6.0,1.0,N,234.0,66.0,1.0,21.0,3.0,0.5,4.0,0.0,0.3,28.8,2.5
2.0,"2019-08-21 20:58:01.000000","2019-08-21 21:21:49.000000",1.0,3.84,1.0,N,234.0,66.0,1.0,17.5,0.5,0.5,4.26,0.0,0.3,25.56,2.5
2.0,"2019-08-21 20:14:48.000000","2019-08-21 20:40:59.000000",2.0,4.21,1.0,N,234.0,66.0,1.0,19.0,0.5,0.5,4.56,0.0,0.3,27.36,2.5
1.0,"2019-08-21 21:15:13.000000","2019-08-21 21:34:33.000000",1.0,4.1,1.0,N,234.0,66.0,1.0,16.5,3.0,0.5,4.05,0.0,0.3,24.35,2.5
1.0,"2019-08-21 21:57:15.000000","2019-08-21 22:20:27.000000",1.0,6.2,1.0,Y,234.0,66.0,2.0,21.5,3.0,0.5,0.0,0.0,0.3,25.3,2.5
2.0,"2019-08-21 21:29:33.000000","2019-08-21 21:49:16.000000",1.0,3.91,1.0,N,234.0,66.0,1.0,16.0,0.5,0.5,3.96,0.0,0.3,23.76,2.5
2.0,"2019-08-21 22:34:51.000000","2019-08-21 22:52:38.000000",2.0,3.57,1.0,N,234.0,66.0,1.0,14.0,0.5,0.5,3.56,0.0,0.3,21.36,2.5
2.0,"2019-08-21 23:56:27.000000","2019-08-22 00:12:15.000000",1.0,3.75,1.0,N,234.0,66.0,1.0,14.5,0.5,0.5,5.49,0.0,0.3,23.79,2.5
1.0,"2019-08-22 10:28:22.000000","2019-08-22 10:57:20.000000",1.0,5.9,1.0,N,234.0,66.0,1.0,24.0,2.5,0.5,5.45,0.0,0.3,32.75,2.5
1.0,"2019-08-22 10:39:01.000000","2019-08-22 11:10:49.000000",0.0,4.2,1.0,N,234.0,66.0,1.0,21.0,2.5,0.5,6.05,0.0,0.3,30.35,2.5
2.0,"2019-08-22 11:21:03.000000","2019-08-22 11:57:39.000000",1.0,6.33,1.0,N,234.0,66.0,1.0,29.0,0.0,0.5,6.46,0.0,0.3,38.76,2.5
2.0,"2019-08-22 12:57:20.000000","2019-08-22 13:19:34.000000",2.0,5.51,1.0,N,234.0,66.0,1.0,21.0,0.0,0.5,4.86,0.0,0.3,29.16,2.5
2.0,"2019-08-22 14:45:41.000000","2019-08-22 15:13:16.000000",1.0,6.0,1.0,N,234.0,66.0,1.0,23.0,0.0,0.5,3.94,0.0,0.3,30.24,2.5
1.0,"2019-08-22 15:23:49.000000","2019-08-22 15:53:14.000000",1.0,4.3,1.0,N,234.0,66.0,1.0,19.5,2.5,0.5,4.55,0.0,0.3,27.35,2.5
1.0,"2019-08-22 16:39:01.000000","2019-08-22 17:17:54.000000",1.0,4.8,1.0,N,234.0,66.0,1.0,24.5,3.5,0.5,5.75,0.0,0.3,34.55,2.5
2.0,"2019-08-22 18:56:49.000000","2019-08-22 19:22:00.000000",1.0,5.82,1.0,N,234.0,66.0,1.0,21.0,1.0,0.5,5.06,0.0,0.3,30.36,2.5
1.0,"2019-08-22 18:58:23.000000","2019-08-22 19:21:52.000000",1.0,4.2,1.0,N,234.0,66.0,1.0,18.0,3.5,0.5,2.5,0.0,0.3,24.8,2.5
2.0,"2019-08-22 19:41:57.000000","2019-08-22 19:59:02.000000",1.0,3.13,1.0,N,234.0,66.0,1.0,13.5,1.0,0.5,3.56,0.0,0.3,21.36,2.5
2.0,"2019-08-22 19:03:32.000000","2019-08-22 19:28:06.000000",2.0,4.21,1.0,N,234.0,66.0,2.0,18.5,1.0,0.5,0.0,0.0,0.3,22.8,2.5
1.0,"2019-08-22 21:09:24.000000","2019-08-22 21:29:43.000000",2.0,5.5,1.0,N,234.0,66.0,1.0,19.0,3.0,0.5,4.0,0.0,0.3,26.8,2.5
1.0,"2019-08-22 21:08:11.000000","2019-08-22 21:25:39.000000",1.0,3.5,1.0,N,234.0,66.0,1.0,14.0,3.0,0.5,3.55,0.0,0.3,21.35,2.5
1.0,"2019-08-22 22:57:47.000000","2019-08-22 23:27:04.000000",1.0,5.8,1.0,N,234.0,66.0,1.0,22.5,3.0,0.5,5.25,0.0,0.3,31.55,2.5
2.0,"2019-08-22 23:27:01.000000","2019-08-22 23:46:38.000000",2.0,3.82,1.0,N,234.0,66.0,1.0,15.5,0.5,0.5,2.0,0.0,0.3,21.3,2.5
2.0,"2019-08-23 12:21:06.000000","2019-08-23 12:39:19.000000",1.0,5.65,1.0,N,234.0,66.0,2.0,19.5,0.0,0.5,0.0,0.0,0.3,22.8,2.5
2.0,"2019-08-23 13:12:42.000000","2019-08-23 13:37:22.000000",2.0,4.11,1.0,N,234.0,66.0,1.0,19.0,0.0,0.5,2.0,0.0,0.3,24.3,2.5
1.0,"2019-08-23 14:16:29.000000","2019-08-23 14:45:52.000000",4.0,4.0,1.0,N,234.0,66.0,2.0,19.5,2.5,0.5,0.0,0.0,0.3,22.8,2.5
2.0,"2019-08-23 14:37:45.000000","2019-08-23 14:59:13.000000",1.0,3.63,1.0,N,234.0,66.0,2.0,17.0,0.0,0.5,0.0,0.0,0.3,20.3,2.5
1.0,"2019-08-23 15:44:02.000000","2019-08-23 16:14:53.000000",1.0,3.5,1.0,N,234.0,66.0,1.0,19.0,2.5,0.5,4.45,0.0,0.3,26.75,2.5
1.0,"2019-08-23 15:16:57.000000","2019-08-23 15:42:22.000000",2.0,5.6,1.0,Y,234.0,66.0,2.0,21.5,2.5,0.5,0.0,0.0,0.3,24.8,2.5
2.0,"2019-08-23 18:35:12.000000","2019-08-23 19:00:37.000000",1.0,5.61,1.0,N,234.0,66.0,1.0,20.5,1.0,0.5,3.97,0.0,0.3,28.77,2.5
2.0,"2019-08-23 19:39:47.000000","2019-08-23 20:04:57.000000",1.0,3.96,1.0,N,234.0,66.0,1.0,18.5,1.0,0.5,4.56,0.0,0.3,27.36,2.5
1.0,"2019-08-23 20:43:05.000000","2019-08-23 21:03:08.000000",1.0,5.7,1.0,N,234.0,66.0,1.0,20.0,3.0,0.5,4.75,0.0,0.3,28.55,2.5
2.0,"2019-08-23 21:43:40.000000","2019-08-23 22:05:29.000000",1.0,4.29,1.0,N,234.0,66.0,1.0,17.0,0.5,0.5,4.16,0.0,0.3,24.96,2.5
1.0,"2019-08-23 21:51:01.000000","2019-08-23 22:10:44.000000",1.0,5.7,1.0,N,234.0,66.0,2.0,19.5,3.0,0.5,0.0,0.0,0.3,23.3,2.5
1.0,"2019-08-23 22:02:38.000000","2019-08-23 22:20:54.000000",1.0,3.6,1.0,N,234.0,66.0,1.0,15.0,3.0,0.5,3.76,0.0,0.3,22.56,2.5
2.0,"2019-08-23 23:35:30.000000","2019-08-23 23:54:49.000000",1.0,4.22,1.0,N,234.0,66.0,1.0,16.0,0.5,0.5,3.96,0.0,0.3,23.76,2.5
2.0,"2019-08-23 23:25:28.000000","2019-08-23 23:46:38.000000",1.0,4.14,1.0,N,234.0,66.0,1.0,17.0,0.5,0.5,4.16,0.0,0.3,24.96,2.5
1.0,"2019-08-24 09:52:54.000000","2019-08-24 10:06:33.000000",1.0,3.5,1.0,N,234.0,66.0,1.0,13.0,2.5,0.5,3.25,0.0,0.3,19.55,2.5
1.0,"2019-08-24 12:02:18.000000","2019-08-24 12:24:40.000000",1.0,4.3,1.0,N,234.0,66.0,1.0,17.5,2.5,0.5,3.0,0.0,0.3,23.8,2.5
2.0,"2019-08-24 14:08:44.000000","2019-08-24 14:37:47.000000",6.0,3.98,1.0,N,234.0,66.0,1.0,20.5,0.0,0.5,2.38,0.0,0.3,26.18,2.5
2.0,"2019-08-24 17:46:51.000000","2019-08-24 18:15:06.000000",1.0,3.71,1.0,N,234.0,66.0,1.0,18.0,0.0,0.5,4.26,0.0,0.3,25.56,2.5
2.0,"2019-08-24 22:18:38.000000","2019-08-24 22:42:21.000000",5.0,4.18,1.0,N,234.0,66.0,1.0,18.0,0.5,0.5,4.36,0.0,0.3,26.16,2.5
1.0,"2019-08-24 23:28:22.000000","2019-08-24 23:50:14.000000",4.0,3.9,1.0,N,234.0,66.0,1.0,16.0,3.0,0.5,3.96,0.0,0.3,23.76,2.5
2.0,"2019-08-25 12:53:22.000000","2019-08-25 13:13:21.000000",2.0,5.64,1.0,N,234.0,66.0,2.0,20.0,0.0,0.5,0.0,0.0,0.3,23.3,2.5
2.0,"2019-08-25 15:27:19.000000","2019-08-25 15:53:58.000000",5.0,4.32,1.0,N,234.0,66.0,1.0,19.5,0.0,0.5,3.0,0.0,0.3,25.8,2.5
1.0,"2019-08-25 18:28:46.000000","2019-08-25 18:57:50.000000",0.0,4.0,1.0,Y,234.0,66.0,1.0,20.5,2.5,0.5,4.75,0.0,0.3,28.55,2.5
2.0,"2019-08-25 18:47:50.000000","2019-08-25 19:11:58.000000",1.0,4.26,1.0,N,234.0,66.0,1.0,18.5,0.0,0.5,4.36,0.0,0.3,26.16,2.5
2.0,"2019-08-26 07:18:18.000000","2019-08-26 07:43:07.000000",1.0,3.82,1.0,N,234.0,66.0,2.0,19.0,0.0,0.5,0.0,0.0,0.3,22.3,2.5
1.0,"2019-08-26 14:40:11.000000","2019-08-26 15:04:30.000000",2.0,5.9,1.0,N,234.0,66.0,1.0,22.0,2.5,0.5,5.05,0.0,0.3,30.35,2.5
2.0,"2019-08-26 16:05:31.000000","2019-08-26 16:38:26.000000",1.0,3.69,1.0,N,234.0,66.0,1.0,20.0,1.0,0.5,4.86,0.0,0.3,29.16,2.5
1.0,"2019-08-26 17:26:55.000000","2019-08-26 17:52:57.000000",1.0,3.9,1.0,N,234.0,66.0,1.0,17.5,3.5,0.5,2.0,0.0,0.3,23.8,2.5
2.0,"2019-08-26 18:46:19.000000","2019-08-26 19:12:57.000000",2.0,5.85,1.0,N,234.0,66.0,1.0,22.0,1.0,0.5,5.26,0.0,0.3,31.56,2.5
2.0,"2019-08-26 18:16:23.000000","2019-08-26 18:39:56.000000",1.0,4.1,1.0,N,234.0,66.0,1.0,17.5,1.0,0.5,2.0,0.0,0.3,23.8,2.5
2.0,"2019-08-26 20:22:38.000000","2019-08-26 20:39:10.000000",1.0,4.27,1.0,N,234.0,66.0,1.0,15.0,0.5,0.5,3.76,0.0,0.3,22.56,2.5
2.0,"2019-08-26 20:47:01.000000","2019-08-26 21:02:52.000000",1.0,3.57,1.0,N,234.0,66.0,1.0,14.0,0.5,0.5,2.0,0.0,0.3,19.8,2.5
2.0,"2019-08-26 21:47:11.000000","2019-08-26 22:05:52.000000",1.0,3.65,1.0,N,234.0,66.0,1.0,15.0,0.5,0.5,3.76,0.0,0.3,22.56,2.5
2.0,"2019-08-26 22:17:32.000000","2019-08-26 22:37:27.000000",2.0,6.01,1.0,N,234.0,66.0,1.0,20.5,0.5,0.5,4.86,0.0,0.3,29.16,2.5
2.0,"2019-08-27 09:34:28.000000","2019-08-27 10:03:48.000000",1.0,4.64,1.0,N,234.0,66.0,1.0,21.0,0.0,0.5,4.86,0.0,0.3,29.16,2.5
2.0,"2019-08-27 10:51:45.000000","2019-08-27 11:16:09.000000",1.0,3.76,1.0,N,234.0,66.0,1.0,17.5,0.0,0.5,4.16,0.0,0.3,24.96,2.5
2.0,"2019-08-27 11:29:50.000000","2019-08-27 11:56:28.000000",1.0,4.23,1.0,N,234.0,66.0,1.0,19.5,0.0,0.5,4.56,0.0,0.3,27.36,2.5
2.0,"2019-08-27 12:23:03.000000","2019-08-27 12:51:56.000000",1.0,7.12,1.0,N,234.0,66.0,1.0,25.5,0.0,0.5,5.76,0.0,0.3,34.56,2.5
2.0,"2019-08-27 15:40:51.000000","2019-08-27 16:17:51.000000",1.0,5.65,1.0,N,234.0,66.0,2.0,25.5,0.0,0.5,0.0,0.0,0.3,28.8,2.5
2.0,"2019-08-27 17:53:27.000000","2019-08-27 18:31:29.000000",3.0,4.59,1.0,N,234.0,66.0,1.0,23.5,1.0,0.5,5.56,0.0,0.3,33.36,2.5
1.0,"2019-08-27 17:16:49.000000","2019-08-27 17:41:09.000000",1.0,3.9,1.0,N,234.0,66.0,1.0,17.0,3.5,0.5,2.0,0.0,0.3,23.3,2.5
2.0,"2019-08-27 17:20:35.000000","2019-08-27 17:51:56.000000",1.0,3.91,1.0,N,234.0,66.0,1.0,21.0,1.0,0.5,5.06,0.0,0.3,30.36,2.5
2.0,"2019-08-27 18:17:06.000000","2019-08-27 18:52:06.000000",6.0,5.59,1.0,N,234.0,66.0,1.0,24.0,1.0,0.5,5.0,0.0,0.3,33.3,2.5
1.0,"2019-08-27 18:13:06.000000","2019-08-27 18:36:29.000000",1.0,3.2,1.0,N,234.0,66.0,1.0,16.5,3.5,0.5,5.2,0.0,0.3,26.0,2.5
2.0,"2019-08-27 19:45:47.000000","2019-08-27 20:10:21.000000",1.0,3.7,1.0,N,234.0,66.0,1.0,18.0,1.0,0.5,4.46,0.0,0.3,26.76,2.5
1.0,"2019-08-27 20:18:57.000000","2019-08-27 20:39:29.000000",1.0,3.7,1.0,N,234.0,66.0,1.0,15.5,3.0,0.5,3.85,0.0,0.3,23.15,2.5
1.0,"2019-08-27 20:40:49.000000","2019-08-27 21:06:27.000000",1.0,6.1,1.0,N,234.0,66.0,1.0,22.5,3.0,0.5,5.26,0.0,0.3,31.56,2.5
2.0,"2019-08-27 20:55:50.000000","2019-08-27 21:13:37.000000",1.0,4.31,1.0,N,234.0,66.0,1.0,16.0,0.5,0.5,4.95,0.0,0.3,24.75,2.5
1.0,"2019-08-27 21:23:27.000000","2019-08-27 21:43:33.000000",1.0,4.1,1.0,N,234.0,66.0,2.0,16.0,3.0,0.5,0.0,0.0,0.3,19.8,2.5
2.0,"2019-08-27 22:49:45.000000","2019-08-27 23:06:03.000000",2.0,5.5,1.0,N,234.0,66.0,1.0,18.5,0.5,0.5,4.46,0.0,0.3,26.76,2.5
2.0,"2019-08-27 22:04:32.000000","2019-08-27 22:21:11.000000",1.0,3.65,1.0,N,234.0,66.0,1.0,14.0,0.5,0.5,3.56,0.0,0.3,21.36,2.5
1.0,"2019-08-28 00:39:52.000000","2019-08-28 00:54:50.000000",1.0,5.9,1.0,N,234.0,66.0,1.0,19.0,3.0,0.5,4.0,0.0,0.3,26.8,2.5
1.0,"2019-08-28 12:24:51.000000","2019-08-28 12:47:24.000000",2.0,4.4,1.0,N,234.0,66.0,1.0,18.5,2.5,0.5,4.35,0.0,0.3,26.15,2.5
2.0,"2019-08-28 13:03:58.000000","2019-08-28 13:32:20.000000",1.0,5.7,1.0,N,234.0,66.0,1.0,24.0,0.0,0.5,5.46,0.0,0.3,32.76,2.5
1.0,"2019-08-28 15:06:36.000000","2019-08-28 15:43:30.000000",1.0,4.0,1.0,N,234.0,66.0,1.0,23.5,2.5,0.5,6.7,0.0,0.3,33.5,2.5
1.0,"2019-08-28 16:52:32.000000","2019-08-28 17:23:02.000000",0.0,4.5,1.0,Y,234.0,66.0,1.0,21.5,3.5,0.5,5.15,0.0,0.3,30.95,2.5
2.0,"2019-08-28 17:49:42.000000","2019-08-28 18:21:06.000000",1.0,3.86,1.0,N,234.0,66.0,1.0,21.5,1.0,0.5,5.16,0.0,0.3,30.96,2.5
1.0,"2019-08-28 18:00:22.000000","2019-08-28 18:32:22.000000",1.0,6.1,1.0,N,234.0,66.0,1.0,24.0,3.5,0.5,2.0,0.0,0.3,30.3,2.5
2.0,"2019-08-28 19:42:55.000000","2019-08-28 20:09:47.000000",5.0,4.05,1.0,N,234.0,66.0,1.0,18.0,1.0,0.5,6.69,0.0,0.3,28.99,2.5
2.0,"2019-08-28 19:58:04.000000","2019-08-28 20:22:09.000000",1.0,4.11,1.0,N,234.0,66.0,1.0,17.0,0.5,0.5,4.16,0.0,0.3,24.96,2.5
1.0,"2019-08-28 21:28:47.000000","2019-08-28 21:48:26.000000",1.0,3.9,1.0,N,234.0,66.0,1.0,15.5,3.0,0.5,3.0,0.0,0.3,22.3,2.5
2.0,"2019-08-28 22:26:48.000000","2019-08-28 22:45:57.000000",5.0,4.5,1.0,N,234.0,66.0,1.0,16.5,0.5,0.5,4.06,0.0,0.3,24.36,2.5
2.0,"2019-08-28 22:25:46.000000","2019-08-28 22:45:19.000000",5.0,5.81,1.0,N,234.0,66.0,1.0,20.0,0.5,0.5,4.76,0.0,0.3,28.56,2.5
2.0,"2019-08-29 10:43:39.000000","2019-08-29 11:13:07.000000",1.0,5.9,1.0,N,234.0,66.0,1.0,23.5,0.0,0.5,5.36,0.0,0.3,32.16,2.5
2.0,"2019-08-29 10:03:24.000000","2019-08-29 10:32:39.000000",2.0,5.78,1.0,N,234.0,66.0,2.0,23.0,0.0,0.5,0.0,0.0,0.3,26.3,2.5
1.0,"2019-08-29 10:03:20.000000","2019-08-29 10:24:27.000000",1.0,3.5,1.0,N,234.0,66.0,1.0,16.5,2.5,0.5,3.95,0.0,0.3,23.75,2.5
2.0,"2019-08-29 11:36:25.000000","2019-08-29 12:08:34.000000",1.0,4.01,1.0,N,234.0,66.0,1.0,21.5,0.0,0.5,4.96,0.0,0.3,29.76,2.5
1.0,"2019-08-29 12:50:57.000000","2019-08-29 13:18:17.000000",1.0,5.9,1.0,N,234.0,66.0,1.0,23.5,2.5,0.5,5.35,0.0,0.3,32.15,2.5
2.0,"2019-08-29 13:42:58.000000","2019-08-29 14:06:53.000000",1.0,4.09,1.0,N,234.0,66.0,2.0,18.0,0.0,0.5,0.0,0.0,0.3,21.3,2.5
2.0,"2019-08-29 14:17:57.000000","2019-08-29 14:39:10.000000",3.0,3.97,1.0,N,234.0,66.0,1.0,16.0,0.0,0.5,3.86,0.0,0.3,23.16,2.5
1.0,"2019-08-29 15:18:19.000000","2019-08-29 15:48:54.000000",1.0,4.0,1.0,N,234.0,66.0,1.0,21.0,2.5,0.5,4.85,0.0,0.3,29.15,2.5
2.0,"2019-08-29 18:29:56.000000","2019-08-29 18:57:45.000000",2.0,5.94,1.0,N,234.0,66.0,1.0,22.0,1.0,0.5,5.26,0.0,0.3,31.56,2.5
2.0,"2019-08-29 19:13:23.000000","2019-08-29 19:30:36.000000",1.0,3.6,1.0,N,234.0,66.0,1.0,14.0,1.0,0.5,3.66,0.0,0.3,21.96,2.5
2.0,"2019-08-29 19:52:12.000000","2019-08-29 20:09:35.000000",1.0,3.5,1.0,N,234.0,66.0,1.0,13.5,1.0,0.5,2.0,0.0,0.3,19.8,2.5
2.0,"2019-08-29 19:47:38.000000","2019-08-29 20:08:04.000000",3.0,5.51,1.0,N,234.0,66.0,1.0,19.0,1.0,0.5,5.82,0.0,0.3,29.12,2.5
2.0,"2019-08-29 22:49:02.000000","2019-08-29 23:10:39.000000",4.0,5.4,1.0,N,234.0,66.0,1.0,19.5,0.5,0.5,4.66,0.0,0.3,27.96,2.5
2.0,"2019-08-29 22:58:28.000000","2019-08-29 23:19:03.000000",1.0,3.36,1.0,N,234.0,66.0,1.0,15.0,0.5,0.5,3.76,0.0,0.3,22.56,2.5
1.0,"2019-08-30 01:48:16.000000","2019-08-30 02:03:58.000000",1.0,5.8,1.0,N,234.0,66.0,1.0,18.5,3.0,0.5,5.55,0.0,0.3,27.85,2.5
2.0,"2019-08-30 07:49:52.000000","2019-08-30 08:11:02.000000",1.0,5.86,1.0,N,234.0,66.0,1.0,21.0,0.0,0.5,2.0,0.0,0.3,26.3,2.5
2.0,"2019-08-30 12:46:25.000000","2019-08-30 13:09:11.000000",2.0,5.16,1.0,N,234.0,66.0,1.0,19.5,0.0,0.5,4.56,0.0,0.3,27.36,2.5
2.0,"2019-08-30 16:57:24.000000","2019-08-30 17:24:41.000000",1.0,6.23,1.0,N,234.0,66.0,1.0,23.0,1.0,0.5,2.0,0.0,0.3,29.3,2.5
2.0,"2019-08-30 18:16:40.000000","2019-08-30 18:37:06.000000",1.0,3.69,1.0,N,234.0,66.0,2.0,16.0,1.0,0.5,0.0,0.0,0.3,20.3,2.5
2.0,"2019-08-31 00:48:49.000000","2019-08-31 01:05:16.000000",1.0,5.81,1.0,N,234.0,66.0,1.0,19.0,0.5,0.5,2.28,0.0,0.3,25.08,2.5
2.0,"2019-08-31 11:31:50.000000","2019-08-31 11:48:46.000000",1.0,3.1,1.0,N,234.0,66.0,1.0,14.5,0.0,0.5,3.56,0.0,0.3,21.36,2.5
1.0,"2019-08-31 18:57:55.000000","2019-08-31 19:22:39.000000",1.0,4.1,1.0,N,234.0,66.0,1.0,18.0,2.5,0.5,4.25,0.0,0.3,25.55,2.5
2.0,"2019-08-31 21:51:00.000000","2019-08-31 22:11:07.000000",1.0,6.02,1.0,N,234.0,66.0,1.0,20.5,0.5,0.5,4.86,0.0,0.3,29.16,2.5
,"2019-08-17 10:58:00.000000","2019-08-17 11:20:00.000000",,4.59,,,234.0,66.0,,34.05,2.75,0.5,0.0,0.0,0.3,37.6,0.0
