1.0,"2019-08-01 00:00:43.000000","2019-08-01 00:27:19.000000",5.0,4.7,1.0,N,234.0,7.0,3.0,20.5,3.0,0.5,0.0,0.0,0.3,24.3,2.5
2.0,"2019-08-01 00:44:26.000000","2019-08-01 01:06:04.000000",2.0,5.25,1.0,N,234.0,7.0,1.0,19.0,0.5,0.5,3.2,0.0,0.3,26.0,2.5
1.0,"2019-08-01 00:17:31.000000","2019-08-01 00:42:28.000000",1.0,5.4,1.0,N,234.0,7.0,1.0,20.5,3.0,0.5,4.86,0.0,0.3,29.16,2.5
2.0,"2019-08-01 00:47:36.000000","2019-08-01 01:11:03.000000",1.0,6.07,1.0,N,234.0,7.0,1.0,21.0,0.5,0.5,3.0,0.0,0.3,27.8,2.5
2.0,"2019-08-01 02:13:03.000000","2019-08-01 02:31:42.000000",1.0,4.98,1.0,N,234.0,7.0,2.0,0.0,0.0,0.0,0.0,0.0,0.0,0.0,0.0
2.0,"2019-08-01 19:23:15.000000","2019-08-01 19:45:45.000000",1.0,8.3,1.0,N,234.0,7.0,1.0,25.5,1.0,0.5,8.98,6.12,0.3,44.9,2.5
2.0,"2019-08-01 20:31:14.000000","2019-08-01 20:58:52.000000",2.0,4.68,1.0,N,234.0,7.0,1.0,20.5,0.5,0.5,6.08,6.12,0.3,36.5,2.5
2.0,"2019-08-01 21:54:42.000000","2019-08-01 22:14:37.000000",1.0,8.4,1.0,N,234.0,7.0,1.0,25.5,0.5,0.5,3.0,6.12,0.3,38.42,2.5
2.0,"2019-08-01 21:51:35.000000","2019-08-01 22:17:58.000000",1.0,5.85,1.0,N,234.0,7.0,1.0,22.0,0.5,0.5,4.5,0.0,0.3,30.3,2.5
1.0,"2019-08-01 21:23:39.000000","2019-08-01 21:46:53.000000",0.0,5.3,1.0,N,234.0,7.0,1.0,20.0,3.0,0.5,7.45,6.12,0.3,37.37,2.5
2.0,"2019-08-01 22:14:59.000000","2019-08-01 22:46:42.000000",1.0,5.91,1.0,N,234.0,7.0,1.0,24.5,0.5,0.5,5.66,0.0,0.3,33.96,2.5
2.0,"2019-08-01 23:01:01.000000","2019-08-01 23:27:29.000000",5.0,5.08,1.0,N,234.0,7.0,1.0,20.5,0.5,0.5,2.0,0.0,0.3,26.3,2.5
2.0,"2019-08-01 23:11:17.000000","2019-08-01 23:45:30.000000",1.0,6.37,1.0,N,234.0,7.0,1.0,26.0,0.5,0.5,2.0,0.0,0.3,31.8,2.5
2.0,"2019-08-01 23:55:54.000000","2019-08-02 00:22:27.000000",1.0,5.92,1.0,N,234.0,7.0,2.0,22.0,0.5,0.5,0.0,0.0,0.3,25.8,2.5
2.0,"2019-08-02 00:52:18.000000","2019-08-02 01:16:52.000000",1.0,5.82,1.0,N,234.0,7.0,1.0,21.0,0.5,0.5,4.96,0.0,0.3,29.76,2.5
2.0,"2019-08-02 00:47:51.000000","2019-08-02 01:06:26.000000",1.0,5.29,1.0,N,234.0,7.0,1.0,18.5,0.5,0.5,4.46,0.0,0.3,26.76,2.5
2.0,"2019-08-02 00:47:03.000000","2019-08-02 01:19:07.000000",1.0,7.13,1.0,N,234.0,7.0,1.0,26.0,0.5,0.5,5.96,0.0,0.3,35.76,2.5
1.0,"2019-08-02 00:09:08.000000","2019-08-02 00:25:59.000000",1.0,4.8,1.0,N,234.0,7.0,1.0,16.5,3.0,0.5,5.05,0.0,0.3,25.35,2.5
2.0,"2019-08-02 01:49:25.000000","2019-08-02 02:04:19.000000",1.0,4.91,1.0,N,234.0,7.0,2.0,16.5,0.5,0.5,0.0,0.0,0.3,20.3,2.5
2.0,"2019-08-02 13:39:46.000000","2019-08-02 14:08:05.000000",1.0,5.03,1.0,N,234.0,7.0,1.0,22.0,0.0,0.5,5.06,0.0,0.3,30.36,2.5
2.0,"2019-08-02 18:43:44.000000","2019-08-02 19:13:14.000000",1.0,6.65,1.0,N,234.0,7.0,1.0,24.0,1.0,0.5,8.49,0.0,0.3,36.79,2.5
2.0,"2019-08-02 20:23:36.000000","2019-08-02 20:47:38.000000",1.0,5.19,1.0,N,234.0,7.0,1.0,19.5,0.5,0.5,6.99,0.0,0.3,30.29,2.5
2.0,"2019-08-02 20:32:34.000000","2019-08-02 20:53:10.000000",1.0,4.77,1.0,N,234.0,7.0,2.0,18.0,0.5,0.5,0.0,0.0,0.3,21.8,2.5
2.0,"2019-08-02 21:32:56.000000","2019-08-02 21:58:50.000000",1.0,5.23,1.0,N,234.0,7.0,1.0,20.0,0.5,0.5,6.0,0.0,0.3,29.8,2.5
2.0,"2019-08-02 23:39:32.000000","2019-08-03 00:03:15.000000",2.0,5.1,1.0,N,234.0,7.0,1.0,19.0,0.5,0.5,0.0,0.0,0.3,22.8,2.5
1.0,"2019-08-02 23:46:25.000000","2019-08-03 00:15:55.000000",1.0,6.4,1.0,N,234.0,7.0,1.0,23.5,3.0,0.5,5.0,0.0,0.3,32.3,2.5
2.0,"2019-08-02 23:51:16.000000","2019-08-03 00:15:48.000000",1.0,5.74,1.0,N,234.0,7.0,1.0,21.0,0.5,0.5,4.96,0.0,0.3,29.76,2.5
2.0,"2019-08-02 23:35:38.000000","2019-08-03 00:09:12.000000",2.0,6.56,1.0,N,234.0,7.0,1.0,26.0,0.5,0.5,7.45,0.0,0.3,37.25,2.5
2.0,"2019-08-02 23:11:36.000000","2019-08-02 23:47:01.000000",5.0,5.75,1.0,N,234.0,7.0,1.0,24.5,0.5,0.5,5.66,0.0,0.3,33.96,2.5
2.0,"2019-08-03 00:05:06.000000","2019-08-03 00:31:02.000000",1.0,5.82,1.0,N,234.0,7.0,1.0,21.5,0.5,0.5,4.5,0.0,0.3,29.8,2.5
2.0,"2019-08-03 00:38:09.000000","2019-08-03 01:00:28.000000",2.0,5.84,1.0,N,234.0,7.0,1.0,20.5,0.5,0.5,2.0,0.0,0.3,26.3,2.5
2.0,"2019-08-03 00:38:58.000000","2019-08-03 00:59:44.000000",1.0,5.56,1.0,N,234.0,7.0,1.0,19.0,0.5,0.5,6.84,0.0,0.3,29.64,2.5
1.0,"2019-08-03 01:12:59.000000","2019-08-03 01:30:20.000000",1.0,4.8,1.0,N,234.0,7.0,1.0,17.0,3.0,0.5,5.2,0.0,0.3,26.0,2.5
2.0,"2019-08-03 01:42:55.000000","2019-08-03 02:03:39.000000",1.0,6.09,1.0,N,234.0,7.0,1.0,21.0,0.5,0.5,4.96,0.0,0.3,29.76,2.5
1.0,"2019-08-03 01:29:06.000000","2019-08-03 01:44:52.000000",1.0,4.6,1.0,N,234.0,7.0,2.0,16.0,3.0,0.5,0.0,0.0,0.3,19.8,2.5
1.0,"2019-08-03 01:15:37.000000","2019-08-03 01:36:42.000000",1.0,5.3,1.0,N,234.0,7.0,1.0,19.0,3.0,0.5,4.0,0.0,0.3,26.8,2.5
2.0,"2019-08-03 03:15:08.000000","2019-08-03 03:39:33.000000",1.0,6.71,1.0,N,234.0,7.0,2.0,22.0,0.5,0.5,0.0,0.0,0.3,25.8,2.5
1.0,"2019-08-03 17:18:16.000000","2019-08-03 17:43:50.000000",2.0,5.5,1.0,N,234.0,7.0,1.0,21.5,2.5,0.5,4.95,0.0,0.3,29.75,2.5
1.0,"2019-08-03 18:33:15.000000","2019-08-03 18:51:02.000000",2.0,5.0,1.0,N,234.0,7.0,1.0,17.5,2.5,0.5,5.2,0.0,0.3,26.0,2.5
2.0,"2019-08-03 19:26:54.000000","2019-08-03 19:50:21.000000",1.0,5.38,1.0,N,234.0,7.0,1.0,20.0,0.0,0.5,3.5,0.0,0.3,26.8,2.5
2.0,"2019-08-03 20:42:27.000000","2019-08-03 21:06:34.000000",1.0,5.06,1.0,N,234.0,7.0,1.0,19.5,0.5,0.5,2.0,0.0,0.3,25.3,2.5
1.0,"2019-08-03 20:24:00.000000","2019-08-03 20:49:52.000000",1.0,5.7,1.0,N,234.0,7.0,1.0,21.0,3.0,0.5,4.0,0.0,0.3,28.8,2.5
2.0,"2019-08-03 22:38:46.000000","2019-08-03 23:38:44.000000",2.0,12.84,1.0,N,234.0,7.0,1.0,47.0,0.5,0.5,15.24,0.0,0.3,66.04,2.5
2.0,"2019-08-03 23:55:58.000000","2019-08-04 00:23:51.000000",6.0,6.56,1.0,N,234.0,7.0,1.0,23.0,0.5,0.5,5.36,0.0,0.3,32.16,2.5
2.0,"2019-08-03 23:43:29.000000","2019-08-04 00:21:08.000000",5.0,6.95,1.0,N,234.0,7.0,1.0,27.0,0.5,0.5,6.16,0.0,0.3,36.96,2.5
1.0,"2019-08-04 00:27:20.000000","2019-08-04 00:47:46.000000",4.0,5.0,1.0,N,234.0,7.0,1.0,18.0,3.0,0.5,5.45,0.0,0.3,27.25,2.5
2.0,"2019-08-04 01:45:32.000000","2019-08-04 02:04:08.000000",1.0,4.97,1.0,N,234.0,7.0,2.0,17.5,0.5,0.5,0.0,0.0,0.3,21.3,2.5
1.0,"2019-08-04 01:02:37.000000","2019-08-04 01:22:32.000000",1.0,5.2,1.0,N,234.0,7.0,2.0,18.5,3.0,0.5,0.0,0.0,0.3,22.3,2.5
1.0,"2019-08-04 02:22:27.000000","2019-08-04 02:40:36.000000",1.0,5.0,1.0,N,234.0,7.0,1.0,17.5,3.0,0.5,0.06,0.0,0.3,21.36,2.5
2.0,"2019-08-04 05:27:40.000000","2019-08-04 05:42:47.000000",1.0,5.67,1.0,N,234.0,7.0,2.0,18.0,0.5,0.5,0.0,0.0,0.3,21.8,2.5
2.0,"2019-08-04 13:00:42.000000","2019-08-04 13:24:01.000000",1.0,4.8,1.0,N,234.0,7.0,1.0,19.0,0.0,0.5,5.68,6.12,0.3,34.1,2.5
2.0,"2019-08-04 19:23:48.000000","2019-08-04 19:54:13.000000",1.0,6.22,1.0,N,234.0,7.0,1.0,24.0,0.0,0.5,2.0,0.0,0.3,29.3,2.5
1.0,"2019-08-04 23:30:30.000000","2019-08-04 23:51:55.000000",0.0,5.2,1.0,N,234.0,7.0,1.0,19.0,3.0,0.5,4.55,0.0,0.3,27.35,2.5
1.0,"2019-08-05 00:06:48.000000","2019-08-05 00:33:20.000000",1.0,6.1,1.0,N,234.0,7.0,2.0,22.5,3.0,0.5,0.0,0.0,0.3,26.3,2.5
1.0,"2019-08-05 01:14:07.000000","2019-08-05 01:33:57.000000",1.0,5.5,1.0,N,234.0,7.0,1.0,18.5,3.0,0.5,4.45,0.0,0.3,26.75,2.5
2.0,"2019-08-05 03:33:58.000000","2019-08-05 03:49:04.000000",1.0,5.96,1.0,N,234.0,7.0,1.0,18.5,0.5,0.5,5.58,0.0,0.3,27.88,2.5
1.0,"2019-08-05 15:52:01.000000","2019-08-05 16:19:10.000000",2.0,5.3,1.0,N,234.0,7.0,1.0,20.5,3.5,0.5,3.5,0.0,0.3,28.3,2.5
2.0,"2019-08-05 15:36:34.000000","2019-08-05 16:10:40.000000",1.0,4.9,1.0,N,234.0,7.0,2.0,23.0,0.0,0.5,0.0,6.12,0.3,32.42,2.5
2.0,"2019-08-05 22:50:55.000000","2019-08-05 23:15:53.000000",1.0,6.27,1.0,N,234.0,7.0,2.0,22.0,0.5,0.5,0.0,0.0,0.3,25.8,2.5
2.0,"2019-08-05 23:39:05.000000","2019-08-06 00:06:37.000000",5.0,6.89,1.0,N,234.0,7.0,1.0,24.0,0.5,0.5,8.34,0.0,0.3,36.14,2.5
2.0,"2019-08-06 00:27:33.000000","2019-08-06 00:46:59.000000",3.0,5.98,1.0,N,234.0,7.0,1.0,20.0,0.5,0.5,4.0,0.0,0.3,27.8,2.5
2.0,"2019-08-06 01:14:55.000000","2019-08-06 01:34:25.000000",2.0,5.04,1.0,N,234.0,7.0,1.0,18.5,0.5,0.5,0.0,0.0,0.3,22.3,2.5
2.0,"2019-08-06 17:41:19.000000","2019-08-06 18:15:05.000000",4.0,5.72,1.0,N,234.0,7.0,1.0,24.5,1.0,0.5,5.76,0.0,0.3,34.56,2.5
1.0,"2019-08-06 19:58:50.000000","2019-08-06 20:19:34.000000",6.0,5.0,1.0,N,234.0,7.0,1.0,18.5,3.0,0.5,2.5,0.0,0.3,24.8,2.5
2.0,"2019-08-06 19:33:23.000000","2019-08-06 19:59:38.000000",1.0,5.5,1.0,N,234.0,7.0,2.0,21.5,1.0,0.5,0.0,0.0,0.3,25.8,2.5
2.0,"2019-08-06 21:29:03.000000","2019-08-06 21:49:24.000000",5.0,5.31,1.0,N,234.0,7.0,1.0,19.0,0.5,0.5,4.56,0.0,0.3,27.36,2.5
2.0,"2019-08-06 22:28:25.000000","2019-08-06 22:48:21.000000",1.0,4.6,1.0,N,234.0,7.0,1.0,17.5,0.5,0.5,4.26,0.0,0.3,25.56,2.5
1.0,"2019-08-06 22:32:31.000000","2019-08-06 22:55:01.000000",1.0,8.3,1.0,N,234.0,7.0,1.0,25.5,3.0,0.5,7.05,6.12,0.3,42.47,2.5
2.0,"2019-08-06 23:11:30.000000","2019-08-06 23:31:39.000000",3.0,5.27,1.0,N,234.0,7.0,1.0,18.0,0.5,0.5,3.0,0.0,0.3,24.8,2.5
2.0,"2019-08-06 23:25:57.000000","2019-08-06 23:48:11.000000",1.0,5.3,1.0,N,234.0,7.0,1.0,19.5,0.5,0.5,4.66,0.0,0.3,27.96,2.5
2.0,"2019-08-07 00:15:31.000000","2019-08-07 00:32:59.000000",2.0,5.44,1.0,N,234.0,7.0,1.0,17.5,0.5,0.5,4.26,0.0,0.3,25.56,2.5
1.0,"2019-08-07 00:07:05.000000","2019-08-07 00:29:16.000000",1.0,5.9,1.0,N,234.0,7.0,1.0,20.0,3.0,0.5,4.75,0.0,0.3,28.55,2.5
2.0,"2019-08-07 00:54:26.000000","2019-08-07 01:16:58.000000",2.0,6.27,1.0,N,234.0,7.0,1.0,21.0,0.5,0.5,2.75,0.0,0.3,27.55,2.5
1.0,"2019-08-07 05:51:00.000000","2019-08-07 06:09:37.000000",1.0,5.4,1.0,N,234.0,7.0,2.0,19.0,2.5,0.5,0.0,0.0,0.3,22.3,2.5
1.0,"2019-08-07 13:58:53.000000","2019-08-07 14:34:53.000000",1.0,4.3,1.0,N,234.0,7.0,1.0,23.5,2.5,0.5,8.2,6.12,0.3,41.12,2.5
2.0,"2019-08-07 19:59:53.000000","2019-08-07 20:32:33.000000",1.0,5.34,1.0,N,234.0,7.0,1.0,23.5,1.0,0.5,6.78,6.12,0.3,40.7,2.5
1.0,"2019-08-07 19:57:21.000000","2019-08-07 20:20:12.000000",2.0,8.4,1.0,N,234.0,7.0,1.0,26.5,3.5,0.5,9.2,6.12,0.3,46.12,2.5
2.0,"2019-08-07 20:47:48.000000","2019-08-07 21:14:15.000000",1.0,5.01,1.0,N,234.0,7.0,1.0,20.5,0.5,0.5,4.86,0.0,0.3,29.16,2.5
2.0,"2019-08-07 20:04:12.000000","2019-08-07 20:34:15.000000",1.0,5.78,1.0,N,234.0,7.0,1.0,23.0,0.5,0.5,5.36,0.0,0.3,32.16,2.5
1.0,"2019-08-07 20:37:36.000000","2019-08-07 21:16:34.000000",2.0,7.0,1.0,N,234.0,7.0,1.0,28.5,3.0,0.5,8.05,0.0,0.3,40.35,2.5
2.0,"2019-08-07 21:57:45.000000","2019-08-07 22:16:38.000000",1.0,4.76,1.0,N,234.0,7.0,1.0,17.5,0.5,0.5,4.26,0.0,0.3,25.56,2.5
2.0,"2019-08-07 21:12:22.000000","2019-08-07 21:35:00.000000",1.0,5.25,1.0,N,234.0,7.0,1.0,19.0,0.5,0.5,2.5,0.0,0.3,25.3,2.5
2.0,"2019-08-07 21:41:13.000000","2019-08-07 22:06:52.000000",1.0,5.98,1.0,N,234.0,7.0,1.0,21.5,0.5,0.5,5.06,0.0,0.3,30.36,2.5
1.0,"2019-08-08 00:04:25.000000","2019-08-08 00:24:14.000000",1.0,5.0,1.0,N,234.0,7.0,1.0,18.0,3.0,0.5,1.0,0.0,0.3,22.8,2.5
2.0,"2019-08-08 00:48:23.000000","2019-08-08 01:04:06.000000",6.0,4.99,1.0,N,234.0,7.0,2.0,16.5,0.5,0.5,0.0,0.0,0.3,20.3,2.5
2.0,"2019-08-08 01:46:53.000000","2019-08-08 02:01:11.000000",2.0,4.94,1.0,N,234.0,7.0,2.0,16.0,0.5,0.5,0.0,0.0,0.3,19.8,2.5
1.0,"2019-08-08 01:17:13.000000","2019-08-08 01:36:42.000000",1.0,5.5,1.0,Y,234.0,7.0,2.0,19.5,3.0,0.5,0.0,0.0,0.3,23.3,2.5
2.0,"2019-08-08 11:41:47.000000","2019-08-08 12:09:42.000000",6.0,4.99,1.0,N,234.0,7.0,1.0,20.5,0.0,0.5,4.76,0.0,0.3,28.56,2.5
2.0,"2019-08-08 19:18:59.000000","2019-08-08 19:48:39.000000",1.0,5.71,1.0,N,234.0,7.0,1.0,23.5,1.0,0.5,6.95,0.0,0.3,34.75,2.5
1.0,"2019-08-08 19:30:19.000000","2019-08-08 19:57:25.000000",1.0,4.9,1.0,N,234.0,7.0,1.0,20.5,3.5,0.5,6.2,0.0,0.3,31.0,2.5
2.0,"2019-08-08 22:44:39.000000","2019-08-08 23:07:52.000000",3.0,5.96,1.0,N,234.0,7.0,1.0,20.5,0.5,0.5,4.86,0.0,0.3,29.16,2.5
1.0,"2019-08-08 22:52:31.000000","2019-08-08 23:21:23.000000",1.0,5.7,1.0,N,234.0,7.0,1.0,23.0,3.0,0.5,0.0,0.0,0.3,26.8,2.5
1.0,"2019-08-08 23:48:09.000000","2019-08-09 00:09:04.000000",1.0,4.9,1.0,N,234.0,7.0,1.0,19.0,3.0,0.5,1.0,0.0,0.3,23.8,2.5
1.0,"2019-08-09 00:01:28.000000","2019-08-09 00:23:34.000000",6.0,7.8,1.0,N,234.0,7.0,1.0,24.0,3.0,0.5,6.75,6.12,0.3,40.67,2.5
1.0,"2019-08-09 02:28:47.000000","2019-08-09 02:51:27.000000",2.0,5.8,1.0,N,234.0,7.0,1.0,20.5,3.0,0.5,6.05,0.0,0.3,30.35,2.5
2.0,"2019-08-09 01:56:20.000000","2019-08-09 02:16:33.000000",1.0,5.86,1.0,N,234.0,7.0,2.0,20.5,0.5,0.5,0.0,0.0,0.3,24.3,2.5
2.0,"2019-08-09 02:02:00.000000","2019-08-09 02:22:03.000000",1.0,6.47,1.0,N,234.0,7.0,1.0,21.0,0.5,0.5,4.96,0.0,0.3,29.76,2.5
2.0,"2019-08-09 02:13:52.000000","2019-08-09 02:33:20.000000",1.0,5.75,1.0,N,234.0,7.0,2.0,19.5,0.5,0.5,0.0,0.0,0.3,23.3,2.5
2.0,"2019-08-09 16:04:05.000000","2019-08-09 16:51:35.000000",1.0,5.65,1.0,N,234.0,7.0,1.0,29.0,1.0,0.5,6.66,0.0,0.3,39.96,2.5
2.0,"2019-08-09 18:48:40.000000","2019-08-09 19:24:27.000000",1.0,6.4,1.0,N,234.0,7.0,2.0,26.0,1.0,0.5,0.0,0.0,0.3,30.3,2.5
2.0,"2019-08-09 18:09:14.000000","2019-08-09 18:36:41.000000",1.0,5.78,1.0,N,234.0,7.0,1.0,22.0,1.0,0.5,2.63,0.0,0.3,30.88,2.5
1.0,"2019-08-09 20:23:36.000000","2019-08-09 20:49:17.000000",1.0,5.6,1.0,N,234.0,7.0,2.0,21.0,3.0,0.5,0.0,0.0,0.3,24.8,2.5
2.0,"2019-08-09 20:24:43.000000","2019-08-09 20:54:39.000000",2.0,5.49,1.0,N,234.0,7.0,1.0,23.5,0.5,0.5,2.5,0.0,0.3,29.8,2.5
1.0,"2019-08-09 21:09:46.000000","2019-08-09 21:39:59.000000",1.0,5.0,1.0,N,234.0,7.0,2.0,22.0,3.0,0.5,0.0,0.0,0.3,25.8,2.5
1.0,"2019-08-09 22:38:03.000000","2019-08-09 23:10:40.000000",1.0,6.6,1.0,N,234.0,7.0,1.0,24.0,3.0,0.5,5.55,0.0,0.3,33.35,2.5
2.0,"2019-08-09 22:42:54.000000","2019-08-09 23:15:54.000000",1.0,5.71,1.0,N,234.0,7.0,1.0,23.5,0.5,0.5,5.46,0.0,0.3,32.76,2.5
1.0,"2019-08-09 23:55:00.000000","2019-08-10 00:24:24.000000",2.0,5.9,1.0,N,234.0,7.0,1.0,23.5,3.0,0.5,2.0,0.0,0.3,29.3,2.5
2.0,"2019-08-09 23:11:46.000000","2019-08-09 23:43:30.000000",1.0,6.31,1.0,N,234.0,7.0,2.0,25.0,0.5,0.5,0.0,0.0,0.3,28.8,2.5
1.0,"2019-08-10 00:01:05.000000","2019-08-10 00:23:53.000000",1.0,5.5,1.0,N,234.0,7.0,1.0,20.0,3.0,0.5,4.75,0.0,0.3,28.55,2.5
1.0,"2019-08-10 00:50:09.000000","2019-08-10 01:08:45.000000",1.0,4.9,1.0,N,234.0,7.0,1.0,18.0,3.0,0.5,4.35,0.0,0.3,26.15,2.5
2.0,"2019-08-10 00:13:36.000000","2019-08-10 00:38:46.000000",2.0,5.46,1.0,N,234.0,7.0,2.0,20.5,0.5,0.5,0.0,0.0,0.3,24.3,2.5
1.0,"2019-08-10 02:29:25.000000","2019-08-10 02:52:14.000000",1.0,6.4,1.0,N,234.0,7.0,1.0,21.5,3.0,0.5,5.05,0.0,0.3,30.35,2.5
1.0,"2019-08-10 02:54:32.000000","2019-08-10 03:14:52.000000",2.0,5.4,1.0,N,234.0,7.0,1.0,18.5,3.0,0.5,4.45,0.0,0.3,26.75,2.5
2.0,"2019-08-10 03:00:14.000000","2019-08-10 03:16:15.000000",6.0,5.41,1.0,N,234.0,7.0,1.0,17.0,0.5,0.5,4.0,0.0,0.3,24.8,2.5
2.0,"2019-08-10 03:21:42.000000","2019-08-10 03:49:38.000000",3.0,7.61,1.0,N,234.0,7.0,2.0,25.5,0.5,0.5,0.0,0.0,0.3,29.3,2.5
2.0,"2019-08-10 04:37:08.000000","2019-08-10 04:56:38.000000",2.0,6.28,1.0,N,234.0,7.0,2.0,21.0,0.5,0.5,0.0,0.0,0.3,24.8,2.5
1.0,"2019-08-10 04:30:49.000000","2019-08-10 04:47:33.000000",1.0,5.2,1.0,N,234.0,7.0,1.0,18.0,3.0,0.5,5.45,0.0,0.3,27.25,2.5
2.0,"2019-08-10 05:02:48.000000","2019-08-10 05:22:25.000000",1.0,5.92,1.0,N,234.0,7.0,1.0,19.5,0.5,0.5,0.0,0.0,0.3,23.3,2.5
1.0,"2019-08-10 13:40:34.000000","2019-08-10 14:00:08.000000",1.0,5.0,1.0,N,234.0,7.0,3.0,18.0,2.5,0.5,0.0,0.0,0.3,21.3,2.5
2.0,"2019-08-10 18:26:34.000000","2019-08-10 18:54:54.000000",2.0,6.47,1.0,N,234.0,7.0,1.0,24.0,0.0,0.5,4.5,0.0,0.3,31.8,2.5
1.0,"2019-08-10 18:32:30.000000","2019-08-10 19:03:05.000000",1.0,6.1,1.0,N,234.0,7.0,1.0,24.5,2.5,0.5,5.55,0.0,0.3,33.35,2.5
1.0,"2019-08-10 19:25:53.000000","2019-08-10 19:49:10.000000",1.0,5.3,1.0,N,234.0,7.0,1.0,19.5,2.5,0.5,4.55,0.0,0.3,27.35,2.5
2.0,"2019-08-10 20:06:58.000000","2019-08-10 20:28:12.000000",1.0,4.97,1.0,N,234.0,7.0,1.0,18.5,0.5,0.5,4.46,0.0,0.3,26.76,2.5
2.0,"2019-08-10 20:24:41.000000","2019-08-10 20:47:56.000000",5.0,5.43,1.0,N,234.0,7.0,1.0,20.0,0.5,0.5,4.76,0.0,0.3,28.56,2.5
2.0,"2019-08-10 21:29:08.000000","2019-08-10 21:55:46.000000",1.0,6.38,1.0,N,234.0,7.0,2.0,22.5,0.5,0.5,0.0,0.0,0.3,26.3,2.5
1.0,"2019-08-10 22:01:48.000000","2019-08-10 22:26:38.000000",1.0,5.9,1.0,N,234.0,7.0,2.0,21.5,3.0,0.5,0.0,0.0,0.3,25.3,2.5
1.0,"2019-08-10 22:28:37.000000","2019-08-10 22:55:37.000000",1.0,5.6,1.0,N,234.0,7.0,1.0,22.0,3.0,0.5,2.0,0.0,0.3,27.8,2.5
1.0,"2019-08-10 23:23:56.000000","2019-08-10 23:54:25.000000",2.0,5.1,1.0,N,234.0,7.0,1.0,22.5,3.0,0.5,4.0,0.0,0.3,30.3,2.5
2.0,"2019-08-10 23:23:15.000000","2019-08-10 23:53:15.000000",1.0,4.78,1.0,N,234.0,7.0,1.0,21.5,0.5,0.5,5.06,0.0,0.3,30.36,2.5
2.0,"2019-08-11 00:00:57.000000","2019-08-11 00:22:38.000000",4.0,5.24,1.0,N,234.0,7.0,2.0,19.5,0.5,0.5,0.0,0.0,0.3,23.3,2.5
2.0,"2019-08-11 01:13:34.000000","2019-08-11 01:31:00.000000",1.0,4.89,1.0,N,234.0,7.0,1.0,16.5,0.5,0.5,4.0,0.0,0.3,24.3,2.5
1.0,"2019-08-11 01:03:46.000000","2019-08-11 01:26:47.000000",2.0,5.5,1.0,N,234.0,7.0,1.0,19.5,3.0,0.5,5.8,0.0,0.3,29.1,2.5
2.0,"2019-08-11 01:04:46.000000","2019-08-11 01:26:20.000000",1.0,5.33,1.0,N,234.0,7.0,2.0,19.0,0.5,0.5,0.0,0.0,0.3,22.8,2.5
2.0,"2019-08-11 00:58:58.000000","2019-08-11 01:19:49.000000",1.0,5.81,1.0,N,234.0,7.0,1.0,19.5,0.5,0.5,0.0,0.0,0.3,23.3,2.5
2.0,"2019-08-11 02:45:46.000000","2019-08-11 03:10:32.000000",1.0,10.93,1.0,N,234.0,7.0,1.0,33.0,0.5,0.5,7.36,0.0,0.3,44.16,2.5
2.0,"2019-08-11 02:41:11.000000","2019-08-11 02:56:12.000000",2.0,5.28,1.0,N,234.0,7.0,2.0,16.5,0.5,0.5,0.0,0.0,0.3,20.3,2.5
2.0,"2019-08-11 02:41:17.000000","2019-08-11 03:01:40.000000",1.0,5.77,1.0,N,234.0,7.0,1.0,19.5,0.5,0.5,5.83,0.0,0.3,29.13,2.5
1.0,"2019-08-11 03:25:05.000000","2019-08-11 03:44:53.000000",2.0,5.5,1.0,N,234.0,7.0,1.0,19.5,3.0,0.5,4.65,0.0,0.3,27.95,2.5
2.0,"2019-08-11 04:50:43.000000","2019-08-11 05:07:24.000000",6.0,5.72,1.0,N,234.0,7.0,2.0,18.5,0.5,0.5,0.0,0.0,0.3,22.3,2.5
2.0,"2019-08-11 04:31:26.000000","2019-08-11 04:46:03.000000",6.0,5.65,1.0,N,234.0,7.0,2.0,18.0,0.5,0.5,0.0,0.0,0.3,21.8,2.5
1.0,"2019-08-11 05:36:17.000000","2019-08-11 05:54:30.000000",1.0,6.1,1.0,N,234.0,7.0,2.0,20.0,3.0,0.5,0.0,0.0,0.3,23.8,2.5
2.0,"2019-08-11 08:08:13.000000","2019-08-11 08:29:28.000000",1.0,6.44,1.0,N,234.0,7.0,1.0,21.5,0.0,0.5,4.96,0.0,0.3,29.76,2.5
2.0,"2019-08-11 15:02:13.000000","2019-08-11 15:24:45.000000",1.0,4.96,1.0,N,234.0,7.0,1.0,19.0,0.0,0.5,4.46,0.0,0.3,26.76,2.5
1.0,"2019-08-11 20:00:00.000000","2019-08-11 20:21:09.000000",4.0,4.6,1.0,N,234.0,7.0,1.0,18.0,3.0,0.5,4.35,0.0,0.3,26.15,2.5
2.0,"2019-08-11 22:58:59.000000","2019-08-11 23:27:58.000000",5.0,6.38,1.0,N,234.0,7.0,1.0,24.0,0.5,0.5,5.56,0.0,0.3,33.36,2.5
2.0,"2019-08-12 00:56:35.000000","2019-08-12 01:16:00.000000",2.0,5.39,1.0,N,234.0,7.0,1.0,18.5,0.5,0.5,4.0,0.0,0.3,26.3,2.5
2.0,"2019-08-12 00:38:14.000000","2019-08-12 00:57:47.000000",2.0,5.82,1.0,N,234.0,7.0,1.0,19.5,0.5,0.5,4.66,0.0,0.3,27.96,2.5
2.0,"2019-08-12 13:10:05.000000","2019-08-12 13:46:19.000000",1.0,6.17,1.0,N,234.0,7.0,1.0,26.0,0.0,0.5,4.0,0.0,0.3,33.3,2.5
2.0,"2019-08-12 15:58:34.000000","2019-08-12 16:23:34.000000",5.0,5.13,1.0,N,234.0,7.0,1.0,20.0,0.0,0.5,4.66,0.0,0.3,27.96,2.5
2.0,"2019-08-12 15:19:23.000000","2019-08-12 15:45:05.000000",5.0,5.05,1.0,N,234.0,7.0,2.0,20.5,0.0,0.5,0.0,0.0,0.3,23.8,2.5
2.0,"2019-08-12 19:36:54.000000","2019-08-12 20:04:43.000000",2.0,5.59,1.0,N,234.0,7.0,1.0,22.0,1.0,0.5,0.0,6.12,0.3,32.42,2.5
2.0,"2019-08-12 20:45:00.000000","2019-08-12 21:04:01.000000",1.0,8.05,1.0,N,234.0,7.0,1.0,24.5,0.5,0.5,8.61,6.12,0.3,43.03,2.5
2.0,"2019-08-12 20:10:48.000000","2019-08-12 20:45:15.000000",1.0,6.14,1.0,N,234.0,7.0,2.0,25.0,0.5,0.5,0.0,0.0,0.3,28.8,2.5
1.0,"2019-08-12 21:32:47.000000","2019-08-12 21:56:27.000000",1.0,5.5,1.0,N,234.0,7.0,1.0,20.5,3.0,0.5,4.85,0.0,0.3,29.15,2.5
1.0,"2019-08-12 22:24:20.000000","2019-08-12 22:44:41.000000",1.0,5.0,1.0,N,234.0,7.0,1.0,18.0,3.0,0.5,4.35,0.0,0.3,26.15,2.5
1.0,"2019-08-12 23:22:53.000000","2019-08-12 23:54:18.000000",1.0,5.5,1.0,N,234.0,7.0,3.0,21.0,3.0,0.5,0.0,0.0,0.3,24.8,2.5
2.0,"2019-08-13 01:48:07.000000","2019-08-13 02:07:19.000000",1.0,6.23,1.0,N,234.0,7.0,1.0,20.5,0.5,0.5,7.0,0.0,0.3,31.3,2.5
2.0,"2019-08-13 01:04:47.000000","2019-08-13 01:27:22.000000",1.0,9.83,1.0,N,234.0,7.0,1.0,29.0,0.5,0.5,7.78,6.12,0.3,46.7,2.5
2.0,"2019-08-13 03:06:38.000000","2019-08-13 03:24:20.000000",1.0,5.25,1.0,N,234.0,7.0,1.0,18.0,0.5,0.5,2.7,0.0,0.3,24.5,2.5
1.0,"2019-08-13 11:24:32.000000","2019-08-13 11:53:10.000000",1.0,8.5,1.0,N,234.0,7.0,1.0,29.0,2.5,0.5,8.0,6.12,0.3,46.42,2.5
1.0,"2019-08-13 16:31:31.000000","2019-08-13 16:54:58.000000",1.0,4.7,1.0,N,234.0,7.0,1.0,18.5,3.5,0.5,2.0,0.0,0.3,24.8,2.5
1.0,"2019-08-13 16:12:45.000000","2019-08-13 16:41:13.000000",1.0,5.1,1.0,N,234.0,7.0,1.0,21.5,3.5,0.5,5.16,0.0,0.3,30.96,2.5
2.0,"2019-08-13 20:51:39.000000","2019-08-13 21:13:47.000000",2.0,5.02,1.0,N,234.0,7.0,1.0,19.0,0.5,0.5,4.56,0.0,0.3,27.36,2.5
2.0,"2019-08-13 20:21:39.000000","2019-08-13 20:43:09.000000",2.0,5.02,1.0,N,234.0,7.0,1.0,19.0,0.5,0.5,2.0,0.0,0.3,24.8,2.5
2.0,"2019-08-13 20:14:55.000000","2019-08-13 20:38:00.000000",1.0,5.15,1.0,N,234.0,7.0,1.0,19.0,0.5,0.5,4.56,0.0,0.3,27.36,2.5
2.0,"2019-08-13 20:11:28.000000","2019-08-13 20:33:29.000000",2.0,4.9,1.0,N,234.0,7.0,1.0,18.5,0.5,0.5,4.46,0.0,0.3,26.76,2.5
2.0,"2019-08-13 21:10:18.000000","2019-08-13 21:32:42.000000",1.0,5.2,1.0,N,234.0,7.0,1.0,19.5,0.5,0.5,4.66,0.0,0.3,27.96,2.5
1.0,"2019-08-13 21:30:16.000000","2019-08-13 22:02:32.000000",0.0,9.5,1.0,N,234.0,7.0,1.0,31.0,3.0,0.5,10.2,6.12,0.3,51.12,2.5
1.0,"2019-08-13 21:48:08.000000","2019-08-13 22:05:41.000000",1.0,5.4,1.0,N,234.0,7.0,1.0,17.5,3.0,0.5,3.0,0.0,0.3,24.3,2.5
2.0,"2019-08-13 22:47:25.000000","2019-08-13 23:15:29.000000",1.0,6.78,1.0,N,234.0,7.0,1.0,24.0,0.5,0.5,10.0,0.0,0.3,37.8,2.5
2.0,"2019-08-13 22:31:16.000000","2019-08-13 22:51:59.000000",3.0,5.48,1.0,N,234.0,7.0,1.0,19.0,0.5,0.5,4.56,0.0,0.3,27.36,2.5
2.0,"2019-08-13 23:31:33.000000","2019-08-14 00:01:30.000000",2.0,5.71,1.0,N,234.0,7.0,1.0,23.0,0.5,0.5,5.36,0.0,0.3,32.16,2.5
2.0,"2019-08-13 23:31:42.000000","2019-08-13 23:52:16.000000",1.0,4.88,1.0,N,234.0,7.0,1.0,17.5,0.5,0.5,1.0,0.0,0.3,22.3,2.5
1.0,"2019-08-14 00:39:56.000000","2019-08-14 00:58:29.000000",1.0,5.0,1.0,N,234.0,7.0,2.0,17.5,3.0,0.5,0.0,0.0,0.3,21.3,2.5
1.0,"2019-08-14 02:31:24.000000","2019-08-14 02:48:51.000000",1.0,5.1,1.0,N,234.0,7.0,2.0,17.5,3.0,0.5,0.0,0.0,0.3,21.3,2.5
2.0,"2019-08-14 05:12:48.000000","2019-08-14 05:28:42.000000",1.0,5.46,1.0,N,234.0,7.0,1.0,18.0,0.5,0.5,4.36,0.0,0.3,26.16,2.5
2.0,"2019-08-14 13:11:04.000000","2019-08-14 13:41:37.000000",1.0,4.98,1.0,N,234.0,7.0,1.0,22.5,0.0,0.5,5.16,0.0,0.3,30.96,2.5
2.0,"2019-08-14 14:59:09.000000","2019-08-14 15:36:03.000000",1.0,5.96,1.0,N,234.0,7.0,2.0,25.5,0.0,0.5,0.0,0.0,0.3,28.8,2.5
2.0,"2019-08-14 20:36:25.000000","2019-08-14 20:57:12.000000",1.0,4.71,1.0,N,234.0,7.0,1.0,17.5,0.5,0.5,5.48,6.12,0.3,32.9,2.5
2.0,"2019-08-14 20:03:56.000000","2019-08-14 20:38:22.000000",1.0,5.97,1.0,N,234.0,7.0,1.0,25.5,0.5,0.5,3.0,0.0,0.3,32.3,2.5
2.0,"2019-08-14 22:33:45.000000","2019-08-14 22:55:53.000000",1.0,5.55,1.0,N,234.0,7.0,1.0,20.5,0.5,0.5,4.86,0.0,0.3,29.16,2.5
2.0,"2019-08-14 22:47:51.000000","2019-08-14 23:07:00.000000",1.0,5.06,1.0,N,234.0,7.0,1.0,17.5,0.5,0.5,3.0,0.0,0.3,24.3,2.5
2.0,"2019-08-14 22:38:44.000000","2019-08-14 22:56:49.000000",1.0,5.38,1.0,N,234.0,7.0,2.0,18.5,0.5,0.5,0.0,0.0,0.3,22.3,2.5
2.0,"2019-08-14 22:50:49.000000","2019-08-14 23:08:40.000000",1.0,5.1,1.0,N,234.0,7.0,1.0,18.0,0.5,0.5,3.0,0.0,0.3,24.8,2.5
2.0,"2019-08-14 23:36:07.000000","2019-08-15 00:03:59.000000",1.0,6.68,1.0,N,234.0,7.0,1.0,24.0,0.5,0.5,10.0,0.0,0.3,37.8,2.5
2.0,"2019-08-14 23:28:57.000000","2019-08-14 23:47:43.000000",1.0,4.72,1.0,N,234.0,7.0,1.0,17.0,0.5,0.5,3.0,0.0,0.3,23.8,2.5
2.0,"2019-08-14 23:15:32.000000","2019-08-14 23:37:59.000000",1.0,4.98,1.0,N,234.0,7.0,1.0,19.5,0.5,0.5,4.66,0.0,0.3,27.96,2.5
1.0,"2019-08-14 23:54:21.000000","2019-08-15 00:14:48.000000",1.0,5.2,1.0,N,234.0,7.0,1.0,18.5,3.0,0.5,4.45,0.0,0.3,26.75,2.5
1.0,"2019-08-15 00:22:36.000000","2019-08-15 00:38:14.000000",1.0,4.9,1.0,N,234.0,7.0,1.0,16.0,3.0,0.5,3.95,0.0,0.3,23.75,2.5
1.0,"2019-08-15 01:12:10.000000","2019-08-15 01:33:40.000000",1.0,5.3,1.0,N,234.0,7.0,1.0,19.5,3.0,0.5,3.5,0.0,0.3,26.8,2.5
2.0,"2019-08-15 01:40:20.000000","2019-08-15 01:59:04.000000",2.0,5.52,1.0,N,234.0,7.0,2.0,18.0,0.5,0.5,0.0,0.0,0.3,21.8,2.5
1.0,"2019-08-15 05:04:28.000000","2019-08-15 05:20:11.000000",1.0,5.7,1.0,N,234.0,7.0,1.0,19.0,3.0,0.5,4.55,0.0,0.3,27.35,2.5
2.0,"2019-08-15 08:49:56.000000","2019-08-15 09:28:18.000000",1.0,5.39,1.0,N,234.0,7.0,1.0,26.5,0.0,0.5,7.45,0.0,0.3,39.2,2.5
1.0,"2019-08-15 09:50:38.000000","2019-08-15 10:32:45.000000",2.0,5.9,1.0,N,234.0,7.0,1.0,29.0,2.5,0.5,6.45,0.0,0.3,38.75,2.5
2.0,"2019-08-15 19:18:42.000000","2019-08-15 19:40:54.000000",1.0,4.88,1.0,N,234.0,7.0,1.0,19.0,1.0,0.5,4.66,0.0,0.3,27.96,2.5
2.0,"2019-08-15 21:36:43.000000","2019-08-15 22:09:12.000000",2.0,6.4,1.0,N,234.0,7.0,1.0,25.0,0.5,0.5,2.0,0.0,0.3,30.8,2.5
1.0,"2019-08-15 22:12:12.000000","2019-08-15 22:35:19.000000",1.0,5.5,1.0,N,234.0,7.0,1.0,20.5,3.0,0.5,4.85,0.0,0.3,29.15,2.5
1.0,"2019-08-15 22:46:37.000000","2019-08-15 23:07:22.000000",1.0,8.2,1.0,Y,234.0,7.0,1.0,25.5,3.0,0.5,8.85,6.12,0.3,44.27,2.5
2.0,"2019-08-15 22:45:53.000000","2019-08-15 23:06:15.000000",1.0,5.09,1.0,N,234.0,7.0,1.0,18.5,0.5,0.5,4.46,0.0,0.3,26.76,2.5
1.0,"2019-08-15 23:36:36.000000","2019-08-16 00:14:53.000000",3.0,6.5,1.0,N,234.0,7.0,2.0,26.5,3.0,0.5,0.0,0.0,0.3,30.3,2.5
1.0,"2019-08-15 23:36:25.000000","2019-08-15 23:55:50.000000",3.0,8.3,1.0,N,234.0,7.0,2.0,25.5,3.0,0.5,0.0,6.12,0.3,35.42,2.5
2.0,"2019-08-15 22:55:45.000000","2019-08-15 23:35:37.000000",1.0,5.84,1.0,N,234.0,7.0,1.0,28.0,0.5,0.5,6.36,0.0,0.3,38.16,2.5
1.0,"2019-08-16 00:36:46.000000","2019-08-16 01:17:17.000000",2.0,4.7,1.0,N,234.0,7.0,1.0,25.5,3.0,0.5,1.0,0.0,0.3,30.3,2.5
2.0,"2019-08-16 01:21:31.000000","2019-08-16 01:39:39.000000",1.0,5.61,1.0,N,234.0,7.0,1.0,18.5,0.5,0.5,3.0,0.0,0.3,25.3,2.5
1.0,"2019-08-16 01:15:38.000000","2019-08-16 01:38:17.000000",1.0,6.8,1.0,N,234.0,7.0,1.0,22.5,3.0,0.5,10.0,0.0,0.3,36.3,2.5
1.0,"2019-08-16 02:33:18.000000","2019-08-16 02:47:31.000000",1.0,4.9,1.0,N,234.0,7.0,1.0,16.0,3.0,0.5,3.95,0.0,0.3,23.75,2.5
2.0,"2019-08-16 02:22:25.000000","2019-08-16 02:46:58.000000",1.0,6.48,1.0,N,234.0,7.0,2.0,23.0,0.5,0.5,0.0,0.0,0.3,26.8,2.5
2.0,"2019-08-16 19:21:41.000000","2019-08-16 19:43:36.000000",2.0,5.35,1.0,N,234.0,7.0,1.0,19.5,1.0,0.5,7.14,0.0,0.3,30.94,2.5
1.0,"2019-08-16 19:58:13.000000","2019-08-16 20:21:02.000000",1.0,5.2,1.0,N,234.0,7.0,1.0,19.5,3.0,0.5,2.5,0.0,0.3,25.8,2.5
1.0,"2019-08-16 19:48:17.000000","2019-08-16 20:08:11.000000",1.0,4.3,1.0,N,234.0,7.0,1.0,17.0,3.5,0.5,3.0,6.12,0.3,30.42,2.5
2.0,"2019-08-16 19:09:24.000000","2019-08-16 19:45:57.000000",1.0,7.1,1.0,N,234.0,7.0,2.0,28.0,1.0,0.5,0.0,0.0,0.3,32.3,2.5
1.0,"2019-08-16 20:44:06.000000","2019-08-16 21:02:22.000000",4.0,4.9,1.0,N,234.0,7.0,1.0,17.5,3.0,0.5,4.25,0.0,0.3,25.55,2.5
2.0,"2019-08-16 21:41:35.000000","2019-08-16 22:03:50.000000",3.0,4.92,1.0,N,234.0,7.0,1.0,19.5,0.5,0.5,2.0,0.0,0.3,25.3,2.5
2.0,"2019-08-16 22:16:37.000000","2019-08-16 22:50:40.000000",1.0,5.42,1.0,N,234.0,7.0,1.0,25.5,0.5,0.5,5.86,0.0,0.3,35.16,2.5
1.0,"2019-08-16 22:25:29.000000","2019-08-16 22:49:07.000000",2.0,5.0,1.0,N,234.0,7.0,1.0,19.0,3.0,0.5,4.56,0.0,0.3,27.36,2.5
2.0,"2019-08-16 22:30:18.000000","2019-08-16 23:00:46.000000",1.0,5.78,1.0,N,234.0,7.0,1.0,24.0,0.5,0.5,5.56,0.0,0.3,33.36,2.5
2.0,"2019-08-16 22:30:05.000000","2019-08-16 22:59:46.000000",2.0,5.55,1.0,N,234.0,7.0,1.0,22.5,0.5,0.5,5.26,0.0,0.3,31.56,2.5
2.0,"2019-08-16 22:17:42.000000","2019-08-16 22:44:44.000000",2.0,4.47,1.0,N,234.0,7.0,1.0,20.0,0.5,0.5,4.0,0.0,0.3,27.8,2.5
1.0,"2019-08-16 23:21:26.000000","2019-08-16 23:46:45.000000",2.0,5.4,1.0,N,234.0,7.0,2.0,21.0,3.0,0.5,0.0,0.0,0.3,24.8,2.5
2.0,"2019-08-16 23:34:08.000000","2019-08-17 00:02:52.000000",1.0,6.21,1.0,N,234.0,7.0,1.0,22.5,0.5,0.5,7.89,0.0,0.3,34.19,2.5
2.0,"2019-08-16 23:17:25.000000","2019-08-16 23:40:12.000000",1.0,5.16,1.0,N,234.0,7.0,1.0,19.0,0.5,0.5,1.0,0.0,0.3,23.8,2.5
2.0,"2019-08-17 01:16:00.000000","2019-08-17 01:42:50.000000",1.0,5.69,1.0,N,234.0,7.0,1.0,21.5,0.5,0.5,6.32,0.0,0.3,31.62,2.5
2.0,"2019-08-17 01:40:11.000000","2019-08-17 01:56:01.000000",1.0,5.52,1.0,N,234.0,7.0,2.0,17.5,0.5,0.5,0.0,0.0,0.3,21.3,2.5
1.0,"2019-08-17 02:44:22.000000","2019-08-17 03:01:00.000000",1.0,4.9,1.0,N,234.0,7.0,2.0,17.0,3.0,0.5,0.0,0.0,0.3,20.8,2.5
2.0,"2019-08-17 06:54:32.000000","2019-08-17 07:15:20.000000",1.0,6.23,1.0,N,234.0,7.0,2.0,21.0,0.0,0.5,0.0,0.0,0.3,24.3,2.5
2.0,"2019-08-17 19:45:34.000000","2019-08-17 20:05:57.000000",1.0,5.13,1.0,N,234.0,7.0,1.0,19.0,0.0,0.5,4.46,0.0,0.3,26.76,2.5
1.0,"2019-08-17 22:58:25.000000","2019-08-17 23:29:52.000000",1.0,6.3,1.0,N,234.0,7.0,1.0,25.0,3.0,0.5,5.75,0.0,0.3,34.55,2.5
1.0,"2019-08-17 22:45:37.000000","2019-08-17 23:11:41.000000",2.0,6.5,1.0,N,234.0,7.0,2.0,22.5,3.0,0.5,0.0,0.0,0.3,26.3,2.5
1.0,"2019-08-17 22:18:31.000000","2019-08-17 22:44:24.000000",1.0,5.0,1.0,N,234.0,7.0,1.0,20.0,3.0,0.5,4.75,0.0,0.3,28.55,2.5
2.0,"2019-08-18 00:44:32.000000","2019-08-18 01:02:35.000000",1.0,4.81,1.0,N,234.0,7.0,1.0,17.0,0.5,0.5,4.16,0.0,0.3,24.96,2.5
1.0,"2019-08-18 00:15:07.000000","2019-08-18 00:42:52.000000",4.0,6.1,1.0,N,234.0,7.0,1.0,23.0,3.0,0.5,5.35,0.0,0.3,32.15,2.5
2.0,"2019-08-18 00:32:12.000000","2019-08-18 00:56:05.000000",1.0,5.42,1.0,N,234.0,7.0,1.0,20.0,0.5,0.5,1.0,0.0,0.3,24.8,2.5
1.0,"2019-08-18 01:14:37.000000","2019-08-18 01:40:16.000000",1.0,6.1,1.0,N,234.0,7.0,1.0,22.0,3.0,0.5,3.0,0.0,0.3,28.8,2.5
2.0,"2019-08-18 01:50:26.000000","2019-08-18 02:15:48.000000",1.0,10.34,1.0,N,234.0,7.0,2.0,31.5,0.5,0.5,0.0,0.0,0.3,35.3,2.5
1.0,"2019-08-18 01:51:25.000000","2019-08-18 02:14:57.000000",2.0,6.5,1.0,N,234.0,7.0,1.0,21.5,3.0,0.5,5.05,0.0,0.3,30.35,2.5
1.0,"2019-08-18 01:39:30.000000","2019-08-18 02:02:36.000000",1.0,6.2,1.0,N,234.0,7.0,1.0,21.0,3.0,0.5,2.0,0.0,0.3,26.8,2.5
2.0,"2019-08-18 03:42:19.000000","2019-08-18 04:08:09.000000",1.0,5.73,1.0,N,234.0,7.0,1.0,22.0,0.5,0.5,1.0,0.0,0.3,26.8,2.5
2.0,"2019-08-18 04:22:35.000000","2019-08-18 04:41:32.000000",1.0,5.33,1.0,N,234.0,7.0,1.0,18.5,0.5,0.5,4.46,0.0,0.3,26.76,2.5
2.0,"2019-08-18 04:30:52.000000","2019-08-18 04:49:55.000000",1.0,6.01,1.0,N,234.0,7.0,2.0,19.5,0.5,0.5,0.0,0.0,0.3,23.3,2.5
2.0,"2019-08-18 04:56:50.000000","2019-08-18 05:12:57.000000",6.0,5.64,1.0,N,234.0,7.0,2.0,18.5,0.5,0.5,0.0,0.0,0.3,22.3,2.5
2.0,"2019-08-18 11:15:56.000000","2019-08-18 11:36:30.000000",5.0,6.17,1.0,N,234.0,7.0,2.0,20.0,0.0,0.5,0.0,0.0,0.3,23.3,2.5
2.0,"2019-08-18 13:08:11.000000","2019-08-18 13:34:22.000000",1.0,5.48,1.0,N,234.0,7.0,1.0,21.5,0.0,0.5,6.2,0.0,0.3,31.0,2.5
2.0,"2019-08-18 20:28:33.000000","2019-08-18 20:49:37.000000",2.0,5.19,1.0,N,234.0,7.0,1.0,19.0,0.5,0.5,6.84,0.0,0.3,29.64,2.5
2.0,"2019-08-18 23:33:44.000000","2019-08-18 23:55:03.000000",1.0,5.84,1.0,N,234.0,7.0,1.0,19.5,0.5,0.5,4.0,0.0,0.3,27.3,2.5
2.0,"2019-08-19 03:27:36.000000","2019-08-19 03:42:36.000000",1.0,5.24,1.0,N,234.0,7.0,2.0,17.0,0.5,0.5,0.0,0.0,0.3,20.8,2.5
2.0,"2019-08-19 03:02:26.000000","2019-08-19 03:21:04.000000",1.0,5.64,1.0,N,234.0,7.0,2.0,19.0,0.5,0.5,0.0,0.0,0.3,22.8,2.5
2.0,"2019-08-19 13:59:00.000000","2019-08-19 14:36:08.000000",1.0,6.06,1.0,N,234.0,7.0,2.0,26.5,0.0,0.5,0.0,0.0,0.3,29.8,2.5
1.0,"2019-08-19 17:25:24.000000","2019-08-19 17:56:24.000000",0.0,5.8,1.0,N,234.0,7.0,1.0,22.5,3.5,0.5,6.55,6.12,0.3,39.47,2.5
1.0,"2019-08-19 21:28:14.000000","2019-08-19 21:55:10.000000",1.0,6.0,1.0,N,234.0,7.0,1.0,22.5,3.0,0.5,2.0,6.12,0.3,34.42,2.5
2.0,"2019-08-19 23:00:55.000000","2019-08-19 23:27:53.000000",1.0,5.71,1.0,N,234.0,7.0,1.0,22.0,0.5,0.5,5.16,0.0,0.3,30.96,2.5
2.0,"2019-08-19 22:20:14.000000","2019-08-19 22:40:31.000000",2.0,5.11,1.0,N,234.0,7.0,1.0,18.5,0.5,0.5,4.46,0.0,0.3,26.76,2.5
1.0,"2019-08-20 00:25:26.000000","2019-08-20 00:44:56.000000",1.0,5.1,1.0,N,234.0,7.0,1.0,18.5,3.0,0.5,4.45,0.0,0.3,26.75,2.5
2.0,"2019-08-20 00:53:11.000000","2019-08-20 01:14:43.000000",1.0,5.99,1.0,N,234.0,7.0,1.0,20.5,0.5,0.5,6.08,0.0,0.3,30.38,2.5
1.0,"2019-08-20 06:58:05.000000","2019-08-20 07:19:17.000000",1.0,5.0,1.0,N,234.0,7.0,2.0,18.5,2.5,0.5,0.0,0.0,0.3,21.8,2.5
2.0,"2019-08-20 11:53:42.000000","2019-08-20 12:27:46.000000",1.0,5.61,1.0,N,234.0,7.0,2.0,24.5,0.0,0.5,0.0,0.0,0.3,27.8,2.5
2.0,"2019-08-20 15:30:14.000000","2019-08-20 16:02:20.000000",1.0,5.95,1.0,N,234.0,7.0,1.0,23.5,0.0,0.5,5.36,0.0,0.3,32.16,2.5
1.0,"2019-08-20 16:11:53.000000","2019-08-20 16:42:06.000000",1.0,4.8,1.0,N,234.0,7.0,1.0,22.0,3.5,0.5,2.0,0.0,0.3,28.3,2.5
2.0,"2019-08-20 19:38:51.000000","2019-08-20 19:59:43.000000",1.0,5.08,1.0,N,234.0,7.0,1.0,19.0,1.0,0.5,4.66,0.0,0.3,27.96,2.5
1.0,"2019-08-20 21:19:27.000000","2019-08-20 21:44:41.000000",1.0,5.6,1.0,N,234.0,7.0,1.0,20.5,3.0,0.5,1.7,0.0,0.3,26.0,2.5
2.0,"2019-08-20 22:04:41.000000","2019-08-20 22:25:17.000000",1.0,4.99,1.0,N,234.0,7.0,1.0,18.5,3.0,0.5,4.46,0.0,0.3,26.76,0.0
2.0,"2019-08-20 22:21:53.000000","2019-08-20 22:44:23.000000",1.0,5.6,1.0,N,234.0,7.0,1.0,20.0,0.5,0.5,2.5,0.0,0.3,26.3,2.5
2.0,"2019-08-20 22:42:00.000000","2019-08-20 23:01:22.000000",1.0,5.06,1.0,N,234.0,7.0,1.0,18.0,0.5,0.5,4.36,0.0,0.3,26.16,2.5
2.0,"2019-08-20 23:20:26.000000","2019-08-20 23:37:14.000000",1.0,4.83,1.0,N,234.0,7.0,1.0,17.0,0.5,0.5,3.0,0.0,0.3,23.8,2.5
2.0,"2019-08-20 23:50:12.000000","2019-08-21 00:12:19.000000",1.0,4.99,1.0,N,234.0,7.0,1.0,18.5,0.5,0.5,4.46,0.0,0.3,26.76,2.5
2.0,"2019-08-20 23:46:31.000000","2019-08-21 00:11:13.000000",1.0,5.66,1.0,N,234.0,7.0,1.0,21.5,0.5,0.5,5.06,0.0,0.3,30.36,2.5
2.0,"2019-08-20 23:06:22.000000","2019-08-20 23:37:40.000000",2.0,5.0,1.0,N,234.0,7.0,1.0,23.0,0.5,0.5,5.36,0.0,0.3,32.16,2.5
1.0,"2019-08-21 02:09:05.000000","2019-08-21 02:27:07.000000",1.0,5.3,1.0,N,234.0,7.0,1.0,18.0,3.0,0.5,4.35,0.0,0.3,26.15,2.5
1.0,"2019-08-21 02:27:34.000000","2019-08-21 02:49:36.000000",1.0,6.6,1.0,N,234.0,7.0,1.0,22.0,3.0,0.5,5.15,0.0,0.3,30.95,2.5
1.0,"2019-08-21 05:41:44.000000","2019-08-21 06:02:18.000000",1.0,5.3,1.0,N,234.0,7.0,2.0,19.0,3.0,0.5,0.0,0.0,0.3,22.8,2.5
2.0,"2019-08-21 20:02:52.000000","2019-08-21 20:35:02.000000",1.0,6.6,1.0,N,234.0,7.0,1.0,24.5,0.5,0.5,7.08,0.0,0.3,35.38,2.5
2.0,"2019-08-21 21:36:54.000000","2019-08-21 21:55:49.000000",1.0,5.17,1.0,N,234.0,7.0,1.0,18.0,0.5,0.5,4.36,0.0,0.3,26.16,2.5
2.0,"2019-08-21 21:46:33.000000","2019-08-21 22:12:46.000000",1.0,6.08,1.0,N,234.0,7.0,1.0,22.0,0.5,0.5,2.5,0.0,0.3,28.3,2.5
1.0,"2019-08-21 22:39:50.000000","2019-08-21 23:09:26.000000",3.0,6.7,1.0,N,234.0,7.0,2.0,25.5,3.0,0.5,0.0,0.0,0.3,29.3,2.5
1.0,"2019-08-21 22:36:15.000000","2019-08-21 22:53:52.000000",1.0,4.7,1.0,N,234.0,7.0,1.0,16.5,3.0,0.5,2.5,0.0,0.3,22.8,2.5
1.0,"2019-08-22 01:59:14.000000","2019-08-22 02:20:19.000000",0.0,5.7,1.0,N,234.0,7.0,1.0,19.5,3.0,0.5,5.0,0.0,0.3,28.3,2.5
2.0,"2019-08-22 18:05:30.000000","2019-08-22 18:43:33.000000",1.0,6.76,1.0,N,234.0,7.0,1.0,27.5,1.0,0.5,0.0,0.0,0.3,31.8,2.5
2.0,"2019-08-22 20:43:11.000000","2019-08-22 21:07:57.000000",1.0,4.55,1.0,N,234.0,7.0,1.0,19.0,0.5,0.5,4.56,0.0,0.3,27.36,2.5
2.0,"2019-08-22 21:20:34.000000","2019-08-22 21:46:30.000000",1.0,5.96,1.0,N,234.0,7.0,1.0,21.5,0.5,0.5,0.25,0.0,0.3,27.5,2.5
2.0,"2019-08-22 21:21:24.000000","2019-08-22 21:47:24.000000",1.0,8.82,1.0,N,234.0,7.0,1.0,27.5,0.5,0.5,7.48,6.12,0.3,44.9,2.5
1.0,"2019-08-22 22:49:44.000000","2019-08-22 23:34:00.000000",1.0,5.7,1.0,N,234.0,7.0,1.0,29.5,3.0,0.5,6.65,0.0,0.3,39.95,2.5
2.0,"2019-08-22 22:39:13.000000","2019-08-22 23:37:08.000000",1.0,5.58,1.0,N,234.0,7.0,1.0,35.0,0.5,0.5,3.0,0.0,0.3,41.8,2.5
2.0,"2019-08-22 22:01:11.000000","2019-08-22 22:25:53.000000",1.0,5.28,1.0,N,234.0,7.0,1.0,20.5,0.5,0.5,6.08,0.0,0.3,30.38,2.5
2.0,"2019-08-22 22:16:55.000000","2019-08-22 22:59:13.000000",1.0,5.79,1.0,N,234.0,7.0,1.0,27.5,0.5,0.5,6.26,0.0,0.3,37.56,2.5
2.0,"2019-08-22 23:51:08.000000","2019-08-23 00:25:08.000000",1.0,5.44,1.0,N,234.0,7.0,1.0,23.5,0.5,0.5,5.46,0.0,0.3,32.76,2.5
2.0,"2019-08-23 00:42:14.000000","2019-08-23 01:04:13.000000",5.0,5.84,1.0,N,234.0,7.0,1.0,19.5,0.5,0.5,4.66,0.0,0.3,27.96,2.5
2.0,"2019-08-23 00:48:38.000000","2019-08-23 01:29:45.000000",1.0,5.22,1.0,N,234.0,7.0,2.0,27.0,0.5,0.5,0.0,0.0,0.3,30.8,2.5
2.0,"2019-08-23 00:00:54.000000","2019-08-23 00:27:00.000000",1.0,5.29,1.0,N,234.0,7.0,1.0,19.5,0.5,0.5,4.66,0.0,0.3,27.96,2.5
2.0,"2019-08-23 03:09:52.000000","2019-08-23 03:25:14.000000",1.0,5.6,1.0,N,234.0,7.0,1.0,17.5,0.5,0.5,7.0,0.0,0.3,28.3,2.5
2.0,"2019-08-23 03:23:45.000000","2019-08-23 03:44:07.000000",1.0,6.52,1.0,N,234.0,7.0,1.0,20.5,0.5,0.5,3.0,0.0,0.3,27.3,2.5
2.0,"2019-08-23 15:40:49.000000","2019-08-23 16:08:50.000000",1.0,4.77,1.0,N,234.0,7.0,1.0,21.0,0.0,0.5,4.86,0.0,0.3,29.16,2.5
1.0,"2019-08-23 15:25:28.000000","2019-08-23 16:08:02.000000",1.0,6.0,1.0,N,234.0,7.0,2.0,28.5,2.5,0.5,0.0,0.0,0.3,31.8,2.5
2.0,"2019-08-23 16:52:18.000000","2019-08-23 17:23:38.000000",1.0,5.45,1.0,N,234.0,7.0,2.0,23.0,1.0,0.5,0.0,0.0,0.3,27.3,2.5
1.0,"2019-08-23 17:07:08.000000","2019-08-23 17:33:10.000000",2.0,4.9,1.0,N,234.0,7.0,1.0,20.0,3.5,0.5,4.85,0.0,0.3,29.15,2.5
2.0,"2019-08-23 19:51:25.000000","2019-08-23 20:13:35.000000",1.0,5.27,1.0,N,234.0,7.0,1.0,19.5,1.0,0.5,5.95,0.0,0.3,29.75,2.5
2.0,"2019-08-23 15:19:58.000000","2019-08-23 15:43:07.000000",1.0,8.18,1.0,N,234.0,7.0,1.0,26.0,1.0,0.5,7.28,6.12,0.3,43.7,2.5
2.0,"2019-08-23 21:59:48.000000","2019-08-23 22:28:14.000000",2.0,5.99,1.0,N,234.0,7.0,2.0,22.5,0.5,0.5,0.0,0.0,0.3,26.3,2.5
1.0,"2019-08-23 21:47:33.000000","2019-08-23 22:12:44.000000",1.0,5.9,1.0,N,234.0,7.0,1.0,21.5,3.0,0.5,5.05,0.0,0.3,30.35,2.5
2.0,"2019-08-23 21:52:48.000000","2019-08-23 22:20:43.000000",6.0,5.87,1.0,N,234.0,7.0,1.0,23.0,0.5,0.5,4.0,0.0,0.3,30.8,2.5
2.0,"2019-08-23 21:36:59.000000","2019-08-23 22:06:43.000000",1.0,6.18,1.0,N,234.0,7.0,1.0,24.0,0.5,0.5,0.0,0.0,0.3,27.8,2.5
2.0,"2019-08-23 22:10:53.000000","2019-08-23 22:34:18.000000",1.0,5.21,1.0,N,234.0,7.0,1.0,20.0,0.5,0.5,7.14,0.0,0.3,30.94,2.5
2.0,"2019-08-23 22:41:36.000000","2019-08-23 23:09:30.000000",1.0,6.1,1.0,N,234.0,7.0,1.0,23.0,0.5,0.5,5.36,0.0,0.3,32.16,2.5
2.0,"2019-08-23 22:44:17.000000","2019-08-23 23:16:50.000000",1.0,5.74,1.0,N,234.0,7.0,1.0,25.0,0.5,0.5,5.76,0.0,0.3,34.56,2.5
2.0,"2019-08-23 23:16:43.000000","2019-08-23 23:44:49.000000",1.0,7.51,1.0,N,234.0,7.0,1.0,24.5,0.5,0.5,0.0,0.0,0.3,28.3,2.5
1.0,"2019-08-23 23:57:47.000000","2019-08-24 00:31:57.000000",1.0,6.4,1.0,Y,234.0,7.0,1.0,25.0,3.0,0.5,7.2,0.0,0.3,36.0,2.5
2.0,"2019-08-24 00:21:59.000000","2019-08-24 00:41:12.000000",1.0,5.34,1.0,N,234.0,7.0,1.0,18.0,0.5,0.5,2.0,0.0,0.3,23.8,2.5
1.0,"2019-08-24 00:14:31.000000","2019-08-24 00:37:36.000000",1.0,5.7,1.0,N,234.0,7.0,1.0,19.5,3.0,0.5,5.8,0.0,0.3,29.1,2.5
2.0,"2019-08-24 00:07:44.000000","2019-08-24 00:33:49.000000",1.0,6.22,1.0,N,234.0,7.0,1.0,22.0,0.5,0.5,5.16,0.0,0.3,30.96,2.5
2.0,"2019-08-24 00:25:14.000000","2019-08-24 00:56:19.000000",1.0,5.39,1.0,N,234.0,7.0,2.0,23.0,0.5,0.5,0.0,0.0,0.3,26.8,2.5
2.0,"2019-08-24 00:01:38.000000","2019-08-24 00:42:00.000000",1.0,6.21,1.0,N,234.0,7.0,1.0,27.0,0.5,0.5,6.16,0.0,0.3,36.96,2.5
1.0,"2019-08-24 01:25:32.000000","2019-08-24 01:56:24.000000",1.0,5.7,1.0,N,234.0,7.0,2.0,23.5,3.0,0.5,0.0,0.0,0.3,27.3,2.5
2.0,"2019-08-24 01:55:27.000000","2019-08-24 02:10:32.000000",1.0,5.2,1.0,N,234.0,7.0,1.0,16.5,0.5,0.5,4.06,0.0,0.3,24.36,2.5
2.0,"2019-08-24 01:12:27.000000","2019-08-24 01:29:35.000000",5.0,4.98,1.0,N,234.0,7.0,1.0,17.0,0.5,0.5,3.12,0.0,0.3,23.92,2.5
1.0,"2019-08-24 02:16:01.000000","2019-08-24 02:34:04.000000",1.0,5.2,1.0,N,234.0,7.0,1.0,17.5,3.0,0.5,2.0,0.0,0.3,23.3,2.5
1.0,"2019-08-24 03:01:53.000000","2019-08-24 03:21:05.000000",1.0,5.8,1.0,N,234.0,7.0,1.0,19.5,3.0,0.5,6.95,0.0,0.3,30.25,2.5
1.0,"2019-08-24 04:13:38.000000","2019-08-24 04:34:13.000000",1.0,5.5,1.0,N,234.0,7.0,1.0,19.5,3.0,0.5,4.65,0.0,0.3,27.95,2.5
1.0,"2019-08-24 10:56:20.000000","2019-08-24 11:23:15.000000",1.0,6.1,1.0,N,234.0,7.0,1.0,23.0,2.5,0.5,5.25,0.0,0.3,31.55,2.5
2.0,"2019-08-24 13:36:13.000000","2019-08-24 13:58:45.000000",1.0,5.39,1.0,N,234.0,7.0,1.0,19.5,0.0,0.5,4.56,0.0,0.3,27.36,2.5
1.0,"2019-08-24 13:24:54.000000","2019-08-24 13:49:49.000000",3.0,5.7,1.0,N,234.0,7.0,1.0,21.5,2.5,0.5,4.95,0.0,0.3,29.75,2.5
2.0,"2019-08-24 20:14:17.000000","2019-08-24 20:37:10.000000",2.0,8.46,1.0,N,234.0,7.0,1.0,26.0,0.5,0.5,2.5,6.12,0.3,38.42,2.5
2.0,"2019-08-24 21:37:20.000000","2019-08-24 22:06:52.000000",1.0,5.64,1.0,N,234.0,7.0,1.0,23.0,0.5,0.5,5.36,0.0,0.3,32.16,2.5
2.0,"2019-08-24 22:47:03.000000","2019-08-24 23:13:46.000000",3.0,6.03,1.0,N,234.0,7.0,1.0,22.0,0.5,0.5,5.16,0.0,0.3,30.96,2.5
2.0,"2019-08-24 21:58:46.000000","2019-08-24 22:31:18.000000",1.0,5.87,1.0,N,234.0,7.0,1.0,24.5,0.5,0.5,5.66,0.0,0.3,33.96,2.5
1.0,"2019-08-24 23:58:21.000000","2019-08-25 00:18:17.000000",2.0,4.7,1.0,N,234.0,7.0,1.0,18.0,3.0,0.5,4.35,0.0,0.3,26.15,2.5
2.0,"2019-08-24 23:04:03.000000","2019-08-24 23:27:42.000000",1.0,8.3,1.0,N,234.0,7.0,2.0,26.0,0.5,0.5,0.0,6.12,0.3,35.92,2.5
1.0,"2019-08-25 00:13:40.000000","2019-08-25 00:42:07.000000",1.0,5.3,1.0,N,234.0,7.0,1.0,21.5,3.0,0.5,6.3,0.0,0.3,31.6,2.5
2.0,"2019-08-25 01:51:53.000000","2019-08-25 02:09:44.000000",1.0,5.51,1.0,N,234.0,7.0,2.0,18.0,0.5,0.5,0.0,0.0,0.3,21.8,2.5
2.0,"2019-08-25 02:58:54.000000","2019-08-25 03:25:58.000000",1.0,7.5,1.0,N,234.0,7.0,1.0,25.0,0.5,0.5,5.76,0.0,0.3,34.56,2.5
1.0,"2019-08-25 03:40:00.000000","2019-08-25 04:16:13.000000",1.0,8.6,1.0,N,234.0,7.0,1.0,31.0,3.0,0.5,6.95,0.0,0.3,41.75,2.5
2.0,"2019-08-25 03:41:18.000000","2019-08-26 02:27:13.000000",2.0,5.43,1.0,N,234.0,7.0,2.0,17.5,0.5,0.5,0.0,0.0,0.3,21.3,2.5
2.0,"2019-08-25 04:55:26.000000","2019-08-25 05:10:34.000000",2.0,5.51,1.0,N,234.0,7.0,2.0,17.5,0.5,0.5,0.0,0.0,0.3,21.3,2.5
2.0,"2019-08-25 04:15:59.000000","2019-08-25 04:31:49.000000",1.0,5.17,1.0,N,234.0,7.0,2.0,17.5,0.5,0.5,0.0,0.0,0.3,21.3,2.5
2.0,"2019-08-25 05:06:58.000000","2019-08-25 05:22:12.000000",1.0,5.51,1.0,N,234.0,7.0,1.0,17.5,0.5,0.5,4.0,0.0,0.3,25.3,2.5
2.0,"2019-08-25 05:03:58.000000","2019-08-25 05:18:04.000000",1.0,5.55,1.0,N,234.0,7.0,2.0,17.0,0.5,0.5,0.0,0.0,0.3,20.8,2.5
2.0,"2019-08-25 21:36:16.000000","2019-08-25 22:04:00.000000",2.0,4.81,1.0,N,234.0,7.0,1.0,20.0,0.5,0.5,4.76,0.0,0.3,28.56,2.5
1.0,"2019-08-26 00:46:33.000000","2019-08-26 01:13:36.000000",2.0,6.4,1.0,N,234.0,7.0,1.0,23.0,3.0,0.5,2.5,0.0,0.3,29.3,2.5
2.0,"2019-08-26 01:17:06.000000","2019-08-26 01:32:52.000000",5.0,5.81,1.0,N,234.0,7.0,1.0,18.0,0.5,0.5,4.36,0.0,0.3,26.16,2.5
1.0,"2019-08-26 14:43:44.000000","2019-08-26 15:28:42.000000",1.0,7.6,1.0,N,234.0,7.0,1.0,32.0,2.5,0.5,7.05,0.0,0.3,42.35,2.5
2.0,"2019-08-26 16:46:29.000000","2019-08-26 17:15:44.000000",2.0,5.77,1.0,N,234.0,7.0,1.0,22.5,1.0,0.5,5.36,0.0,0.3,32.16,2.5
2.0,"2019-08-26 19:41:29.000000","2019-08-26 20:06:53.000000",1.0,6.57,1.0,N,234.0,7.0,1.0,22.5,1.0,0.5,5.36,0.0,0.3,32.16,2.5
2.0,"2019-08-26 19:54:07.000000","2019-08-26 20:15:57.000000",1.0,4.99,1.0,N,234.0,7.0,1.0,19.0,1.0,0.5,7.0,0.0,0.3,30.3,2.5
2.0,"2019-08-26 21:40:43.000000","2019-08-26 22:03:20.000000",1.0,5.72,1.0,N,234.0,7.0,1.0,19.5,0.5,0.5,4.66,0.0,0.3,27.96,2.5
2.0,"2019-08-26 21:55:15.000000","2019-08-26 22:19:48.000000",1.0,5.17,1.0,N,234.0,7.0,1.0,20.5,0.5,0.5,4.86,0.0,0.3,29.16,2.5
1.0,"2019-08-27 00:47:53.000000","2019-08-27 01:11:23.000000",2.0,5.4,1.0,N,234.0,7.0,1.0,20.0,3.0,0.5,4.75,0.0,0.3,28.55,2.5
1.0,"2019-08-27 12:25:33.000000","2019-08-27 13:09:51.000000",1.0,6.5,1.0,N,234.0,7.0,1.0,30.5,2.5,0.5,5.0,0.0,0.3,38.8,2.5
2.0,"2019-08-27 13:15:06.000000","2019-08-27 13:41:21.000000",1.0,8.46,1.0,N,234.0,7.0,1.0,27.5,0.0,0.5,9.23,6.12,0.3,46.15,2.5
1.0,"2019-08-27 20:06:33.000000","2019-08-27 20:30:41.000000",1.0,5.2,1.0,N,234.0,7.0,1.0,20.0,3.0,0.5,2.38,0.0,0.3,26.18,2.5
2.0,"2019-08-27 20:52:35.000000","2019-08-27 21:17:24.000000",2.0,5.66,1.0,N,234.0,7.0,2.0,20.5,0.5,0.5,0.0,0.0,0.3,24.3,2.5
1.0,"2019-08-27 23:01:47.000000","2019-08-27 23:35:23.000000",2.0,5.8,1.0,N,234.0,7.0,1.0,25.5,3.0,0.5,4.0,0.0,0.3,33.3,2.5
2.0,"2019-08-27 23:13:42.000000","2019-08-27 23:36:05.000000",1.0,5.04,1.0,N,234.0,7.0,1.0,19.0,0.5,0.5,4.56,0.0,0.3,27.36,2.5
2.0,"2019-08-28 00:21:47.000000","2019-08-28 00:52:35.000000",1.0,6.44,1.0,N,234.0,7.0,1.0,24.0,0.5,0.5,8.34,0.0,0.3,36.14,2.5
1.0,"2019-08-28 00:05:40.000000","2019-08-28 00:29:38.000000",1.0,5.8,1.0,N,234.0,7.0,1.0,21.0,3.0,0.5,6.2,0.0,0.3,31.0,2.5
2.0,"2019-08-28 00:02:23.000000","2019-08-28 00:25:34.000000",5.0,5.51,1.0,N,234.0,7.0,2.0,20.0,0.5,0.5,0.0,0.0,0.3,23.8,2.5
2.0,"2019-08-28 02:01:04.000000","2019-08-28 02:21:31.000000",1.0,5.02,1.0,N,234.0,7.0,2.0,19.0,0.5,0.5,0.0,0.0,0.3,22.8,2.5
1.0,"2019-08-28 15:14:24.000000","2019-08-28 15:57:06.000000",1.0,6.8,1.0,N,234.0,7.0,2.0,29.5,2.5,0.5,0.0,0.0,0.3,32.8,2.5
1.0,"2019-08-28 20:03:30.000000","2019-08-28 20:31:31.000000",1.0,5.4,1.0,N,234.0,7.0,1.0,22.0,3.0,0.5,5.15,0.0,0.3,30.95,2.5
2.0,"2019-08-28 20:04:46.000000","2019-08-28 20:35:05.000000",2.0,5.88,1.0,N,234.0,7.0,1.0,23.5,0.5,0.5,5.46,0.0,0.3,32.76,2.5
1.0,"2019-08-28 21:45:51.000000","2019-08-28 22:21:28.000000",1.0,6.5,1.0,N,234.0,7.0,1.0,27.0,3.0,0.5,6.15,0.0,0.3,36.95,2.5
2.0,"2019-08-28 21:38:20.000000","2019-08-28 22:07:27.000000",1.0,5.89,1.0,N,234.0,7.0,1.0,23.0,0.5,0.5,5.36,0.0,0.3,32.16,2.5
2.0,"2019-08-28 21:06:05.000000","2019-08-28 21:22:02.000000",1.0,3.48,1.0,N,234.0,7.0,1.0,14.0,0.5,0.5,5.34,0.0,0.3,23.14,2.5
1.0,"2019-08-28 22:45:36.000000","2019-08-28 23:09:15.000000",1.0,5.6,1.0,N,234.0,7.0,1.0,21.0,3.0,0.5,4.95,0.0,0.3,29.75,2.5
2.0,"2019-08-28 23:26:33.000000","2019-08-28 23:58:58.000000",1.0,4.93,1.0,N,234.0,7.0,2.0,23.0,0.5,0.5,0.0,0.0,0.3,26.8,2.5
1.0,"2019-08-28 23:08:39.000000","2019-08-28 23:30:13.000000",0.0,6.3,1.0,N,234.0,7.0,1.0,20.5,3.0,0.5,6.05,0.0,0.3,30.35,2.5
2.0,"2019-08-28 23:04:17.000000","2019-08-28 23:31:14.000000",2.0,6.48,1.0,N,234.0,7.0,1.0,22.5,0.5,0.5,3.94,0.0,0.3,30.24,2.5
2.0,"2019-08-29 00:20:02.000000","2019-08-29 00:43:59.000000",1.0,5.97,1.0,N,234.0,7.0,1.0,21.0,0.5,0.5,4.96,0.0,0.3,29.76,2.5
2.0,"2019-08-29 02:34:30.000000","2019-08-29 02:49:06.000000",1.0,4.95,1.0,N,234.0,7.0,2.0,16.5,0.5,0.5,0.0,0.0,0.3,20.3,2.5
2.0,"2019-08-29 12:48:57.000000","2019-08-29 13:33:35.000000",1.0,6.06,1.0,N,234.0,7.0,1.0,30.0,0.0,0.5,6.66,0.0,0.3,39.96,2.5
2.0,"2019-08-29 19:49:32.000000","2019-08-29 20:18:13.000000",2.0,5.51,1.0,N,234.0,7.0,1.0,22.5,1.0,0.5,5.36,0.0,0.3,32.16,2.5
2.0,"2019-08-29 21:34:16.000000","2019-08-29 22:04:10.000000",1.0,6.34,1.0,N,234.0,7.0,1.0,24.0,0.5,0.5,3.0,0.0,0.3,30.8,2.5
2.0,"2019-08-29 22:24:57.000000","2019-08-29 22:55:09.000000",1.0,6.84,1.0,N,234.0,7.0,1.0,25.0,0.5,0.5,5.76,0.0,0.3,34.56,2.5
1.0,"2019-08-29 22:16:16.000000","2019-08-29 22:51:41.000000",1.0,7.3,1.0,N,234.0,7.0,1.0,27.5,3.0,0.5,6.25,0.0,0.3,37.55,2.5
2.0,"2019-08-29 23:20:44.000000","2019-08-29 23:42:16.000000",1.0,5.44,1.0,N,234.0,7.0,1.0,19.0,0.5,0.5,3.42,0.0,0.3,26.22,2.5
1.0,"2019-08-29 23:25:41.000000","2019-08-29 23:48:22.000000",1.0,4.8,1.0,N,234.0,7.0,1.0,19.0,3.0,0.5,4.55,0.0,0.3,27.35,2.5
2.0,"2019-08-30 00:46:43.000000","2019-08-30 01:14:37.000000",2.0,6.42,1.0,N,234.0,7.0,1.0,23.5,0.5,0.5,1.0,0.0,0.3,28.3,2.5
1.0,"2019-08-30 00:41:39.000000","2019-08-30 00:57:47.000000",1.0,4.7,1.0,N,234.0,7.0,1.0,16.0,3.0,0.5,2.5,0.0,0.3,22.3,2.5
1.0,"2019-08-30 06:28:18.000000","2019-08-30 06:51:18.000000",1.0,5.7,1.0,N,234.0,7.0,1.0,21.5,2.5,0.5,2.0,0.0,0.3,26.8,2.5
2.0,"2019-08-30 18:31:42.000000","2019-08-30 18:57:14.000000",1.0,7.76,1.0,N,234.0,7.0,1.0,26.5,1.0,0.5,7.38,6.12,0.3,44.3,2.5
2.0,"2019-08-30 18:35:32.000000","2019-08-30 18:56:47.000000",5.0,5.45,1.0,N,234.0,7.0,1.0,19.0,1.0,0.5,4.66,0.0,0.3,27.96,2.5
1.0,"2019-08-30 19:37:44.000000","2019-08-30 20:09:53.000000",1.0,6.3,1.0,N,234.0,7.0,4.0,24.5,3.5,0.5,0.0,0.0,0.3,28.8,2.5
2.0,"2019-08-30 21:09:38.000000","2019-08-30 21:31:46.000000",1.0,5.38,1.0,N,234.0,7.0,1.0,20.0,0.5,0.5,5.95,0.0,0.3,29.75,2.5
2.0,"2019-08-30 22:51:34.000000","2019-08-30 23:30:27.000000",1.0,6.3,1.0,N,234.0,7.0,1.0,27.5,0.5,0.5,8.0,0.0,0.3,39.3,2.5
2.0,"2019-08-30 23:28:42.000000","2019-08-31 00:10:03.000000",1.0,5.43,1.0,N,234.0,7.0,1.0,27.0,0.5,0.5,6.16,0.0,0.3,36.96,2.5
1.0,"2019-08-30 23:07:05.000000","2019-08-30 23:41:48.000000",1.0,5.4,1.0,N,234.0,7.0,1.0,24.5,3.0,0.5,5.65,0.0,0.3,33.95,2.5
2.0,"2019-08-31 00:06:24.000000","2019-08-31 00:30:00.000000",1.0,5.34,1.0,N,234.0,7.0,1.0,20.0,0.5,0.5,5.95,0.0,0.3,29.75,2.5
2.0,"2019-08-31 00:18:40.000000","2019-08-31 00:55:28.000000",2.0,6.11,1.0,N,234.0,7.0,1.0,27.5,0.5,0.5,2.0,0.0,0.3,33.3,2.5
1.0,"2019-08-31 02:47:37.000000","2019-08-31 03:04:38.000000",1.0,5.5,1.0,N,234.0,7.0,1.0,17.5,3.0,0.5,4.0,0.0,0.3,25.3,2.5
2.0,"2019-08-31 04:00:04.000000","2019-08-31 04:17:26.000000",1.0,4.87,1.0,N,234.0,7.0,2.0,17.0,0.5,0.5,0.0,0.0,0.3,20.8,2.5
2.0,"2019-08-31 03:19:58.000000","2019-08-31 03:36:26.000000",6.0,5.39,1.0,N,234.0,7.0,2.0,17.5,0.5,0.5,0.0,0.0,0.3,21.3,2.5
2.0,"2019-08-31 02:51:57.000000","2019-08-31 03:10:10.000000",1.0,5.66,1.0,N,234.0,7.0,1.0,18.5,0.5,0.5,4.46,0.0,0.3,26.76,2.5
2.0,"2019-08-31 05:35:15.000000","2019-08-31 05:52:10.000000",2.0,5.82,1.0,N,234.0,7.0,2.0,18.5,0.5,0.5,0.0,0.0,0.3,22.3,2.5
1.0,"2019-08-31 10:14:06.000000","2019-08-31 10:37:42.000000",1.0,6.2,1.0,N,234.0,7.0,1.0,21.0,2.5,0.5,3.0,0.0,0.3,27.3,2.5
1.0,"2019-08-31 21:57:17.000000","2019-08-31 22:24:41.000000",1.0,5.6,1.0,N,234.0,7.0,3.0,21.5,3.0,0.5,0.0,0.0,0.3,25.3,2.5
2.0,"2019-08-31 21:57:56.000000","2019-08-31 22:24:30.000000",1.0,4.8,1.0,N,234.0,7.0,1.0,20.0,0.5,0.5,5.95,0.0,0.3,29.75,2.5
2.0,"2019-08-31 22:16:34.000000","2019-08-31 22:44:03.000000",1.0,6.29,1.0,N,234.0,7.0,1.0,22.5,0.5,0.5,2.63,0.0,0.3,28.93,2.5
