2.0,"2019-08-04 06:54:56.000000","2019-08-04 07:12:53.000000",2.0,9.22,1.0,N,234.0,70.0,1.0,26.5,0.0,0.5,6.6,6.12,0.3,42.52,2.5
2.0,"2019-08-06 11:50:34.000000","2019-08-06 12:14:59.000000",1.0,9.39,1.0,N,234.0,70.0,2.0,29.5,0.0,0.5,0.0,6.12,0.3,38.92,2.5
1.0,"2019-08-08 12:38:50.000000","2019-08-08 13:30:23.000000",1.0,9.2,1.0,N,234.0,70.0,1.0,41.0,2.5,0.5,7.56,6.12,0.3,57.98,2.5
2.0,"2019-08-08 13:58:59.000000","2019-08-08 15:02:05.000000",3.0,8.97,1.0,N,234.0,70.0,1.0,44.0,0.0,0.5,10.68,6.12,0.3,64.1,2.5
2.0,"2019-08-08 13:16:48.000000","2019-08-08 14:10:13.000000",1.0,9.14,1.0,N,234.0,70.0,1.0,40.0,0.0,0.5,7.0,6.12,0.3,56.42,2.5
2.0,"2019-08-08 13:33:01.000000","2019-08-08 14:28:29.000000",5.0,8.64,1.0,N,234.0,70.0,1.0,40.5,0.0,0.5,9.98,6.12,0.3,59.9,2.5
2.0,"2019-08-08 14:03:40.000000","2019-08-08 15:06:24.000000",1.0,8.95,1.0,N,234.0,70.0,1.0,43.5,0.0,0.5,10.58,6.12,0.3,63.5,2.5
2.0,"2019-08-08 14:06:10.000000","2019-08-08 14:56:38.000000",2.0,9.11,1.0,N,234.0,70.0,1.0,37.0,0.0,0.5,9.28,6.12,0.3,55.7,2.5
1.0,"2019-08-08 17:28:17.000000","2019-08-08 18:16:45.000000",1.0,10.8,1.0,N,234.0,70.0,1.0,37.5,3.5,0.5,9.55,6.12,0.3,57.47,2.5
2.0,"2019-08-08 17:24:16.000000","2019-08-08 18:16:15.000000",4.0,9.05,1.0,N,234.0,70.0,1.0,35.5,1.0,0.5,11.48,6.12,0.3,57.4,2.5
1.0,"2019-08-09 12:48:11.000000","2019-08-09 13:23:31.000000",1.0,11.3,1.0,N,234.0,70.0,1.0,36.0,2.5,0.5,9.05,6.12,0.3,54.47,2.5
1.0,"2019-08-11 04:28:31.000000","2019-08-11 04:50:28.000000",1.0,9.6,1.0,N,234.0,70.0,1.0,28.5,3.0,0.5,5.75,6.12,0.3,44.17,2.5
1.0,"2019-08-11 16:20:12.000000","2019-08-11 16:44:18.000000",1.0,10.5,1.0,N,234.0,70.0,1.0,30.5,2.5,0.5,7.0,6.12,0.3,46.92,2.5
1.0,"2019-08-13 22:54:07.000000","2019-08-13 23:17:48.000000",2.0,9.3,1.0,N,234.0,70.0,1.0,28.0,3.0,0.5,0.0,6.12,0.3,37.92,2.5
2.0,"2019-08-15 11:43:21.000000","2019-08-15 12:12:04.000000",1.0,10.18,1.0,N,234.0,70.0,2.0,32.0,0.0,0.5,0.0,6.12,0.3,41.42,2.5
2.0,"2019-08-19 11:57:05.000000","2019-08-19 13:26:26.000000",1.0,10.8,1.0,N,234.0,70.0,1.0,61.5,0.0,0.5,17.73,6.12,0.3,88.65,2.5
2.0,"2019-08-19 12:14:34.000000","2019-08-19 13:10:39.000000",1.0,9.95,1.0,N,234.0,70.0,1.0,42.5,0.0,0.5,9.16,0.0,0.3,54.96,2.5
2.0,"2019-08-19 15:18:48.000000","2019-08-19 16:01:51.000000",1.0,10.16,1.0,N,234.0,70.0,1.0,36.5,0.0,0.5,6.0,6.12,0.3,51.92,2.5
2.0,"2019-08-19 17:42:08.000000","2019-08-19 18:35:11.000000",1.0,10.08,1.0,N,234.0,70.0,1.0,39.0,1.0,0.5,0.0,0.0,0.3,43.3,2.5
2.0,"2019-08-23 14:57:47.000000","2019-08-23 16:18:04.000000",6.0,14.24,1.0,N,234.0,70.0,1.0,58.5,0.0,0.5,0.0,6.12,0.3,67.92,2.5
1.0,"2019-08-27 16:59:00.000000","2019-08-27 17:30:22.000000",1.0,8.9,1.0,N,234.0,70.0,1.0,30.0,3.5,0.5,2.0,6.12,0.3,42.42,2.5
2.0,"2019-08-31 09:11:33.000000","2019-08-31 09:29:08.000000",6.0,6.79,1.0,N,234.0,70.0,2.0,21.5,0.0,0.5,0.0,6.12,0.3,30.92,2.5
,"2019-08-21 12:28:00.000000","2019-08-21 13:03:00.000000",,10.5,,,234.0,70.0,,25.16,2.75,0.5,0.0,6.12,0.3,34.83,0.0
