2.0,"2019-08-03 14:14:16.000000","2019-08-03 15:01:57.000000",1.0,13.51,1.0,N,234.0,71.0,2.0,44.0,0.0,0.5,0.0,0.0,0.3,47.3,2.5
1.0,"2019-08-05 17:03:01.000000","2019-08-05 17:58:37.000000",1.0,8.6,1.0,N,234.0,71.0,1.0,36.5,3.5,0.5,5.0,0.0,0.3,45.8,2.5
2.0,"2019-08-05 22:13:12.000000","2019-08-05 22:54:05.000000",1.0,13.75,1.0,N,234.0,71.0,1.0,43.0,0.5,0.5,10.58,6.12,0.3,63.5,2.5
2.0,"2019-08-06 15:13:54.000000","2019-08-06 16:00:06.000000",1.0,12.91,1.0,N,234.0,71.0,1.0,42.5,0.0,0.5,0.0,5.76,0.3,49.06,0.0
1.0,"2019-08-08 15:10:21.000000","2019-08-08 16:01:44.000000",1.0,0.0,1.0,N,234.0,71.0,1.0,32.2,0.0,0.5,0.0,0.0,0.3,33.0,0.0
2.0,"2019-08-17 05:27:26.000000","2019-08-17 05:52:18.000000",6.0,10.3,1.0,N,234.0,71.0,1.0,30.5,0.5,0.5,6.86,0.0,0.3,41.16,2.5
1.0,"2019-08-18 03:07:02.000000","2019-08-18 03:37:13.000000",1.0,8.2,1.0,N,234.0,71.0,1.0,28.0,3.0,0.5,7.95,0.0,0.3,39.75,2.5
1.0,"2019-08-26 16:32:43.000000","2019-08-26 17:46:51.000000",1.0,0.0,1.0,Y,234.0,71.0,1.0,32.2,0.0,0.5,0.0,0.0,0.3,33.0,0.0
,"2019-08-13 14:49:00.000000","2019-08-13 15:35:00.000000",,7.52,,,234.0,71.0,,35.95,2.75,0.5,0.0,0.0,0.3,39.5,0.0
,"2019-08-29 14:55:00.000000","2019-08-29 15:44:00.000000",,13.01,,,234.0,71.0,,27.75,2.75,0.5,0.0,6.12,0.3,37.42,0.0
