2.0,"2019-08-01 01:30:46.000000","2019-08-01 01:46:19.000000",1.0,5.28,1.0,N,234.0,74.0,1.0,18.0,0.5,0.5,4.0,0.0,0.3,25.8,2.5
2.0,"2019-08-01 01:16:06.000000","2019-08-01 01:30:10.000000",3.0,5.27,1.0,N,234.0,74.0,1.0,16.0,0.5,0.5,5.94,0.0,0.3,25.74,2.5
2.0,"2019-08-01 04:31:30.000000","2019-08-01 04:44:21.000000",1.0,4.66,1.0,N,234.0,74.0,1.0,14.5,0.5,0.5,3.66,0.0,0.3,21.96,2.5
2.0,"2019-08-01 10:40:49.000000","2019-08-01 11:03:49.000000",2.0,5.62,1.0,N,234.0,74.0,1.0,19.5,0.0,0.5,3.5,0.0,0.3,26.3,2.5
2.0,"2019-08-01 13:17:03.000000","2019-08-01 13:52:58.000000",2.0,5.26,1.0,N,234.0,74.0,1.0,25.5,0.0,0.5,5.76,0.0,0.3,34.56,2.5
1.0,"2019-08-01 17:52:34.000000","2019-08-01 18:37:47.000000",1.0,5.5,1.0,N,234.0,74.0,1.0,29.0,3.5,0.5,2.0,0.0,0.3,35.3,2.5
2.0,"2019-08-01 17:48:08.000000","2019-08-01 18:23:33.000000",1.0,5.07,1.0,N,234.0,74.0,1.0,24.5,1.0,0.5,5.76,0.0,0.3,34.56,2.5
1.0,"2019-08-01 20:42:17.000000","2019-08-01 21:07:38.000000",1.0,5.3,1.0,N,234.0,74.0,1.0,20.0,3.0,0.5,4.75,0.0,0.3,28.55,2.5
2.0,"2019-08-01 21:19:17.000000","2019-08-01 21:42:29.000000",1.0,4.85,1.0,N,234.0,74.0,1.0,19.5,0.5,0.5,5.82,0.0,0.3,29.12,2.5
1.0,"2019-08-01 21:25:58.000000","2019-08-01 21:56:43.000000",1.0,6.2,1.0,N,234.0,74.0,2.0,24.0,3.0,0.5,0.0,0.0,0.3,27.8,2.5
2.0,"2019-08-01 22:24:34.000000","2019-08-01 22:47:55.000000",1.0,4.7,1.0,N,234.0,74.0,1.0,19.0,0.5,0.5,4.56,0.0,0.3,27.36,2.5
2.0,"2019-08-01 22:22:51.000000","2019-08-01 22:43:08.000000",2.0,5.7,1.0,N,234.0,74.0,2.0,19.5,0.5,0.5,0.0,0.0,0.3,23.3,2.5
2.0,"2019-08-02 00:36:46.000000","2019-08-02 00:55:41.000000",1.0,7.64,1.0,N,234.0,74.0,1.0,23.0,0.5,0.5,4.0,0.0,0.3,30.8,2.5
1.0,"2019-08-02 01:02:23.000000","2019-08-02 01:29:10.000000",1.0,5.6,1.0,N,234.0,74.0,1.0,21.0,3.0,0.5,4.95,0.0,0.3,29.75,2.5
2.0,"2019-08-02 17:41:31.000000","2019-08-02 18:18:47.000000",6.0,5.41,1.0,N,234.0,74.0,1.0,25.0,1.0,0.5,5.86,0.0,0.3,35.16,2.5
2.0,"2019-08-02 19:05:47.000000","2019-08-02 19:33:36.000000",2.0,6.09,1.0,N,234.0,74.0,2.0,22.5,1.0,0.5,0.0,0.0,0.3,26.8,2.5
2.0,"2019-08-02 19:20:50.000000","2019-08-02 19:44:28.000000",1.0,7.02,1.0,N,234.0,74.0,1.0,24.0,1.0,0.5,4.0,0.0,0.3,32.3,2.5
1.0,"2019-08-02 20:32:03.000000","2019-08-02 20:52:16.000000",1.0,5.4,1.0,Y,234.0,74.0,1.0,18.0,3.0,0.5,4.35,0.0,0.3,26.15,2.5
2.0,"2019-08-02 20:40:48.000000","2019-08-02 21:02:50.000000",2.0,5.22,1.0,N,234.0,74.0,1.0,19.0,0.5,0.5,4.56,0.0,0.3,27.36,2.5
1.0,"2019-08-02 22:39:02.000000","2019-08-02 22:59:33.000000",1.0,4.4,1.0,N,234.0,74.0,2.0,17.0,3.0,0.5,0.0,0.0,0.3,20.8,2.5
1.0,"2019-08-03 00:55:33.000000","2019-08-03 01:23:58.000000",1.0,6.1,1.0,N,234.0,74.0,1.0,23.0,3.0,0.5,2.2,0.0,0.3,29.0,2.5
2.0,"2019-08-03 00:30:26.000000","2019-08-03 00:48:04.000000",1.0,4.75,1.0,N,234.0,74.0,1.0,16.5,0.5,0.5,2.0,0.0,0.3,22.3,2.5
1.0,"2019-08-03 02:15:15.000000","2019-08-03 02:34:40.000000",1.0,6.2,1.0,N,234.0,74.0,1.0,21.5,3.0,0.5,5.05,0.0,0.3,30.35,2.5
2.0,"2019-08-03 03:04:18.000000","2019-08-03 03:19:05.000000",1.0,5.22,1.0,N,234.0,74.0,1.0,16.0,0.5,0.5,0.0,0.0,0.3,19.8,2.5
2.0,"2019-08-03 03:02:24.000000","2019-08-03 03:19:14.000000",6.0,5.29,1.0,N,234.0,74.0,2.0,17.0,0.5,0.5,0.0,0.0,0.3,20.8,2.5
1.0,"2019-08-03 03:36:40.000000","2019-08-03 03:56:31.000000",1.0,5.9,1.0,N,234.0,74.0,1.0,19.5,3.0,0.5,3.0,0.0,0.3,26.3,2.5
2.0,"2019-08-03 07:42:42.000000","2019-08-03 07:59:59.000000",1.0,6.63,1.0,N,234.0,74.0,2.0,20.5,0.0,0.5,0.0,0.0,0.3,23.8,2.5
2.0,"2019-08-03 13:08:31.000000","2019-08-03 13:32:56.000000",1.0,4.99,1.0,N,234.0,74.0,1.0,19.5,0.0,0.5,3.5,0.0,0.3,26.3,2.5
2.0,"2019-08-03 15:35:51.000000","2019-08-03 16:01:36.000000",1.0,5.37,1.0,N,234.0,74.0,1.0,20.0,0.0,0.5,4.0,0.0,0.3,27.3,2.5
1.0,"2019-08-03 16:28:20.000000","2019-08-03 16:55:40.000000",1.0,0.0,1.0,N,234.0,74.0,1.0,24.2,0.0,0.5,0.0,0.0,0.3,25.0,0.0
1.0,"2019-08-03 23:52:51.000000","2019-08-04 00:17:04.000000",1.0,5.7,1.0,N,234.0,74.0,1.0,20.5,3.0,0.5,2.0,0.0,0.3,26.3,2.5
1.0,"2019-08-04 00:51:46.000000","2019-08-04 01:16:52.000000",1.0,6.7,1.0,N,234.0,74.0,1.0,22.5,3.0,0.5,0.0,0.0,0.3,26.3,2.5
1.0,"2019-08-04 03:06:26.000000","2019-08-04 03:23:12.000000",1.0,5.7,1.0,N,234.0,74.0,2.0,18.0,3.0,0.5,0.0,0.0,0.3,21.8,2.5
2.0,"2019-08-04 03:03:49.000000","2019-08-04 03:21:32.000000",2.0,5.74,1.0,N,234.0,74.0,1.0,18.0,0.5,0.5,4.36,0.0,0.3,26.16,2.5
2.0,"2019-08-04 07:36:23.000000","2019-08-04 07:53:07.000000",1.0,6.45,1.0,N,234.0,74.0,2.0,20.5,0.0,0.5,0.0,0.0,0.3,23.8,2.5
2.0,"2019-08-04 09:43:53.000000","2019-08-04 10:00:03.000000",2.0,4.88,1.0,N,234.0,74.0,2.0,16.5,0.0,0.5,0.0,0.0,0.3,19.8,2.5
1.0,"2019-08-04 10:19:28.000000","2019-08-04 10:42:19.000000",1.0,5.5,1.0,N,234.0,74.0,2.0,19.5,2.5,0.5,0.0,0.0,0.3,22.8,2.5
1.0,"2019-08-04 12:19:36.000000","2019-08-04 12:57:15.000000",1.0,7.2,1.0,N,234.0,74.0,1.0,27.5,2.5,0.5,0.0,0.0,0.3,30.8,2.5
1.0,"2019-08-04 15:07:11.000000","2019-08-04 15:27:12.000000",1.0,5.1,1.0,N,234.0,74.0,1.0,17.5,2.5,0.5,4.15,0.0,0.3,24.95,2.5
2.0,"2019-08-04 16:29:36.000000","2019-08-04 16:49:39.000000",1.0,4.93,1.0,N,234.0,74.0,1.0,17.5,0.0,0.5,4.16,0.0,0.3,24.96,2.5
2.0,"2019-08-04 16:15:51.000000","2019-08-04 16:40:41.000000",1.0,6.34,1.0,N,234.0,74.0,1.0,22.0,0.0,0.5,6.32,0.0,0.3,31.62,2.5
1.0,"2019-08-04 20:47:25.000000","2019-08-04 21:06:35.000000",1.0,5.2,1.0,N,234.0,74.0,1.0,17.5,3.0,0.5,4.25,0.0,0.3,25.55,2.5
2.0,"2019-08-05 00:36:32.000000","2019-08-05 00:48:06.000000",1.0,4.91,1.0,N,234.0,74.0,1.0,14.5,0.5,0.5,3.66,0.0,0.3,21.96,2.5
2.0,"2019-08-05 13:43:18.000000","2019-08-05 14:15:02.000000",1.0,4.92,1.0,N,234.0,74.0,2.0,22.5,0.0,0.5,0.0,0.0,0.3,25.8,2.5
2.0,"2019-08-05 17:58:27.000000","2019-08-05 18:32:10.000000",1.0,6.27,1.0,N,234.0,74.0,1.0,25.0,1.0,0.5,1.0,0.0,0.3,30.3,2.5
2.0,"2019-08-05 18:02:36.000000","2019-08-05 18:28:30.000000",1.0,5.0,1.0,N,234.0,74.0,1.0,20.0,1.0,0.5,0.0,0.0,0.3,24.3,2.5
1.0,"2019-08-05 19:57:29.000000","2019-08-05 20:13:01.000000",1.0,4.9,1.0,N,234.0,74.0,1.0,16.0,3.0,0.5,3.95,0.0,0.3,23.75,2.5
2.0,"2019-08-05 20:53:21.000000","2019-08-05 21:22:00.000000",5.0,6.24,1.0,N,234.0,74.0,1.0,23.0,0.5,0.5,5.36,0.0,0.3,32.16,2.5
2.0,"2019-08-05 20:04:03.000000","2019-08-05 20:26:30.000000",1.0,4.65,1.0,N,234.0,74.0,1.0,19.0,0.5,0.5,4.56,0.0,0.3,27.36,2.5
1.0,"2019-08-05 20:29:49.000000","2019-08-05 20:50:48.000000",3.0,4.6,1.0,N,234.0,74.0,1.0,17.5,3.0,0.5,4.25,0.0,0.3,25.55,2.5
2.0,"2019-08-05 21:28:56.000000","2019-08-05 21:54:30.000000",3.0,5.74,1.0,N,234.0,74.0,1.0,21.5,0.5,0.5,5.06,0.0,0.3,30.36,2.5
2.0,"2019-08-05 21:00:21.000000","2019-08-05 21:20:52.000000",1.0,5.41,5.0,N,234.0,74.0,2.0,17.0,0.0,0.0,0.0,0.0,0.3,19.8,2.5
2.0,"2019-08-05 22:36:03.000000","2019-08-05 22:58:50.000000",1.0,6.12,1.0,N,234.0,74.0,1.0,21.0,0.5,0.5,4.96,0.0,0.3,29.76,2.5
1.0,"2019-08-05 22:07:23.000000","2019-08-05 22:28:40.000000",1.0,5.1,1.0,Y,234.0,74.0,2.0,18.5,3.0,0.5,0.0,0.0,0.3,22.3,2.5
1.0,"2019-08-05 22:46:01.000000","2019-08-05 23:03:44.000000",1.0,4.7,1.0,N,234.0,74.0,2.0,16.5,3.0,0.5,0.0,0.0,0.3,20.3,2.5
1.0,"2019-08-05 23:48:44.000000","2019-08-06 00:03:21.000000",1.0,5.5,1.0,N,234.0,74.0,2.0,18.0,3.0,0.5,0.0,0.0,0.3,21.8,2.5
2.0,"2019-08-06 00:04:58.000000","2019-08-06 00:20:30.000000",1.0,5.21,1.0,N,234.0,74.0,1.0,16.5,0.5,0.5,4.06,0.0,0.3,24.36,2.5
2.0,"2019-08-06 00:34:01.000000","2019-08-06 00:46:55.000000",1.0,4.64,1.0,N,234.0,74.0,1.0,14.5,0.5,0.5,3.66,0.0,0.3,21.96,2.5
1.0,"2019-08-06 02:05:50.000000","2019-08-06 02:19:27.000000",1.0,5.2,1.0,N,234.0,74.0,1.0,16.0,3.0,0.5,3.0,0.0,0.3,22.8,2.5
1.0,"2019-08-06 16:06:49.000000","2019-08-06 16:37:43.000000",1.0,0.0,1.0,N,234.0,74.0,1.0,24.2,0.0,0.5,0.0,0.0,0.3,25.0,0.0
2.0,"2019-08-06 20:54:56.000000","2019-08-06 21:24:28.000000",1.0,6.07,1.0,N,234.0,74.0,1.0,23.0,0.5,0.5,5.36,0.0,0.3,32.16,2.5
2.0,"2019-08-06 21:51:38.000000","2019-08-06 22:10:16.000000",1.0,5.37,1.0,N,234.0,74.0,1.0,18.0,0.5,0.5,2.0,0.0,0.3,23.8,2.5
2.0,"2019-08-06 21:51:20.000000","2019-08-06 22:10:43.000000",1.0,4.97,1.0,N,234.0,74.0,1.0,17.5,0.5,0.5,2.5,0.0,0.3,23.8,2.5
2.0,"2019-08-06 22:42:37.000000","2019-08-06 22:58:39.000000",5.0,4.62,1.0,N,234.0,74.0,1.0,15.5,0.5,0.5,3.86,0.0,0.3,23.16,2.5
2.0,"2019-08-06 23:29:09.000000","2019-08-06 23:43:36.000000",3.0,5.09,1.0,N,234.0,74.0,1.0,15.5,0.5,0.5,3.86,0.0,0.3,23.16,2.5
1.0,"2019-08-06 23:57:31.000000","2019-08-07 00:31:49.000000",1.0,5.5,1.0,N,234.0,74.0,2.0,25.5,3.0,0.5,0.0,0.0,0.3,29.3,2.5
2.0,"2019-08-07 00:05:00.000000","2019-08-07 00:23:24.000000",3.0,5.64,1.0,N,234.0,74.0,1.0,18.0,0.5,0.5,5.45,0.0,0.3,27.25,2.5
2.0,"2019-08-07 03:07:50.000000","2019-08-07 03:22:37.000000",2.0,5.12,1.0,N,234.0,74.0,1.0,16.0,0.5,0.5,3.96,0.0,0.3,23.76,2.5
2.0,"2019-08-07 03:29:12.000000","2019-08-07 03:45:24.000000",2.0,5.62,1.0,N,234.0,74.0,1.0,18.0,0.5,0.5,4.36,0.0,0.3,26.16,2.5
1.0,"2019-08-07 07:26:43.000000","2019-08-07 07:57:26.000000",1.0,5.0,1.0,N,234.0,74.0,2.0,22.5,2.5,0.5,0.0,0.0,0.3,25.8,2.5
2.0,"2019-08-07 19:44:08.000000","2019-08-07 20:10:59.000000",3.0,6.69,1.0,N,234.0,74.0,1.0,22.5,1.0,0.5,8.04,0.0,0.3,34.84,2.5
1.0,"2019-08-07 20:38:27.000000","2019-08-07 20:58:34.000000",1.0,4.7,1.0,N,234.0,74.0,1.0,17.0,3.0,0.5,5.2,0.0,0.3,26.0,2.5
2.0,"2019-08-07 21:35:34.000000","2019-08-07 22:01:07.000000",1.0,5.65,1.0,N,234.0,74.0,1.0,21.0,0.5,0.5,4.96,0.0,0.3,29.76,2.5
1.0,"2019-08-07 22:49:50.000000","2019-08-07 23:04:28.000000",1.0,4.4,1.0,N,234.0,74.0,1.0,15.0,3.0,0.5,3.75,0.0,0.3,22.55,2.5
2.0,"2019-08-07 22:22:23.000000","2019-08-07 22:43:31.000000",1.0,4.98,1.0,N,234.0,74.0,1.0,18.0,0.5,0.5,4.36,0.0,0.3,26.16,2.5
2.0,"2019-08-07 22:55:54.000000","2019-08-07 23:16:54.000000",3.0,6.45,1.0,N,234.0,74.0,2.0,20.5,0.5,0.5,0.0,0.0,0.3,24.3,2.5
2.0,"2019-08-07 22:54:32.000000","2019-08-07 23:22:36.000000",1.0,8.79,1.0,N,234.0,74.0,4.0,-29.0,-0.5,-0.5,0.0,0.0,-0.3,-32.8,-2.5
2.0,"2019-08-07 22:54:32.000000","2019-08-07 23:22:36.000000",1.0,8.79,1.0,N,234.0,74.0,2.0,29.0,0.5,0.5,0.0,0.0,0.3,32.8,2.5
2.0,"2019-08-07 18:51:53.000000","2019-08-07 19:08:36.000000",1.0,4.65,1.0,N,234.0,74.0,2.0,16.0,0.5,0.5,0.0,0.0,0.3,19.8,2.5
1.0,"2019-08-07 23:30:14.000000","2019-08-08 00:01:49.000000",1.0,6.2,1.0,N,234.0,74.0,2.0,24.5,3.0,0.5,0.0,0.0,0.3,28.3,2.5
1.0,"2019-08-08 15:49:07.000000","2019-08-08 16:26:05.000000",1.0,4.8,1.0,N,234.0,74.0,1.0,24.5,2.5,0.5,1.0,0.0,0.3,28.8,2.5
2.0,"2019-08-08 16:34:39.000000","2019-08-08 17:09:34.000000",1.0,4.63,1.0,N,234.0,74.0,1.0,23.5,1.0,0.5,5.56,0.0,0.3,33.36,2.5
1.0,"2019-08-08 17:35:52.000000","2019-08-08 18:23:13.000000",1.0,6.9,1.0,N,234.0,74.0,1.0,31.5,3.5,0.5,2.0,0.0,0.3,37.8,2.5
2.0,"2019-08-08 17:39:53.000000","2019-08-08 18:30:28.000000",1.0,5.27,1.0,N,234.0,74.0,1.0,31.5,1.0,0.5,0.0,0.0,0.3,35.8,2.5
2.0,"2019-08-08 18:30:34.000000","2019-08-08 19:02:03.000000",5.0,6.5,1.0,N,234.0,74.0,1.0,25.0,1.0,0.5,5.86,0.0,0.3,35.16,2.5
2.0,"2019-08-08 20:58:25.000000","2019-08-08 21:17:38.000000",1.0,4.47,1.0,N,234.0,74.0,1.0,16.5,0.5,0.5,4.06,0.0,0.3,24.36,2.5
2.0,"2019-08-08 20:33:33.000000","2019-08-08 21:00:30.000000",1.0,6.27,1.0,N,234.0,74.0,1.0,22.5,0.5,0.5,5.26,0.0,0.3,31.56,2.5
2.0,"2019-08-08 21:44:20.000000","2019-08-08 22:10:05.000000",1.0,4.95,1.0,N,234.0,74.0,1.0,19.5,0.5,0.5,3.5,0.0,0.3,26.8,2.5
2.0,"2019-08-08 21:41:02.000000","2019-08-08 22:08:27.000000",1.0,5.56,1.0,N,234.0,74.0,1.0,22.0,0.5,0.5,5.16,0.0,0.3,30.96,2.5
2.0,"2019-08-08 23:09:14.000000","2019-08-08 23:28:50.000000",1.0,5.32,1.0,N,234.0,74.0,1.0,18.0,0.5,0.5,4.36,0.0,0.3,26.16,2.5
2.0,"2019-08-09 00:47:40.000000","2019-08-09 01:01:51.000000",1.0,4.65,1.0,N,234.0,74.0,1.0,15.0,0.5,0.5,3.76,0.0,0.3,22.56,2.5
2.0,"2019-08-09 00:26:45.000000","2019-08-09 00:44:20.000000",1.0,5.61,1.0,N,234.0,74.0,1.0,19.5,0.5,0.5,4.66,0.0,0.3,27.96,2.5
1.0,"2019-08-09 05:15:24.000000","2019-08-09 05:30:32.000000",1.0,5.3,1.0,N,234.0,74.0,2.0,17.0,3.0,0.5,0.0,0.0,0.3,20.8,2.5
2.0,"2019-08-09 13:23:30.000000","2019-08-09 14:01:29.000000",3.0,7.71,1.0,N,234.0,74.0,1.0,29.0,0.0,0.5,3.0,0.0,0.3,35.3,2.5
2.0,"2019-08-09 17:23:53.000000","2019-08-09 17:49:50.000000",1.0,5.39,1.0,N,234.0,74.0,1.0,20.0,1.0,0.5,1.8,0.0,0.3,26.1,2.5
2.0,"2019-08-09 19:52:53.000000","2019-08-09 20:17:58.000000",1.0,8.7,1.0,N,234.0,74.0,2.0,28.0,1.0,0.5,0.0,0.0,0.3,32.3,2.5
1.0,"2019-08-09 19:18:12.000000","2019-08-09 19:54:01.000000",1.0,6.1,1.0,N,234.0,74.0,1.0,26.0,3.5,0.5,6.05,0.0,0.3,36.35,2.5
1.0,"2019-08-09 20:44:32.000000","2019-08-09 21:02:22.000000",1.0,5.2,1.0,N,234.0,74.0,1.0,17.0,3.0,0.5,2.0,0.0,0.3,22.8,2.5
2.0,"2019-08-09 22:27:41.000000","2019-08-09 22:44:31.000000",1.0,5.15,1.0,N,234.0,74.0,1.0,17.0,0.5,0.5,2.0,0.0,0.3,22.8,2.5
2.0,"2019-08-09 23:43:38.000000","2019-08-10 00:10:40.000000",5.0,5.79,1.0,N,234.0,74.0,1.0,22.0,0.5,0.5,5.16,0.0,0.3,30.96,2.5
2.0,"2019-08-10 00:42:37.000000","2019-08-10 01:00:06.000000",1.0,5.3,1.0,N,234.0,74.0,1.0,18.0,0.5,0.5,0.0,0.0,0.3,21.8,2.5
2.0,"2019-08-10 00:17:22.000000","2019-08-10 00:34:37.000000",1.0,5.04,1.0,N,234.0,74.0,1.0,16.5,0.5,0.5,4.06,0.0,0.3,24.36,2.5
2.0,"2019-08-10 00:18:57.000000","2019-08-10 00:32:43.000000",1.0,5.01,1.0,N,234.0,74.0,1.0,15.5,0.5,0.5,4.82,0.0,0.3,24.12,2.5
2.0,"2019-08-10 00:53:33.000000","2019-08-10 01:09:41.000000",1.0,5.02,1.0,N,234.0,74.0,1.0,16.5,0.5,0.5,4.06,0.0,0.3,24.36,2.5
2.0,"2019-08-10 01:10:47.000000","2019-08-10 01:30:52.000000",1.0,5.13,1.0,N,234.0,74.0,1.0,18.0,0.5,0.5,4.36,0.0,0.3,26.16,2.5
2.0,"2019-08-10 02:55:36.000000","2019-08-10 03:10:53.000000",1.0,5.68,1.0,N,234.0,74.0,2.0,18.0,0.5,0.5,0.0,0.0,0.3,21.8,2.5
2.0,"2019-08-10 03:52:19.000000","2019-08-10 04:09:23.000000",1.0,5.3,1.0,N,234.0,74.0,2.0,17.5,0.5,0.5,0.0,0.0,0.3,21.3,2.5
1.0,"2019-08-10 09:41:29.000000","2019-08-10 10:04:08.000000",1.0,5.5,1.0,N,234.0,74.0,2.0,19.5,2.5,0.5,0.0,0.0,0.3,22.8,2.5
1.0,"2019-08-10 10:54:06.000000","2019-08-10 11:23:36.000000",1.0,5.8,1.0,N,234.0,74.0,2.0,22.5,2.5,0.5,0.0,0.0,0.3,25.8,2.5
2.0,"2019-08-10 13:54:51.000000","2019-08-10 14:23:13.000000",1.0,5.73,1.0,N,234.0,74.0,2.0,21.0,0.0,0.5,0.0,0.0,0.3,24.3,2.5
1.0,"2019-08-10 13:10:56.000000","2019-08-10 13:32:34.000000",1.0,5.1,1.0,N,234.0,74.0,1.0,18.5,2.5,0.5,4.35,0.0,0.3,26.15,2.5
2.0,"2019-08-10 17:33:34.000000","2019-08-10 17:54:33.000000",1.0,5.51,1.0,N,234.0,74.0,1.0,19.5,0.0,0.5,4.56,0.0,0.3,27.36,2.5
2.0,"2019-08-10 18:48:25.000000","2019-08-10 19:15:17.000000",1.0,5.98,1.0,N,234.0,74.0,2.0,22.5,0.0,0.5,0.0,0.0,0.3,25.8,2.5
2.0,"2019-08-10 20:27:13.000000","2019-08-10 20:45:58.000000",1.0,5.13,1.0,N,234.0,74.0,1.0,17.5,0.5,0.5,3.0,0.0,0.3,24.3,2.5
2.0,"2019-08-10 23:22:33.000000","2019-08-10 23:45:34.000000",5.0,5.78,1.0,N,234.0,74.0,2.0,20.0,0.5,0.5,0.0,0.0,0.3,23.8,2.5
2.0,"2019-08-10 23:51:45.000000","2019-08-11 00:09:00.000000",1.0,5.86,1.0,N,234.0,74.0,2.0,17.5,0.5,0.5,0.0,0.0,0.3,21.3,2.5
2.0,"2019-08-11 03:50:52.000000","2019-08-11 04:10:34.000000",1.0,5.98,1.0,N,234.0,74.0,2.0,19.5,0.5,0.5,0.0,0.0,0.3,23.3,2.5
2.0,"2019-08-11 03:01:46.000000","2019-08-11 03:24:53.000000",1.0,6.72,1.0,N,234.0,74.0,1.0,22.0,0.5,0.5,5.16,0.0,0.3,30.96,2.5
1.0,"2019-08-11 13:02:44.000000","2019-08-11 13:23:01.000000",3.0,6.0,1.0,N,234.0,74.0,1.0,20.5,2.5,0.5,0.0,0.0,0.3,23.8,2.5
2.0,"2019-08-11 16:34:49.000000","2019-08-11 17:07:59.000000",3.0,5.56,1.0,N,234.0,74.0,1.0,24.5,0.0,0.5,5.56,0.0,0.3,33.36,2.5
2.0,"2019-08-11 23:38:31.000000","2019-08-11 23:55:31.000000",2.0,5.86,1.0,N,234.0,74.0,2.0,18.5,0.5,0.5,0.0,0.0,0.3,22.3,2.5
2.0,"2019-08-11 23:12:29.000000","2019-08-11 23:33:50.000000",1.0,5.21,1.0,N,234.0,74.0,1.0,18.5,0.5,0.5,5.58,0.0,0.3,27.88,2.5
2.0,"2019-08-12 00:40:41.000000","2019-08-12 00:52:04.000000",5.0,4.9,1.0,N,234.0,74.0,2.0,14.5,0.5,0.5,0.0,0.0,0.3,18.3,2.5
2.0,"2019-08-12 00:43:31.000000","2019-08-12 00:58:50.000000",1.0,5.28,1.0,N,234.0,74.0,1.0,17.0,0.5,0.5,4.16,0.0,0.3,24.96,2.5
1.0,"2019-08-12 14:45:46.000000","2019-08-12 15:15:27.000000",1.0,5.8,1.0,N,234.0,74.0,1.0,23.0,2.5,0.5,2.0,0.0,0.3,28.3,2.5
2.0,"2019-08-12 19:43:42.000000","2019-08-12 19:57:20.000000",3.0,4.64,1.0,N,234.0,74.0,1.0,14.5,1.0,0.5,2.82,0.0,0.3,21.62,2.5
1.0,"2019-08-12 20:28:10.000000","2019-08-12 20:49:33.000000",1.0,5.0,1.0,N,234.0,74.0,1.0,18.0,3.0,0.5,6.5,0.0,0.3,28.3,2.5
2.0,"2019-08-12 21:30:56.000000","2019-08-12 21:50:55.000000",1.0,4.85,1.0,N,234.0,74.0,1.0,17.0,0.5,0.5,5.2,0.0,0.3,26.0,2.5
2.0,"2019-08-12 21:54:47.000000","2019-08-12 22:18:01.000000",2.0,5.08,1.0,N,234.0,74.0,1.0,20.0,0.5,0.5,1.0,0.0,0.3,24.8,2.5
2.0,"2019-08-12 22:46:48.000000","2019-08-12 23:05:31.000000",5.0,5.46,1.0,N,234.0,74.0,2.0,18.5,0.5,0.5,0.0,0.0,0.3,22.3,2.5
2.0,"2019-08-12 22:54:31.000000","2019-08-12 23:11:30.000000",5.0,4.65,1.0,N,234.0,74.0,2.0,16.0,0.5,0.5,0.0,0.0,0.3,19.8,2.5
2.0,"2019-08-12 23:11:22.000000","2019-08-12 23:28:55.000000",1.0,5.03,1.0,N,234.0,74.0,1.0,16.5,0.5,0.5,4.06,0.0,0.3,24.36,2.5
2.0,"2019-08-12 23:35:36.000000","2019-08-12 23:55:32.000000",2.0,7.38,1.0,N,234.0,74.0,1.0,23.5,0.5,0.5,4.0,0.0,0.3,31.3,2.5
2.0,"2019-08-13 00:45:26.000000","2019-08-13 01:02:19.000000",1.0,5.7,1.0,N,234.0,74.0,1.0,18.0,0.5,0.5,2.0,0.0,0.3,23.8,2.5
1.0,"2019-08-13 16:03:42.000000","2019-08-13 16:25:26.000000",1.0,5.3,1.0,N,234.0,74.0,1.0,20.0,3.5,0.5,4.85,0.0,0.3,29.15,2.5
1.0,"2019-08-13 18:57:32.000000","2019-08-13 19:24:44.000000",1.0,4.8,1.0,N,234.0,74.0,1.0,20.0,3.5,0.5,3.65,0.0,0.3,27.95,2.5
1.0,"2019-08-13 19:34:31.000000","2019-08-13 19:53:42.000000",2.0,6.1,1.0,N,234.0,74.0,1.0,20.5,3.5,0.5,4.95,0.0,0.3,29.75,2.5
1.0,"2019-08-13 22:04:32.000000","2019-08-13 22:29:44.000000",1.0,5.6,1.0,N,234.0,74.0,1.0,20.5,3.0,0.5,6.08,0.0,0.3,30.38,2.5
1.0,"2019-08-13 23:36:27.000000","2019-08-13 23:49:03.000000",1.0,4.8,1.0,N,234.0,74.0,2.0,14.5,3.0,0.5,0.0,0.0,0.3,18.3,2.5
1.0,"2019-08-14 00:50:16.000000","2019-08-14 01:03:52.000000",2.0,5.2,1.0,N,234.0,74.0,1.0,16.0,3.0,0.5,4.95,0.0,0.3,24.75,2.5
2.0,"2019-08-14 00:44:47.000000","2019-08-14 00:59:11.000000",1.0,5.27,1.0,N,234.0,74.0,1.0,16.0,0.5,0.5,3.96,0.0,0.3,23.76,2.5
1.0,"2019-08-14 01:14:38.000000","2019-08-14 01:30:12.000000",1.0,5.2,1.0,N,234.0,74.0,2.0,16.5,3.0,0.5,0.0,0.0,0.3,20.3,2.5
2.0,"2019-08-14 12:25:34.000000","2019-08-14 13:55:46.000000",1.0,6.12,1.0,N,234.0,74.0,1.0,53.0,0.0,0.5,0.0,0.0,0.3,56.3,2.5
2.0,"2019-08-14 18:55:12.000000","2019-08-14 19:15:12.000000",5.0,5.17,1.0,N,234.0,74.0,1.0,19.0,1.0,0.5,3.5,0.0,0.3,26.8,2.5
1.0,"2019-08-14 19:54:42.000000","2019-08-14 20:15:48.000000",1.0,4.6,1.0,N,234.0,74.0,1.0,17.5,3.5,0.5,4.35,0.0,0.3,26.15,2.5
1.0,"2019-08-14 19:59:36.000000","2019-08-14 20:16:29.000000",1.0,5.4,1.0,N,234.0,74.0,1.0,18.5,3.0,0.5,4.45,0.0,0.3,26.75,2.5
2.0,"2019-08-14 20:40:54.000000","2019-08-14 20:59:25.000000",1.0,5.5,1.0,N,234.0,74.0,1.0,19.0,0.5,0.5,4.56,0.0,0.3,27.36,2.5
2.0,"2019-08-14 21:52:12.000000","2019-08-14 22:10:54.000000",5.0,5.24,1.0,N,234.0,74.0,1.0,19.0,0.5,0.5,4.56,0.0,0.3,27.36,2.5
1.0,"2019-08-14 22:17:20.000000","2019-08-14 22:32:21.000000",1.0,4.6,1.0,N,234.0,74.0,1.0,15.5,3.0,0.5,3.85,0.0,0.3,23.15,2.5
1.0,"2019-08-14 23:39:04.000000","2019-08-14 23:57:03.000000",1.0,5.1,1.0,N,234.0,74.0,2.0,17.0,3.0,0.5,0.0,0.0,0.3,20.8,2.5
2.0,"2019-08-14 23:09:12.000000","2019-08-14 23:26:21.000000",2.0,4.76,1.0,N,234.0,74.0,1.0,16.5,0.5,0.5,2.03,0.0,0.3,22.33,2.5
2.0,"2019-08-15 03:41:11.000000","2019-08-15 03:55:32.000000",1.0,6.13,1.0,N,234.0,74.0,1.0,18.0,0.5,0.5,1.0,0.0,0.3,22.8,2.5
2.0,"2019-08-15 11:14:31.000000","2019-08-15 12:08:31.000000",1.0,6.08,1.0,N,234.0,74.0,2.0,34.0,0.0,0.5,0.0,0.0,0.3,37.3,2.5
2.0,"2019-08-15 15:55:19.000000","2019-08-15 16:22:50.000000",3.0,5.34,1.0,N,234.0,74.0,1.0,21.0,0.0,0.5,4.86,0.0,0.3,29.16,2.5
2.0,"2019-08-15 18:28:27.000000","2019-08-15 18:59:08.000000",1.0,5.97,1.0,N,234.0,74.0,1.0,23.5,1.0,0.5,6.95,0.0,0.3,34.75,2.5
2.0,"2019-08-15 19:49:27.000000","2019-08-15 20:06:24.000000",1.0,5.13,1.0,N,234.0,74.0,1.0,16.5,1.0,0.5,4.16,0.0,0.3,24.96,2.5
1.0,"2019-08-15 20:18:51.000000","2019-08-15 20:42:52.000000",1.0,5.1,1.0,N,234.0,74.0,1.0,19.5,3.0,0.5,3.5,0.0,0.3,26.8,2.5
2.0,"2019-08-15 22:55:06.000000","2019-08-15 23:18:31.000000",1.0,5.72,1.0,N,234.0,74.0,1.0,20.5,0.5,0.5,4.86,0.0,0.3,29.16,2.5
2.0,"2019-08-15 22:29:46.000000","2019-08-15 22:49:48.000000",3.0,5.48,1.0,N,234.0,74.0,1.0,18.5,0.5,0.5,4.46,0.0,0.3,26.76,2.5
2.0,"2019-08-15 23:09:38.000000","2019-08-15 23:29:19.000000",1.0,4.54,1.0,N,234.0,74.0,2.0,17.0,0.5,0.5,0.0,0.0,0.3,20.8,2.5
2.0,"2019-08-15 23:46:05.000000","2019-08-16 00:09:54.000000",1.0,5.69,1.0,N,234.0,74.0,2.0,20.5,0.5,0.5,0.0,0.0,0.3,24.3,2.5
1.0,"2019-08-16 00:32:44.000000","2019-08-16 00:50:05.000000",2.0,5.8,1.0,N,234.0,74.0,1.0,18.0,3.0,0.5,2.0,0.0,0.3,23.8,2.5
2.0,"2019-08-16 01:33:18.000000","2019-08-16 01:48:15.000000",2.0,5.13,1.0,N,234.0,74.0,1.0,16.0,0.5,0.5,3.96,0.0,0.3,23.76,2.5
2.0,"2019-08-16 09:27:58.000000","2019-08-16 09:46:32.000000",1.0,6.49,1.0,N,234.0,74.0,1.0,21.5,0.0,0.5,4.96,0.0,0.3,29.76,2.5
1.0,"2019-08-16 10:30:17.000000","2019-08-16 11:09:26.000000",1.0,7.2,1.0,N,234.0,74.0,2.0,28.5,2.5,0.5,0.0,0.0,0.3,31.8,2.5
2.0,"2019-08-16 11:51:53.000000","2019-08-16 12:18:32.000000",1.0,6.94,1.0,N,234.0,74.0,1.0,24.5,0.0,0.5,5.56,0.0,0.3,33.36,2.5
2.0,"2019-08-16 13:02:41.000000","2019-08-16 14:00:23.000000",1.0,11.26,1.0,N,234.0,74.0,2.0,43.0,0.0,0.5,0.0,0.0,0.3,46.3,2.5
1.0,"2019-08-16 17:12:08.000000","2019-08-16 17:48:29.000000",1.0,5.6,1.0,N,234.0,74.0,2.0,25.0,3.5,0.5,0.0,0.0,0.3,29.3,2.5
2.0,"2019-08-16 19:40:24.000000","2019-08-16 20:11:20.000000",5.0,5.92,1.0,N,234.0,74.0,1.0,23.0,1.0,0.5,6.82,0.0,0.3,34.12,2.5
2.0,"2019-08-16 20:48:48.000000","2019-08-16 21:13:56.000000",4.0,5.49,1.0,N,234.0,74.0,1.0,20.5,0.5,0.5,2.0,0.0,0.3,26.3,2.5
1.0,"2019-08-16 22:04:03.000000","2019-08-16 22:25:33.000000",1.0,6.1,1.0,N,234.0,74.0,2.0,20.0,3.0,0.5,0.0,0.0,0.3,23.8,2.5
1.0,"2019-08-16 23:26:03.000000","2019-08-16 23:54:27.000000",2.0,6.0,1.0,N,234.0,74.0,1.0,23.5,3.0,0.5,5.45,0.0,0.3,32.75,2.5
2.0,"2019-08-16 23:28:26.000000","2019-08-16 23:50:45.000000",1.0,5.15,1.0,N,234.0,74.0,1.0,18.5,0.5,0.5,4.0,0.0,0.3,26.3,2.5
1.0,"2019-08-17 00:26:28.000000","2019-08-17 00:51:08.000000",1.0,5.4,1.0,N,234.0,74.0,1.0,20.5,3.0,0.5,2.0,0.0,0.3,26.3,2.5
2.0,"2019-08-17 00:43:30.000000","2019-08-17 01:01:04.000000",2.0,5.58,1.0,N,234.0,74.0,2.0,17.5,0.5,0.5,0.0,0.0,0.3,21.3,2.5
1.0,"2019-08-17 01:54:07.000000","2019-08-17 02:07:16.000000",1.0,4.8,1.0,N,234.0,74.0,1.0,15.0,3.0,0.5,3.75,0.0,0.3,22.55,2.5
1.0,"2019-08-17 01:13:44.000000","2019-08-17 01:38:16.000000",2.0,6.4,1.0,N,234.0,74.0,1.0,22.0,3.0,0.5,3.87,0.0,0.3,29.67,2.5
1.0,"2019-08-17 01:50:53.000000","2019-08-17 02:07:46.000000",1.0,5.3,1.0,N,234.0,74.0,2.0,17.5,3.0,0.5,0.0,0.0,0.3,21.3,2.5
1.0,"2019-08-17 01:15:49.000000","2019-08-17 01:28:26.000000",1.0,4.5,1.0,N,234.0,74.0,2.0,14.0,3.0,0.5,0.0,0.0,0.3,17.8,2.5
1.0,"2019-08-17 01:24:43.000000","2019-08-17 01:43:43.000000",1.0,5.3,1.0,N,234.0,74.0,2.0,18.0,3.0,0.5,0.0,0.0,0.3,21.8,2.5
2.0,"2019-08-17 13:07:34.000000","2019-08-17 13:42:05.000000",3.0,5.29,1.0,N,234.0,74.0,1.0,24.5,0.0,0.5,0.0,0.0,0.3,27.8,2.5
2.0,"2019-08-17 18:19:11.000000","2019-08-17 18:44:13.000000",2.0,7.45,1.0,N,234.0,74.0,1.0,24.5,0.0,0.5,6.95,0.0,0.3,34.75,2.5
1.0,"2019-08-17 19:05:53.000000","2019-08-17 19:30:44.000000",1.0,5.0,1.0,N,234.0,74.0,1.0,19.5,2.5,0.5,2.5,0.0,0.3,25.3,2.5
2.0,"2019-08-17 20:13:26.000000","2019-08-17 20:36:37.000000",1.0,5.94,1.0,N,234.0,74.0,1.0,21.5,0.5,0.5,5.06,0.0,0.3,30.36,2.5
1.0,"2019-08-17 23:19:25.000000","2019-08-17 23:38:48.000000",1.0,5.4,1.0,N,234.0,74.0,2.0,18.0,3.0,0.5,0.0,0.0,0.3,21.8,2.5
1.0,"2019-08-18 02:34:32.000000","2019-08-18 02:48:40.000000",1.0,5.6,1.0,Y,234.0,74.0,1.0,16.5,3.0,0.5,4.05,0.0,0.3,24.35,2.5
2.0,"2019-08-18 02:43:04.000000","2019-08-18 03:01:24.000000",1.0,4.89,1.0,N,234.0,74.0,1.0,17.5,0.5,0.5,4.26,0.0,0.3,25.56,2.5
1.0,"2019-08-18 02:13:54.000000","2019-08-18 02:29:43.000000",2.0,5.3,1.0,N,234.0,74.0,2.0,16.5,3.0,0.5,0.0,0.0,0.3,20.3,2.5
2.0,"2019-08-18 03:44:56.000000","2019-08-18 03:59:44.000000",1.0,5.22,1.0,N,234.0,74.0,1.0,16.5,0.5,0.5,4.06,0.0,0.3,24.36,2.5
1.0,"2019-08-18 04:19:00.000000","2019-08-18 04:34:58.000000",1.0,5.4,1.0,N,234.0,74.0,1.0,17.0,3.0,0.5,2.0,0.0,0.3,22.8,2.5
2.0,"2019-08-18 07:10:06.000000","2019-08-18 07:32:36.000000",1.0,4.99,1.0,N,234.0,74.0,2.0,19.5,0.0,0.5,0.0,0.0,0.3,22.8,2.5
1.0,"2019-08-18 09:05:32.000000","2019-08-18 09:29:41.000000",4.0,7.9,1.0,N,234.0,74.0,2.0,26.0,2.5,0.5,0.0,0.0,0.3,29.3,2.5
1.0,"2019-08-18 16:24:53.000000","2019-08-18 16:49:10.000000",1.0,5.8,1.0,N,234.0,74.0,1.0,21.5,2.5,0.5,8.0,0.0,0.3,32.8,2.5
2.0,"2019-08-18 17:58:55.000000","2019-08-18 18:24:28.000000",1.0,5.51,1.0,N,234.0,74.0,2.0,21.0,0.0,0.5,0.0,0.0,0.3,24.3,2.5
1.0,"2019-08-18 22:53:25.000000","2019-08-18 23:11:56.000000",1.0,5.4,1.0,Y,234.0,74.0,1.0,18.0,3.0,0.5,1.0,0.0,0.3,22.8,2.5
2.0,"2019-08-18 22:53:04.000000","2019-08-18 23:13:21.000000",1.0,6.02,1.0,N,234.0,74.0,2.0,19.0,0.5,0.5,0.0,0.0,0.3,22.8,2.5
1.0,"2019-08-19 05:42:08.000000","2019-08-19 05:58:09.000000",1.0,6.5,1.0,N,234.0,74.0,2.0,20.0,3.0,0.5,0.0,0.0,0.3,23.8,2.5
1.0,"2019-08-19 16:04:19.000000","2019-08-19 16:38:52.000000",1.0,5.5,1.0,N,234.0,74.0,1.0,25.0,3.5,0.5,5.85,0.0,0.3,35.15,2.5
2.0,"2019-08-19 18:31:45.000000","2019-08-19 18:53:35.000000",1.0,5.13,1.0,N,234.0,74.0,1.0,18.5,1.0,0.5,2.0,0.0,0.3,24.8,2.5
2.0,"2019-08-19 19:03:57.000000","2019-08-19 19:20:05.000000",1.0,5.05,1.0,N,234.0,74.0,1.0,17.0,1.0,0.5,3.2,0.0,0.3,24.5,2.5
2.0,"2019-08-19 20:04:43.000000","2019-08-19 20:26:23.000000",2.0,5.02,1.0,N,234.0,74.0,1.0,18.0,1.0,0.5,4.0,0.0,0.3,26.3,2.5
2.0,"2019-08-19 20:53:27.000000","2019-08-19 21:13:45.000000",1.0,4.99,1.0,N,234.0,74.0,1.0,17.5,0.5,0.5,4.26,0.0,0.3,25.56,2.5
1.0,"2019-08-19 21:26:57.000000","2019-08-19 21:48:03.000000",1.0,5.6,1.0,N,234.0,74.0,1.0,19.5,3.0,0.5,5.8,0.0,0.3,29.1,2.5
2.0,"2019-08-19 23:20:06.000000","2019-08-19 23:36:38.000000",2.0,4.82,1.0,N,234.0,74.0,1.0,16.0,0.5,0.5,3.0,0.0,0.3,22.8,2.5
2.0,"2019-08-19 23:42:49.000000","2019-08-20 00:01:39.000000",1.0,6.01,1.0,N,234.0,74.0,1.0,20.5,0.5,0.5,0.0,0.0,0.3,24.3,2.5
2.0,"2019-08-20 00:30:51.000000","2019-08-20 00:44:43.000000",1.0,4.57,1.0,N,234.0,74.0,1.0,15.0,0.5,0.5,1.0,0.0,0.3,19.8,2.5
2.0,"2019-08-20 01:46:19.000000","2019-08-20 01:59:27.000000",1.0,5.75,1.0,N,234.0,74.0,1.0,18.0,0.5,0.5,0.0,0.0,0.3,21.8,2.5
2.0,"2019-08-20 03:38:46.000000","2019-08-20 03:53:09.000000",3.0,6.3,1.0,N,234.0,74.0,1.0,19.5,0.5,0.5,4.66,0.0,0.3,27.96,2.5
1.0,"2019-08-20 14:01:49.000000","2019-08-20 14:33:48.000000",3.0,6.3,1.0,N,234.0,74.0,1.0,24.0,2.5,0.5,5.45,0.0,0.3,32.75,2.5
1.0,"2019-08-20 15:05:03.000000","2019-08-20 15:36:38.000000",0.0,7.2,1.0,N,234.0,74.0,2.0,26.5,2.5,0.5,0.0,0.0,0.3,29.8,2.5
1.0,"2019-08-20 19:00:05.000000","2019-08-20 19:27:03.000000",1.0,5.2,1.0,Y,234.0,74.0,1.0,20.5,3.5,0.5,6.2,0.0,0.3,31.0,2.5
2.0,"2019-08-20 19:53:09.000000","2019-08-20 20:17:36.000000",2.0,6.66,1.0,N,234.0,74.0,1.0,23.5,1.0,0.5,5.56,0.0,0.3,33.36,2.5
2.0,"2019-08-20 19:47:19.000000","2019-08-20 20:22:44.000000",1.0,5.87,1.0,N,234.0,74.0,1.0,25.5,1.0,0.5,8.94,0.0,0.3,38.74,2.5
2.0,"2019-08-20 20:23:09.000000","2019-08-20 20:49:52.000000",1.0,5.75,1.0,N,234.0,74.0,2.0,22.0,0.5,0.5,0.0,0.0,0.3,25.8,2.5
2.0,"2019-08-20 21:14:35.000000","2019-08-20 21:36:07.000000",1.0,5.0,1.0,N,234.0,74.0,1.0,18.0,0.5,0.5,4.36,0.0,0.3,26.16,2.5
2.0,"2019-08-20 22:00:32.000000","2019-08-20 22:18:46.000000",1.0,5.47,1.0,N,234.0,74.0,1.0,18.0,0.5,0.5,4.36,0.0,0.3,26.16,2.5
2.0,"2019-08-20 22:16:40.000000","2019-08-20 22:39:02.000000",4.0,6.04,1.0,N,234.0,74.0,1.0,20.0,0.5,0.5,1.0,0.0,0.3,24.8,2.5
2.0,"2019-08-20 23:29:47.000000","2019-08-20 23:44:50.000000",5.0,5.87,1.0,N,234.0,74.0,2.0,18.5,0.5,0.5,0.0,0.0,0.3,22.3,2.5
2.0,"2019-08-21 02:56:48.000000","2019-08-21 03:11:59.000000",5.0,5.69,1.0,N,234.0,74.0,2.0,17.5,0.5,0.5,0.0,0.0,0.3,21.3,2.5
1.0,"2019-08-21 03:22:12.000000","2019-08-21 03:50:24.000000",3.0,8.6,1.0,N,234.0,74.0,1.0,28.0,3.0,0.5,5.0,0.0,0.3,36.8,2.5
2.0,"2019-08-21 18:51:27.000000","2019-08-21 19:13:38.000000",2.0,5.42,1.0,N,234.0,74.0,2.0,19.5,1.0,0.5,0.0,0.0,0.3,23.8,2.5
2.0,"2019-08-21 20:45:50.000000","2019-08-21 21:13:16.000000",2.0,5.06,1.0,N,234.0,74.0,1.0,21.0,0.5,0.5,4.96,0.0,0.3,29.76,2.5
2.0,"2019-08-21 21:17:54.000000","2019-08-21 21:39:48.000000",3.0,4.53,1.0,N,234.0,74.0,1.0,17.5,0.5,0.5,2.0,0.0,0.3,23.3,2.5
1.0,"2019-08-21 22:21:51.000000","2019-08-21 22:40:44.000000",2.0,5.2,1.0,N,234.0,74.0,1.0,17.5,3.0,0.5,4.25,0.0,0.3,25.55,2.5
1.0,"2019-08-21 22:09:22.000000","2019-08-21 22:29:52.000000",1.0,5.0,1.0,N,234.0,74.0,2.0,18.0,3.0,0.5,0.0,0.0,0.3,21.8,2.5
2.0,"2019-08-21 23:55:01.000000","2019-08-22 00:08:39.000000",1.0,4.53,1.0,N,234.0,74.0,2.0,14.5,0.5,0.5,0.0,0.0,0.3,18.3,2.5
2.0,"2019-08-22 03:29:58.000000","2019-08-22 03:43:49.000000",1.0,5.39,1.0,N,234.0,74.0,1.0,17.5,0.5,0.5,4.0,0.0,0.3,25.3,2.5
2.0,"2019-08-22 05:35:56.000000","2019-08-22 05:51:14.000000",1.0,6.48,1.0,N,234.0,74.0,2.0,20.0,0.5,0.5,0.0,0.0,0.3,23.8,2.5
1.0,"2019-08-22 10:57:40.000000","2019-08-22 11:27:28.000000",1.0,5.8,1.0,N,234.0,74.0,1.0,23.5,2.5,0.5,2.0,0.0,0.3,28.8,2.5
2.0,"2019-08-22 21:27:40.000000","2019-08-22 21:52:05.000000",1.0,5.91,1.0,N,234.0,74.0,1.0,20.5,0.5,0.5,1.0,0.0,0.3,25.3,2.5
2.0,"2019-08-22 22:38:59.000000","2019-08-22 22:59:57.000000",1.0,4.66,1.0,N,234.0,74.0,1.0,17.5,0.5,0.5,4.26,0.0,0.3,25.56,2.5
2.0,"2019-08-22 23:22:48.000000","2019-08-22 23:54:12.000000",6.0,7.52,1.0,N,234.0,74.0,2.0,25.5,0.5,0.5,0.0,0.0,0.3,29.3,2.5
2.0,"2019-08-22 23:04:15.000000","2019-08-22 23:33:26.000000",1.0,5.58,1.0,N,234.0,74.0,1.0,22.5,0.5,0.5,5.26,0.0,0.3,31.56,2.5
2.0,"2019-08-22 23:14:18.000000","2019-08-22 23:33:50.000000",2.0,4.66,1.0,N,234.0,74.0,1.0,17.0,0.5,0.5,4.16,0.0,0.3,24.96,2.5
2.0,"2019-08-22 23:43:52.000000","2019-08-23 00:03:59.000000",1.0,5.48,1.0,N,234.0,74.0,1.0,18.5,0.5,0.5,4.46,0.0,0.3,26.76,2.5
1.0,"2019-08-22 23:52:57.000000","2019-08-23 00:16:20.000000",1.0,4.9,1.0,N,234.0,74.0,2.0,19.0,3.0,0.5,0.0,0.0,0.3,22.8,2.5
1.0,"2019-08-23 02:15:13.000000","2019-08-23 02:30:03.000000",2.0,5.2,1.0,N,234.0,74.0,1.0,16.0,3.0,0.5,3.0,0.0,0.3,22.8,2.5
2.0,"2019-08-23 07:14:53.000000","2019-08-23 07:33:15.000000",1.0,5.98,1.0,N,234.0,74.0,1.0,18.5,0.0,0.5,4.0,0.0,0.3,25.8,2.5
1.0,"2019-08-23 19:10:18.000000","2019-08-23 19:33:22.000000",1.0,5.2,1.0,N,234.0,74.0,1.0,19.5,3.5,0.5,4.75,0.0,0.3,28.55,2.5
2.0,"2019-08-23 20:22:06.000000","2019-08-23 20:42:04.000000",1.0,5.82,1.0,N,234.0,74.0,1.0,20.0,0.5,0.5,4.08,0.0,0.3,27.88,2.5
2.0,"2019-08-23 22:10:57.000000","2019-08-23 22:32:22.000000",1.0,4.82,1.0,N,234.0,74.0,2.0,17.5,0.5,0.5,0.0,0.0,0.3,21.3,2.5
2.0,"2019-08-24 01:19:50.000000","2019-08-24 01:36:41.000000",1.0,5.9,1.0,N,234.0,74.0,1.0,18.5,0.5,0.5,4.46,0.0,0.3,26.76,2.5
2.0,"2019-08-24 02:23:49.000000","2019-08-24 02:41:47.000000",1.0,5.34,1.0,N,234.0,74.0,2.0,18.0,0.5,0.5,0.0,0.0,0.3,21.8,2.5
2.0,"2019-08-24 04:38:51.000000","2019-08-24 04:57:12.000000",5.0,6.53,1.0,N,234.0,74.0,1.0,21.0,0.5,0.5,6.2,0.0,0.3,31.0,2.5
2.0,"2019-08-24 05:15:43.000000","2019-08-24 05:32:14.000000",1.0,7.11,1.0,N,234.0,74.0,1.0,22.5,0.5,0.5,1.0,0.0,0.3,27.3,2.5
1.0,"2019-08-24 09:44:37.000000","2019-08-24 10:01:31.000000",1.0,4.8,1.0,N,234.0,74.0,2.0,16.0,2.5,0.5,0.0,0.0,0.3,19.3,2.5
2.0,"2019-08-24 14:21:23.000000","2019-08-24 14:43:29.000000",1.0,4.98,1.0,N,234.0,74.0,2.0,18.5,0.0,0.5,0.0,0.0,0.3,21.8,2.5
2.0,"2019-08-24 14:02:03.000000","2019-08-24 14:19:59.000000",1.0,7.15,1.0,N,234.0,74.0,1.0,22.5,0.0,0.5,5.16,0.0,0.3,30.96,2.5
1.0,"2019-08-24 16:26:40.000000","2019-08-24 16:54:18.000000",1.0,0.0,1.0,N,234.0,74.0,1.0,24.2,0.0,0.5,0.0,0.0,0.3,25.0,0.0
1.0,"2019-08-24 17:29:38.000000","2019-08-24 17:49:26.000000",1.0,5.1,1.0,N,234.0,74.0,1.0,17.5,3.5,0.5,5.45,0.0,0.3,27.25,2.5
2.0,"2019-08-24 17:39:47.000000","2019-08-24 18:02:16.000000",2.0,5.59,1.0,N,234.0,74.0,1.0,20.0,0.0,0.5,4.66,0.0,0.3,27.96,2.5
2.0,"2019-08-24 23:08:23.000000","2019-08-24 23:25:51.000000",1.0,4.95,1.0,N,234.0,74.0,1.0,16.5,0.5,0.5,4.0,0.0,0.3,24.3,2.5
2.0,"2019-08-24 23:11:24.000000","2019-08-24 23:28:53.000000",1.0,4.93,1.0,N,234.0,74.0,2.0,16.5,0.5,0.5,0.0,0.0,0.3,20.3,2.5
1.0,"2019-08-24 23:11:33.000000","2019-08-24 23:27:13.000000",1.0,5.2,1.0,N,234.0,74.0,2.0,17.0,3.0,0.5,0.0,0.0,0.3,20.8,2.5
1.0,"2019-08-25 00:17:22.000000","2019-08-25 00:42:06.000000",1.0,6.9,1.0,N,234.0,74.0,2.0,22.5,3.0,0.5,0.0,0.0,0.3,26.3,2.5
2.0,"2019-08-25 01:32:03.000000","2019-08-25 01:51:24.000000",1.0,5.75,1.0,N,234.0,74.0,1.0,18.5,0.5,0.5,5.58,0.0,0.3,27.88,2.5
1.0,"2019-08-25 01:40:25.000000","2019-08-25 02:02:38.000000",1.0,8.0,1.0,N,234.0,74.0,1.0,26.0,3.0,0.5,2.0,0.0,0.3,31.8,2.5
2.0,"2019-08-25 23:14:05.000000","2019-08-25 23:33:15.000000",1.0,5.27,1.0,N,234.0,74.0,1.0,18.0,0.5,0.5,1.0,0.0,0.3,22.8,2.5
2.0,"2019-08-26 02:24:04.000000","2019-08-26 02:39:00.000000",1.0,4.99,1.0,N,234.0,74.0,2.0,16.0,0.5,0.5,0.0,0.0,0.3,19.8,2.5
1.0,"2019-08-26 05:57:51.000000","2019-08-26 06:19:26.000000",1.0,5.8,1.0,N,234.0,74.0,2.0,20.5,3.0,0.5,0.0,0.0,0.3,24.3,2.5
2.0,"2019-08-26 06:48:43.000000","2019-08-26 07:24:20.000000",1.0,5.96,1.0,N,234.0,74.0,2.0,26.5,0.0,0.5,0.0,0.0,0.3,29.8,2.5
2.0,"2019-08-26 14:15:06.000000","2019-08-26 14:49:24.000000",2.0,6.41,1.0,N,234.0,74.0,2.0,26.0,0.0,0.5,0.0,0.0,0.3,29.3,2.5
2.0,"2019-08-26 15:56:01.000000","2019-08-26 16:23:04.000000",1.0,5.12,1.0,N,234.0,74.0,1.0,20.5,0.0,0.5,4.76,0.0,0.3,28.56,2.5
1.0,"2019-08-26 22:26:26.000000","2019-08-26 22:47:58.000000",1.0,5.3,1.0,N,234.0,74.0,2.0,19.0,3.0,0.5,0.0,0.0,0.3,22.8,2.5
2.0,"2019-08-26 23:40:16.000000","2019-08-26 23:57:15.000000",5.0,5.33,1.0,N,234.0,74.0,2.0,17.0,0.5,0.5,0.0,0.0,0.3,20.8,2.5
2.0,"2019-08-27 01:44:22.000000","2019-08-27 01:58:09.000000",1.0,4.77,1.0,N,234.0,74.0,1.0,15.0,0.5,0.5,1.0,0.0,0.3,19.8,2.5
2.0,"2019-08-27 09:20:06.000000","2019-08-27 09:44:28.000000",1.0,6.23,1.0,N,234.0,74.0,1.0,22.5,0.0,0.5,3.87,0.0,0.3,29.67,2.5
1.0,"2019-08-27 13:42:20.000000","2019-08-27 14:06:07.000000",2.0,7.6,1.0,N,234.0,74.0,2.0,24.5,2.5,0.5,0.0,0.0,0.3,27.8,2.5
1.0,"2019-08-27 18:10:54.000000","2019-08-27 18:38:39.000000",1.0,6.0,1.0,N,234.0,74.0,1.0,22.5,3.5,0.5,5.35,0.0,0.3,32.15,2.5
2.0,"2019-08-27 18:18:23.000000","2019-08-27 18:45:14.000000",2.0,5.57,1.0,N,234.0,74.0,1.0,22.0,1.0,0.5,5.26,0.0,0.3,31.56,2.5
1.0,"2019-08-27 19:26:34.000000","2019-08-27 19:52:51.000000",1.0,4.7,1.0,N,234.0,74.0,1.0,19.5,3.5,0.5,4.75,0.0,0.3,28.55,2.5
2.0,"2019-08-27 22:24:38.000000","2019-08-27 22:41:17.000000",1.0,4.52,1.0,N,234.0,74.0,2.0,15.5,0.5,0.5,0.0,0.0,0.3,19.3,2.5
1.0,"2019-08-27 23:01:29.000000","2019-08-27 23:23:17.000000",2.0,6.4,1.0,N,234.0,74.0,1.0,20.5,3.0,0.5,6.05,0.0,0.3,30.35,2.5
1.0,"2019-08-27 23:12:11.000000","2019-08-27 23:30:06.000000",1.0,6.0,1.0,N,234.0,74.0,2.0,20.0,3.0,0.5,0.0,0.0,0.3,23.8,2.5
2.0,"2019-08-28 00:08:26.000000","2019-08-28 00:30:43.000000",1.0,4.96,1.0,N,234.0,74.0,1.0,18.5,0.5,0.5,3.0,0.0,0.3,25.3,2.5
1.0,"2019-08-28 01:00:56.000000","2019-08-28 01:16:12.000000",1.0,5.0,1.0,N,234.0,74.0,1.0,16.5,3.0,0.5,2.03,0.0,0.3,22.33,2.5
2.0,"2019-08-28 06:11:29.000000","2019-08-28 06:27:45.000000",1.0,5.88,1.0,N,234.0,74.0,1.0,17.5,0.0,0.5,4.0,0.0,0.3,24.8,2.5
2.0,"2019-08-28 18:28:16.000000","2019-08-28 18:53:52.000000",1.0,6.39,1.0,N,234.0,74.0,1.0,23.0,1.0,0.5,5.46,0.0,0.3,32.76,2.5
1.0,"2019-08-28 19:54:59.000000","2019-08-28 20:19:21.000000",1.0,5.4,1.0,N,234.0,74.0,1.0,20.0,3.0,0.5,2.2,0.0,0.3,26.0,2.5
2.0,"2019-08-28 21:52:08.000000","2019-08-28 22:18:29.000000",2.0,5.54,1.0,N,234.0,74.0,1.0,21.5,0.5,0.5,5.06,0.0,0.3,30.36,2.5
1.0,"2019-08-28 21:12:35.000000","2019-08-28 21:35:44.000000",1.0,6.7,1.0,N,234.0,74.0,1.0,22.0,3.0,0.5,3.5,0.0,0.3,29.3,2.5
1.0,"2019-08-28 21:01:58.000000","2019-08-28 21:26:10.000000",2.0,5.4,1.0,N,234.0,74.0,1.0,20.5,3.0,0.5,2.0,0.0,0.3,26.3,2.5
1.0,"2019-08-28 21:04:12.000000","2019-08-28 21:22:53.000000",1.0,4.3,1.0,N,234.0,74.0,3.0,16.0,3.0,0.5,0.0,0.0,0.3,19.8,2.5
2.0,"2019-08-28 22:27:22.000000","2019-08-28 22:50:47.000000",2.0,5.29,1.0,N,234.0,74.0,1.0,19.5,0.5,0.5,2.5,0.0,0.3,25.8,2.5
2.0,"2019-08-29 00:35:21.000000","2019-08-29 00:49:45.000000",5.0,5.21,1.0,N,234.0,74.0,1.0,16.0,0.5,0.5,3.96,0.0,0.3,23.76,2.5
2.0,"2019-08-29 08:03:28.000000","2019-08-29 08:32:41.000000",1.0,6.62,1.0,N,234.0,74.0,2.0,24.0,0.0,0.5,0.0,0.0,0.3,27.3,2.5
2.0,"2019-08-29 14:24:58.000000","2019-08-29 14:57:09.000000",2.0,5.38,1.0,N,234.0,74.0,1.0,24.0,0.0,0.5,5.46,0.0,0.3,32.76,2.5
2.0,"2019-08-29 14:55:14.000000","2019-08-29 15:22:35.000000",1.0,6.51,1.0,N,234.0,74.0,2.0,22.5,0.0,0.5,0.0,0.0,0.3,25.8,2.5
2.0,"2019-08-29 15:29:43.000000","2019-08-29 16:05:16.000000",1.0,5.66,1.0,N,234.0,74.0,1.0,25.0,0.0,0.5,5.66,0.0,0.3,33.96,2.5
2.0,"2019-08-29 16:36:04.000000","2019-08-29 17:07:37.000000",1.0,5.49,1.0,N,234.0,74.0,1.0,23.0,1.0,0.5,5.46,0.0,0.3,32.76,2.5
2.0,"2019-08-29 20:10:18.000000","2019-08-29 20:31:07.000000",2.0,5.75,1.0,N,234.0,74.0,1.0,20.5,0.5,0.5,4.86,0.0,0.3,29.16,2.5
1.0,"2019-08-29 21:22:45.000000","2019-08-29 21:45:51.000000",1.0,4.9,1.0,N,234.0,74.0,1.0,19.5,3.0,0.5,0.0,0.0,0.3,23.3,2.5
2.0,"2019-08-29 21:01:27.000000","2019-08-29 21:24:36.000000",1.0,4.79,1.0,N,234.0,74.0,2.0,19.0,0.5,0.5,0.0,0.0,0.3,22.8,2.5
1.0,"2019-08-30 02:58:52.000000","2019-08-30 03:16:15.000000",2.0,6.2,1.0,N,234.0,74.0,1.0,20.5,3.0,0.5,7.29,0.0,0.3,31.59,2.5
1.0,"2019-08-30 02:38:55.000000","2019-08-30 02:55:07.000000",1.0,5.1,1.0,N,234.0,74.0,1.0,17.0,3.0,0.5,6.2,0.0,0.3,27.0,2.5
2.0,"2019-08-30 12:32:49.000000","2019-08-30 12:58:44.000000",1.0,6.49,1.0,N,234.0,74.0,1.0,23.5,0.0,0.5,1.0,0.0,0.3,27.8,2.5
2.0,"2019-08-30 17:42:09.000000","2019-08-30 18:05:46.000000",1.0,5.61,1.0,N,234.0,74.0,1.0,20.0,1.0,0.5,4.86,0.0,0.3,29.16,2.5
2.0,"2019-08-30 17:34:48.000000","2019-08-30 18:04:26.000000",2.0,5.43,1.0,N,234.0,74.0,1.0,22.0,1.0,0.5,3.0,0.0,0.3,29.3,2.5
2.0,"2019-08-30 19:52:32.000000","2019-08-30 20:14:20.000000",1.0,4.92,1.0,N,234.0,74.0,1.0,18.0,1.0,0.5,1.0,0.0,0.3,23.3,2.5
2.0,"2019-08-30 20:53:35.000000","2019-08-30 21:30:31.000000",1.0,8.0,1.0,N,234.0,74.0,2.0,29.5,0.5,0.5,0.0,0.0,0.3,33.3,2.5
2.0,"2019-08-30 20:58:00.000000","2019-08-30 21:17:22.000000",1.0,4.58,1.0,N,234.0,74.0,2.0,17.0,0.5,0.5,0.0,0.0,0.3,20.8,2.5
2.0,"2019-08-30 23:38:49.000000","2019-08-30 23:54:26.000000",5.0,5.3,1.0,N,234.0,74.0,1.0,16.5,0.5,0.5,4.06,0.0,0.3,24.36,2.5
2.0,"2019-08-30 23:32:27.000000","2019-08-31 00:01:22.000000",1.0,7.83,1.0,N,234.0,74.0,1.0,27.5,0.5,0.5,0.0,0.0,0.3,31.3,2.5
2.0,"2019-08-30 23:42:38.000000","2019-08-30 23:59:57.000000",1.0,5.27,1.0,N,234.0,74.0,1.0,17.0,0.5,0.5,0.0,0.0,0.3,20.8,2.5
2.0,"2019-08-31 00:22:11.000000","2019-08-31 00:39:13.000000",1.0,4.88,1.0,N,234.0,74.0,1.0,16.0,0.5,0.5,3.96,0.0,0.3,23.76,2.5
2.0,"2019-08-31 00:40:18.000000","2019-08-31 00:53:18.000000",1.0,4.71,1.0,N,234.0,74.0,1.0,14.5,0.5,0.5,3.16,0.0,0.3,18.96,0.0
1.0,"2019-08-31 01:17:04.000000","2019-08-31 01:32:33.000000",3.0,5.1,1.0,N,234.0,74.0,2.0,16.5,3.0,0.5,0.0,0.0,0.3,20.3,2.5
1.0,"2019-08-31 02:47:12.000000","2019-08-31 03:01:25.000000",0.0,5.5,1.0,N,234.0,74.0,1.0,16.5,3.0,0.5,0.0,0.0,0.3,20.3,2.5
2.0,"2019-08-31 03:31:23.000000","2019-08-31 03:48:02.000000",5.0,4.95,1.0,N,234.0,74.0,2.0,16.5,0.5,0.5,0.0,0.0,0.3,20.3,2.5
2.0,"2019-08-31 03:28:58.000000","2019-08-31 03:43:17.000000",1.0,5.59,1.0,N,234.0,74.0,1.0,17.0,0.5,0.5,1.5,0.0,0.3,22.3,2.5
2.0,"2019-08-31 03:36:28.000000","2019-08-31 03:55:43.000000",1.0,5.98,1.0,N,234.0,74.0,2.0,20.0,0.5,0.5,0.0,0.0,0.3,23.8,2.5
2.0,"2019-08-31 12:06:16.000000","2019-08-31 12:26:17.000000",1.0,5.28,1.0,N,234.0,74.0,1.0,18.0,0.0,0.5,2.0,0.0,0.3,23.3,2.5
1.0,"2019-08-31 12:53:43.000000","2019-08-31 13:10:39.000000",1.0,5.4,1.0,N,234.0,74.0,1.0,17.5,2.5,0.5,4.15,0.0,0.3,24.95,2.5
2.0,"2019-08-31 13:26:19.000000","2019-08-31 13:59:34.000000",1.0,8.76,1.0,N,234.0,74.0,1.0,30.0,0.0,0.5,6.66,0.0,0.3,39.96,2.5
2.0,"2019-08-31 15:05:48.000000","2019-08-31 15:27:13.000000",5.0,4.97,1.0,N,234.0,74.0,1.0,18.0,0.0,0.5,2.7,0.0,0.3,24.0,2.5
2.0,"2019-08-31 16:02:32.000000","2019-08-31 16:30:17.000000",2.0,5.06,1.0,N,234.0,74.0,1.0,20.5,0.0,0.5,2.0,0.0,0.3,25.8,2.5
1.0,"2019-08-31 16:28:22.000000","2019-08-31 16:54:27.000000",1.0,6.6,1.0,Y,234.0,74.0,1.0,23.0,2.5,0.5,5.25,0.0,0.3,31.55,2.5
2.0,"2019-08-31 18:49:17.000000","2019-08-31 19:11:56.000000",1.0,5.6,1.0,N,234.0,74.0,1.0,20.0,0.0,0.5,1.0,0.0,0.3,24.3,2.5
2.0,"2019-08-31 18:10:53.000000","2019-08-31 18:40:09.000000",3.0,5.36,1.0,N,234.0,74.0,2.0,23.0,0.0,0.5,0.0,0.0,0.3,26.3,2.5
,"2019-08-01 10:59:39.000000","2019-08-01 11:21:46.000000",,7.49,,,234.0,74.0,,31.81,2.75,0.0,0.0,0.0,0.3,34.86,0.0
,"2019-08-17 22:18:16.000000","2019-08-17 22:44:51.000000",,5.46,,,234.0,74.0,,26.7,5.5,0.0,0.0,0.0,0.3,32.5,0.0
