2.0,"2019-08-01 00:33:15.000000","2019-08-01 00:56:07.000000",2.0,4.83,1.0,N,234.0,75.0,2.0,18.5,0.5,0.5,0.0,0.0,0.3,22.3,2.5
2.0,"2019-08-01 00:04:15.000000","2019-08-01 00:23:15.000000",1.0,4.71,1.0,N,234.0,75.0,1.0,17.0,0.5,0.5,2.0,0.0,0.3,22.8,2.5
2.0,"2019-08-01 08:22:50.000000","2019-08-01 08:52:49.000000",1.0,3.83,1.0,N,234.0,75.0,1.0,20.5,0.0,0.5,4.76,0.0,0.3,28.56,2.5
1.0,"2019-08-01 08:34:11.000000","2019-08-01 08:53:10.000000",1.0,5.3,1.0,N,234.0,75.0,1.0,19.0,2.5,0.5,3.35,0.0,0.3,25.65,2.5
1.0,"2019-08-01 11:36:11.000000","2019-08-01 11:57:37.000000",1.0,5.4,1.0,N,234.0,75.0,1.0,20.0,2.5,0.5,1.0,0.0,0.3,24.3,2.5
1.0,"2019-08-01 14:19:27.000000","2019-08-01 14:45:50.000000",1.0,3.8,1.0,Y,234.0,75.0,1.0,19.0,2.5,0.5,2.5,0.0,0.3,24.8,2.5
2.0,"2019-08-01 15:07:43.000000","2019-08-01 15:57:44.000000",4.0,5.49,1.0,N,234.0,75.0,1.0,30.5,0.0,0.5,10.14,0.0,0.3,43.94,2.5
1.0,"2019-08-01 15:14:09.000000","2019-08-01 15:59:04.000000",0.0,4.1,1.0,N,234.0,75.0,1.0,27.5,2.5,0.5,6.16,0.0,0.3,36.96,2.5
2.0,"2019-08-01 15:18:07.000000","2019-08-01 15:43:25.000000",1.0,3.85,1.0,N,234.0,75.0,1.0,18.0,0.0,0.5,4.26,0.0,0.3,25.56,2.5
2.0,"2019-08-01 16:13:08.000000","2019-08-01 16:45:39.000000",1.0,4.29,1.0,N,234.0,75.0,1.0,22.0,1.0,0.5,1.0,0.0,0.3,27.3,2.5
2.0,"2019-08-01 18:39:26.000000","2019-08-01 19:09:37.000000",1.0,4.8,1.0,N,234.0,75.0,1.0,21.5,1.0,0.5,5.0,0.0,0.3,30.8,2.5
2.0,"2019-08-01 19:56:42.000000","2019-08-01 20:17:03.000000",1.0,5.03,1.0,N,234.0,75.0,2.0,18.0,1.0,0.5,0.0,0.0,0.3,22.3,2.5
2.0,"2019-08-01 20:23:43.000000","2019-08-01 20:48:18.000000",1.0,5.0,1.0,N,234.0,75.0,1.0,19.5,0.5,0.5,2.0,0.0,0.3,25.3,2.5
1.0,"2019-08-01 20:48:24.000000","2019-08-01 21:09:42.000000",1.0,4.1,1.0,N,234.0,75.0,1.0,17.0,3.0,0.5,4.15,0.0,0.3,24.95,2.5
2.0,"2019-08-01 20:49:08.000000","2019-08-01 21:09:30.000000",4.0,3.67,1.0,N,234.0,75.0,1.0,16.0,0.5,0.5,3.96,0.0,0.3,23.76,2.5
2.0,"2019-08-01 20:37:01.000000","2019-08-01 21:05:15.000000",5.0,4.95,1.0,N,234.0,75.0,1.0,20.5,0.5,0.5,2.19,0.0,0.3,26.49,2.5
2.0,"2019-08-01 21:40:18.000000","2019-08-01 21:57:33.000000",2.0,3.95,1.0,N,234.0,75.0,1.0,15.0,0.5,0.5,3.76,0.0,0.3,22.56,2.5
2.0,"2019-08-01 21:12:58.000000","2019-08-01 21:35:28.000000",1.0,4.16,1.0,N,234.0,75.0,1.0,17.5,0.5,0.5,4.26,0.0,0.3,25.56,2.5
2.0,"2019-08-01 22:23:58.000000","2019-08-01 22:45:12.000000",4.0,3.95,1.0,N,234.0,75.0,1.0,17.0,0.5,0.5,3.5,0.0,0.3,24.3,2.5
2.0,"2019-08-01 22:09:52.000000","2019-08-01 22:28:45.000000",1.0,3.96,1.0,N,234.0,75.0,1.0,16.0,0.5,0.5,3.96,0.0,0.3,23.76,2.5
1.0,"2019-08-02 00:05:59.000000","2019-08-02 00:23:33.000000",2.0,3.9,1.0,N,234.0,75.0,1.0,15.0,3.0,0.5,3.75,0.0,0.3,22.55,2.5
2.0,"2019-08-02 00:05:34.000000","2019-08-02 00:23:45.000000",1.0,4.77,1.0,N,234.0,75.0,1.0,16.5,0.5,0.5,2.0,0.0,0.3,22.3,2.5
2.0,"2019-08-02 01:00:42.000000","2019-08-02 01:16:53.000000",1.0,4.64,1.0,N,234.0,75.0,1.0,15.5,0.5,0.5,4.83,0.0,0.3,24.13,2.5
2.0,"2019-08-02 07:19:21.000000","2019-08-02 07:48:23.000000",2.0,4.53,1.0,N,234.0,75.0,1.0,21.5,0.0,0.5,6.2,0.0,0.3,31.0,2.5
1.0,"2019-08-02 07:13:16.000000","2019-08-02 07:32:08.000000",1.0,3.6,1.0,N,234.0,75.0,1.0,15.0,2.5,0.5,5.45,0.0,0.3,23.75,2.5
2.0,"2019-08-02 09:27:00.000000","2019-08-02 09:57:36.000000",1.0,5.32,1.0,N,234.0,75.0,2.0,23.0,0.0,0.5,0.0,0.0,0.3,26.3,2.5
2.0,"2019-08-02 10:34:32.000000","2019-08-02 11:09:24.000000",1.0,4.02,1.0,N,234.0,75.0,1.0,21.5,0.0,0.5,4.96,0.0,0.3,29.76,2.5
2.0,"2019-08-02 11:54:04.000000","2019-08-02 12:20:21.000000",5.0,3.84,1.0,N,234.0,75.0,1.0,19.0,0.0,0.5,4.46,0.0,0.3,26.76,2.5
2.0,"2019-08-02 12:57:31.000000","2019-08-02 13:26:21.000000",6.0,4.37,1.0,N,234.0,75.0,1.0,21.0,0.0,0.5,6.08,0.0,0.3,30.38,2.5
1.0,"2019-08-02 12:12:53.000000","2019-08-02 12:47:30.000000",3.0,5.1,1.0,N,234.0,75.0,1.0,23.5,2.5,0.5,5.35,0.0,0.3,32.15,2.5
1.0,"2019-08-02 16:57:10.000000","2019-08-02 17:25:50.000000",1.0,3.8,1.0,N,234.0,75.0,1.0,20.0,3.5,0.5,4.86,0.0,0.3,29.16,2.5
1.0,"2019-08-02 17:38:12.000000","2019-08-02 18:09:47.000000",1.0,4.5,1.0,N,234.0,75.0,2.0,21.5,3.5,0.5,0.0,0.0,0.3,25.8,2.5
2.0,"2019-08-02 17:57:17.000000","2019-08-02 18:33:20.000000",1.0,5.4,1.0,N,234.0,75.0,1.0,23.0,1.0,0.5,4.0,0.0,0.3,31.3,2.5
1.0,"2019-08-02 17:46:59.000000","2019-08-02 18:17:10.000000",1.0,4.5,1.0,N,234.0,75.0,2.0,21.5,3.5,0.5,0.0,0.0,0.3,25.8,2.5
1.0,"2019-08-02 19:39:48.000000","2019-08-02 19:54:32.000000",1.0,3.6,1.0,N,234.0,75.0,1.0,13.5,3.5,0.5,3.55,0.0,0.3,21.35,2.5
2.0,"2019-08-02 21:22:50.000000","2019-08-02 21:49:59.000000",1.0,4.49,1.0,N,234.0,75.0,2.0,20.0,0.5,0.5,0.0,0.0,0.3,23.8,2.5
1.0,"2019-08-02 22:52:41.000000","2019-08-02 23:22:24.000000",1.0,4.8,1.0,Y,234.0,75.0,2.0,21.5,3.0,0.5,0.0,0.0,0.3,25.3,2.5
2.0,"2019-08-02 22:43:14.000000","2019-08-02 23:03:52.000000",2.0,4.29,1.0,N,234.0,75.0,1.0,17.5,0.5,0.5,5.32,0.0,0.3,26.62,2.5
2.0,"2019-08-02 23:51:46.000000","2019-08-03 00:09:57.000000",1.0,4.16,1.0,N,234.0,75.0,1.0,15.5,0.5,0.5,3.86,0.0,0.3,23.16,2.5
2.0,"2019-08-03 00:17:40.000000","2019-08-03 00:42:10.000000",3.0,5.48,1.0,N,234.0,75.0,1.0,21.5,0.5,0.5,4.0,0.0,0.3,29.3,2.5
2.0,"2019-08-03 00:42:02.000000","2019-08-03 00:57:13.000000",4.0,5.65,1.0,N,234.0,75.0,2.0,18.0,0.5,0.5,0.0,0.0,0.3,21.8,2.5
2.0,"2019-08-03 01:28:50.000000","2019-08-03 01:44:35.000000",1.0,4.33,1.0,N,234.0,75.0,1.0,15.0,0.5,0.5,0.0,0.0,0.3,18.8,2.5
2.0,"2019-08-03 02:32:29.000000","2019-08-03 02:50:20.000000",1.0,4.75,1.0,N,234.0,75.0,1.0,16.5,0.5,0.5,2.0,0.0,0.3,22.3,2.5
2.0,"2019-08-03 02:15:53.000000","2019-08-03 02:33:32.000000",3.0,5.04,1.0,N,234.0,75.0,1.0,17.5,0.5,0.5,4.26,0.0,0.3,25.56,2.5
2.0,"2019-08-03 02:38:41.000000","2019-08-03 03:04:32.000000",1.0,5.86,1.0,N,234.0,75.0,2.0,20.5,0.5,0.5,0.0,0.0,0.3,24.3,2.5
2.0,"2019-08-03 03:16:25.000000","2019-08-03 03:30:48.000000",1.0,4.88,1.0,N,234.0,75.0,1.0,16.0,0.5,0.5,2.0,0.0,0.3,21.8,2.5
2.0,"2019-08-03 12:35:49.000000","2019-08-03 13:00:21.000000",1.0,4.47,1.0,N,234.0,75.0,1.0,18.5,0.0,0.5,4.36,0.0,0.3,26.16,2.5
2.0,"2019-08-03 16:39:45.000000","2019-08-03 17:05:04.000000",1.0,5.2,1.0,N,234.0,75.0,1.0,19.5,0.0,0.5,4.56,0.0,0.3,27.36,2.5
2.0,"2019-08-03 17:00:01.000000","2019-08-03 17:25:31.000000",1.0,6.35,1.0,N,234.0,75.0,1.0,23.0,0.0,0.5,4.0,0.0,0.3,30.3,2.5
2.0,"2019-08-03 17:59:55.000000","2019-08-03 18:19:20.000000",2.0,4.55,1.0,N,234.0,75.0,2.0,16.5,0.0,0.5,0.0,0.0,0.3,19.8,2.5
2.0,"2019-08-03 18:27:42.000000","2019-08-03 18:45:31.000000",2.0,4.17,1.0,N,234.0,75.0,2.0,16.0,0.0,0.5,0.0,0.0,0.3,19.3,2.5
1.0,"2019-08-03 19:41:55.000000","2019-08-03 20:11:30.000000",1.0,5.4,1.0,N,234.0,75.0,2.0,22.0,2.5,0.5,0.0,0.0,0.3,25.3,2.5
2.0,"2019-08-03 19:12:31.000000","2019-08-03 19:39:54.000000",1.0,4.43,1.0,N,234.0,75.0,1.0,20.0,0.5,0.5,2.0,0.0,0.3,25.8,2.5
2.0,"2019-08-03 22:56:41.000000","2019-08-03 23:14:32.000000",6.0,4.4,1.0,N,234.0,75.0,2.0,15.5,0.5,0.5,0.0,0.0,0.3,19.3,2.5
2.0,"2019-08-03 22:27:24.000000","2019-08-03 22:50:53.000000",1.0,4.62,1.0,N,234.0,75.0,2.0,18.5,0.5,0.5,0.0,0.0,0.3,22.3,2.5
2.0,"2019-08-03 22:03:33.000000","2019-08-03 22:24:14.000000",1.0,5.18,1.0,N,234.0,75.0,1.0,18.5,0.5,0.5,5.58,0.0,0.3,27.88,2.5
2.0,"2019-08-04 00:33:29.000000","2019-08-04 00:48:30.000000",1.0,4.49,1.0,N,234.0,75.0,2.0,15.0,0.5,0.5,0.0,0.0,0.3,18.8,2.5
2.0,"2019-08-04 01:00:10.000000","2019-08-04 01:18:30.000000",1.0,4.46,1.0,N,234.0,75.0,1.0,16.0,0.5,0.5,2.0,0.0,0.3,21.8,2.5
2.0,"2019-08-04 07:17:31.000000","2019-08-04 07:36:33.000000",1.0,6.24,1.0,N,234.0,75.0,1.0,21.0,0.0,0.5,4.86,0.0,0.3,29.16,2.5
1.0,"2019-08-04 15:47:09.000000","2019-08-04 16:24:45.000000",1.0,0.0,1.0,N,234.0,75.0,1.0,22.2,0.0,0.5,0.0,0.0,0.3,23.0,0.0
1.0,"2019-08-04 16:23:27.000000","2019-08-04 16:52:53.000000",1.0,6.2,1.0,N,234.0,75.0,1.0,24.0,2.5,0.5,5.45,0.0,0.3,32.75,2.5
2.0,"2019-08-04 16:53:52.000000","2019-08-04 17:16:22.000000",3.0,4.29,1.0,N,234.0,75.0,1.0,17.5,0.0,0.5,2.5,0.0,0.3,23.3,2.5
2.0,"2019-08-04 17:07:56.000000","2019-08-04 17:31:15.000000",2.0,5.0,1.0,N,234.0,75.0,1.0,18.5,0.0,0.5,3.5,0.0,0.3,25.3,2.5
1.0,"2019-08-05 05:31:29.000000","2019-08-05 05:42:35.000000",1.0,4.1,1.0,N,234.0,75.0,2.0,13.0,3.0,0.5,0.0,0.0,0.3,16.8,2.5
2.0,"2019-08-05 07:11:08.000000","2019-08-05 07:28:41.000000",1.0,4.39,1.0,N,234.0,75.0,1.0,16.0,0.0,0.5,3.86,0.0,0.3,23.16,2.5
2.0,"2019-08-05 07:22:41.000000","2019-08-05 07:43:44.000000",2.0,4.32,1.0,N,234.0,75.0,1.0,17.5,0.0,0.5,3.0,0.0,0.3,23.8,2.5
1.0,"2019-08-05 08:15:41.000000","2019-08-05 08:36:58.000000",1.0,3.7,1.0,N,234.0,75.0,1.0,16.5,2.5,0.5,1.0,0.0,0.3,20.8,2.5
2.0,"2019-08-05 09:41:19.000000","2019-08-05 10:12:03.000000",1.0,4.32,1.0,N,234.0,75.0,1.0,22.0,0.0,0.5,5.06,0.0,0.3,30.36,2.5
2.0,"2019-08-05 12:03:21.000000","2019-08-05 12:36:52.000000",1.0,6.38,1.0,N,234.0,75.0,1.0,27.0,0.0,0.5,1.0,0.0,0.3,31.3,2.5
2.0,"2019-08-05 14:21:02.000000","2019-08-05 14:51:25.000000",5.0,4.36,1.0,N,234.0,75.0,1.0,21.5,0.0,0.5,3.0,0.0,0.3,27.8,2.5
2.0,"2019-08-05 14:40:34.000000","2019-08-05 15:02:30.000000",1.0,5.43,1.0,N,234.0,75.0,1.0,19.5,0.0,0.5,0.0,0.0,0.3,22.8,2.5
2.0,"2019-08-05 15:34:26.000000","2019-08-05 16:06:46.000000",1.0,5.44,1.0,N,234.0,75.0,1.0,24.5,0.0,0.5,0.0,0.0,0.3,25.3,0.0
2.0,"2019-08-05 15:44:56.000000","2019-08-05 16:20:06.000000",1.0,4.82,1.0,N,234.0,75.0,1.0,23.5,0.0,0.5,6.7,0.0,0.3,33.5,2.5
1.0,"2019-08-05 18:17:14.000000","2019-08-05 18:35:28.000000",1.0,5.5,1.0,N,234.0,75.0,1.0,19.0,3.5,0.5,4.0,0.0,0.3,27.3,2.5
1.0,"2019-08-05 18:20:01.000000","2019-08-05 18:42:34.000000",1.0,4.1,1.0,N,234.0,75.0,2.0,17.0,3.5,0.5,0.0,0.0,0.3,21.3,2.5
1.0,"2019-08-05 18:44:41.000000","2019-08-05 19:10:58.000000",1.0,4.8,1.0,N,234.0,75.0,1.0,20.0,3.5,0.5,4.85,0.0,0.3,29.15,2.5
1.0,"2019-08-05 19:30:20.000000","2019-08-05 19:53:13.000000",0.0,4.8,1.0,N,234.0,75.0,1.0,18.5,3.5,0.5,4.55,0.0,0.3,27.35,2.5
2.0,"2019-08-05 20:02:26.000000","2019-08-05 20:28:15.000000",2.0,4.37,1.0,N,234.0,75.0,1.0,19.0,0.5,0.5,3.42,0.0,0.3,26.22,2.5
2.0,"2019-08-05 21:54:17.000000","2019-08-05 22:16:35.000000",1.0,4.35,1.0,N,234.0,75.0,1.0,18.0,1.0,0.5,3.34,0.0,0.3,25.64,2.5
2.0,"2019-08-05 21:29:16.000000","2019-08-05 21:42:31.000000",1.0,4.1,1.0,N,234.0,75.0,1.0,14.0,0.5,0.5,1.0,0.0,0.3,18.8,2.5
2.0,"2019-08-05 21:09:33.000000","2019-08-05 21:34:49.000000",1.0,6.74,1.0,N,234.0,75.0,1.0,24.0,0.5,0.5,5.56,0.0,0.3,33.36,2.5
2.0,"2019-08-05 23:21:49.000000","2019-08-05 23:34:53.000000",2.0,4.36,1.0,N,234.0,75.0,1.0,14.0,0.5,0.5,2.2,0.0,0.3,20.0,2.5
1.0,"2019-08-05 23:46:03.000000","2019-08-06 00:04:33.000000",1.0,4.7,1.0,N,234.0,75.0,1.0,17.0,3.0,0.5,4.15,0.0,0.3,24.95,2.5
2.0,"2019-08-06 01:43:22.000000","2019-08-06 01:58:55.000000",1.0,4.28,1.0,N,234.0,75.0,1.0,14.5,0.5,0.5,3.66,0.0,0.3,21.96,2.5
2.0,"2019-08-06 02:30:10.000000","2019-08-06 02:44:28.000000",1.0,5.1,1.0,N,234.0,75.0,2.0,16.0,0.5,0.5,0.0,0.0,0.3,19.8,2.5
1.0,"2019-08-06 05:31:46.000000","2019-08-06 05:46:21.000000",1.0,5.0,1.0,N,234.0,75.0,1.0,16.0,2.5,0.5,2.0,0.0,0.3,21.3,2.5
2.0,"2019-08-06 11:01:20.000000","2019-08-06 11:39:30.000000",5.0,3.86,1.0,N,234.0,75.0,1.0,24.0,0.0,0.5,6.82,0.0,0.3,34.12,2.5
2.0,"2019-08-06 11:47:43.000000","2019-08-06 12:20:13.000000",1.0,4.24,1.0,N,234.0,75.0,1.0,22.0,0.0,0.5,1.0,0.0,0.3,26.3,2.5
2.0,"2019-08-06 12:09:50.000000","2019-08-06 12:50:05.000000",1.0,4.26,1.0,N,234.0,75.0,1.0,25.0,0.0,0.5,7.08,0.0,0.3,35.38,2.5
2.0,"2019-08-06 12:56:17.000000","2019-08-06 13:36:12.000000",1.0,6.33,1.0,N,234.0,75.0,1.0,29.5,0.0,0.5,6.56,0.0,0.3,39.36,2.5
1.0,"2019-08-06 13:51:54.000000","2019-08-06 14:24:04.000000",1.0,4.5,1.0,N,234.0,75.0,1.0,22.5,2.5,0.5,5.15,0.0,0.3,30.95,2.5
1.0,"2019-08-06 14:32:19.000000","2019-08-06 15:02:24.000000",1.0,3.8,1.0,N,234.0,75.0,2.0,20.5,2.5,0.5,0.0,0.0,0.3,23.8,2.5
2.0,"2019-08-06 15:34:04.000000","2019-08-06 16:10:27.000000",1.0,4.54,1.0,N,234.0,75.0,2.0,24.0,0.0,0.5,0.0,0.0,0.3,27.3,2.5
1.0,"2019-08-06 16:49:20.000000","2019-08-06 17:14:29.000000",2.0,3.7,1.0,N,234.0,75.0,1.0,18.0,3.5,0.5,2.0,0.0,0.3,24.3,2.5
2.0,"2019-08-06 18:27:33.000000","2019-08-06 18:54:42.000000",1.0,4.04,1.0,N,234.0,75.0,1.0,19.0,1.0,0.5,2.0,0.0,0.3,25.3,2.5
1.0,"2019-08-06 20:04:00.000000","2019-08-06 20:23:10.000000",1.0,4.0,1.0,N,234.0,75.0,1.0,16.0,3.0,0.5,3.95,0.0,0.3,23.75,2.5
1.0,"2019-08-06 20:41:04.000000","2019-08-06 20:59:48.000000",1.0,4.2,1.0,N,234.0,75.0,1.0,15.5,3.0,0.5,3.85,0.0,0.3,23.15,2.5
2.0,"2019-08-06 20:55:55.000000","2019-08-06 21:20:57.000000",2.0,4.3,1.0,N,234.0,75.0,1.0,19.0,0.5,0.5,2.0,0.0,0.3,24.8,2.5
2.0,"2019-08-06 21:32:13.000000","2019-08-06 21:53:57.000000",1.0,5.27,1.0,N,234.0,75.0,2.0,19.0,0.5,0.5,0.0,0.0,0.3,22.8,2.5
2.0,"2019-08-06 22:38:16.000000","2019-08-06 22:55:37.000000",3.0,4.74,1.0,N,234.0,75.0,1.0,16.5,0.5,0.5,4.06,0.0,0.3,24.36,2.5
2.0,"2019-08-06 23:16:38.000000","2019-08-06 23:31:36.000000",1.0,3.65,1.0,N,234.0,75.0,1.0,14.0,0.5,0.5,3.0,0.0,0.3,20.8,2.5
2.0,"2019-08-06 23:03:32.000000","2019-08-06 23:19:53.000000",1.0,4.25,1.0,N,234.0,75.0,1.0,15.5,0.5,0.5,3.86,0.0,0.3,23.16,2.5
1.0,"2019-08-06 23:54:09.000000","2019-08-07 00:19:12.000000",2.0,5.1,1.0,N,234.0,75.0,1.0,20.0,3.0,0.5,3.57,0.0,0.3,27.37,2.5
2.0,"2019-08-06 23:25:02.000000","2019-08-06 23:43:47.000000",5.0,4.64,1.0,N,234.0,75.0,1.0,16.5,0.5,0.5,3.04,0.0,0.3,23.34,2.5
1.0,"2019-08-07 01:12:21.000000","2019-08-07 01:27:06.000000",1.0,5.0,1.0,N,234.0,75.0,2.0,17.5,3.0,0.5,0.0,0.0,0.3,21.3,2.5
1.0,"2019-08-07 06:09:18.000000","2019-08-07 06:26:55.000000",1.0,5.0,1.0,N,234.0,75.0,1.0,17.5,2.5,0.5,2.5,0.0,0.3,23.3,2.5
2.0,"2019-08-07 06:40:17.000000","2019-08-07 06:53:42.000000",1.0,4.53,1.0,N,234.0,75.0,1.0,15.0,0.0,0.5,3.66,0.0,0.3,21.96,2.5
1.0,"2019-08-07 07:43:51.000000","2019-08-07 08:16:17.000000",2.0,6.8,1.0,N,234.0,75.0,1.0,27.0,2.5,0.5,7.55,0.0,0.3,37.85,2.5
2.0,"2019-08-07 10:31:23.000000","2019-08-07 11:06:52.000000",1.0,4.24,1.0,N,234.0,75.0,2.0,22.5,0.0,0.5,0.0,0.0,0.3,25.8,2.5
2.0,"2019-08-07 11:31:53.000000","2019-08-07 12:01:16.000000",1.0,5.71,1.0,N,234.0,75.0,1.0,23.5,0.0,0.5,5.36,0.0,0.3,32.16,2.5
2.0,"2019-08-07 12:51:47.000000","2019-08-07 13:12:51.000000",6.0,5.68,1.0,N,234.0,75.0,1.0,20.5,0.0,0.5,4.76,0.0,0.3,28.56,2.5
1.0,"2019-08-07 14:31:52.000000","2019-08-07 15:02:04.000000",2.0,4.1,1.0,N,234.0,75.0,1.0,21.0,2.5,0.5,4.86,0.0,0.3,29.16,2.5
1.0,"2019-08-07 17:47:19.000000","2019-08-07 18:22:44.000000",1.0,5.3,1.0,N,234.0,75.0,1.0,24.0,3.5,0.5,2.0,0.0,0.3,30.3,2.5
1.0,"2019-08-07 17:08:41.000000","2019-08-07 17:57:50.000000",2.0,5.0,1.0,N,234.0,75.0,1.0,30.0,2.5,0.5,6.65,0.0,0.3,39.95,2.5
1.0,"2019-08-07 17:52:18.000000","2019-08-07 18:30:29.000000",1.0,4.8,1.0,N,234.0,75.0,1.0,25.0,3.5,0.5,4.5,0.0,0.3,33.8,2.5
1.0,"2019-08-07 17:51:08.000000","2019-08-07 18:28:14.000000",1.0,4.8,1.0,N,234.0,75.0,1.0,24.5,3.5,0.5,5.0,0.0,0.3,33.8,2.5
2.0,"2019-08-07 19:13:36.000000","2019-08-07 19:43:33.000000",1.0,4.71,1.0,N,234.0,75.0,1.0,21.5,1.0,0.5,2.0,0.0,0.3,27.8,2.5
2.0,"2019-08-07 21:43:48.000000","2019-08-07 22:06:29.000000",2.0,5.96,1.0,N,234.0,75.0,1.0,21.5,0.5,0.5,5.06,0.0,0.3,30.36,2.5
2.0,"2019-08-07 21:36:20.000000","2019-08-07 21:55:00.000000",1.0,3.84,1.0,N,234.0,75.0,2.0,15.5,0.5,0.5,0.0,0.0,0.3,19.3,2.5
1.0,"2019-08-07 21:32:18.000000","2019-08-07 21:52:23.000000",1.0,4.0,1.0,N,234.0,75.0,1.0,16.0,2.5,0.5,3.85,0.0,0.3,23.15,2.5
2.0,"2019-08-07 22:03:54.000000","2019-08-07 22:18:40.000000",2.0,4.1,1.0,N,234.0,75.0,1.0,14.0,0.5,0.5,1.0,0.0,0.3,18.8,2.5
1.0,"2019-08-07 22:58:21.000000","2019-08-07 23:20:35.000000",1.0,4.7,1.0,N,234.0,75.0,1.0,19.0,3.5,0.5,4.65,0.0,0.3,27.95,2.5
2.0,"2019-08-07 22:16:33.000000","2019-08-07 22:35:45.000000",3.0,3.99,1.0,N,234.0,75.0,1.0,16.0,0.5,0.5,2.0,0.0,0.3,21.8,2.5
2.0,"2019-08-08 02:05:55.000000","2019-08-08 02:20:35.000000",3.0,5.28,1.0,N,234.0,75.0,2.0,16.5,0.5,0.5,0.0,0.0,0.3,20.3,2.5
2.0,"2019-08-08 03:09:32.000000","2019-08-08 03:21:35.000000",5.0,4.08,1.0,N,234.0,75.0,2.0,13.5,0.5,0.5,0.0,0.0,0.3,17.3,2.5
2.0,"2019-08-08 04:04:12.000000","2019-08-08 04:16:23.000000",1.0,4.76,1.0,N,234.0,75.0,2.0,15.5,0.5,0.5,0.0,0.0,0.3,19.3,2.5
1.0,"2019-08-08 11:49:36.000000","2019-08-08 12:22:20.000000",1.0,4.0,1.0,N,234.0,75.0,1.0,21.5,2.5,0.5,2.0,0.0,0.3,26.8,2.5
2.0,"2019-08-08 14:55:03.000000","2019-08-08 15:25:05.000000",1.0,6.22,1.0,N,234.0,75.0,1.0,23.0,0.0,0.5,5.26,0.0,0.3,31.56,2.5
1.0,"2019-08-08 15:05:00.000000","2019-08-08 15:45:51.000000",1.0,0.0,1.0,N,234.0,75.0,1.0,22.2,0.0,0.5,0.0,0.0,0.3,23.0,0.0
2.0,"2019-08-08 18:45:16.000000","2019-08-08 19:13:49.000000",1.0,6.22,1.0,N,234.0,75.0,1.0,23.5,1.0,0.5,3.0,0.0,0.3,30.8,2.5
2.0,"2019-08-08 19:51:12.000000","2019-08-08 20:12:52.000000",3.0,4.68,1.0,N,234.0,75.0,2.0,18.0,1.0,0.5,0.0,0.0,0.3,22.3,2.5
2.0,"2019-08-08 19:53:45.000000","2019-08-08 20:13:55.000000",1.0,3.9,1.0,N,234.0,75.0,1.0,16.5,1.0,0.5,5.2,0.0,0.3,26.0,2.5
2.0,"2019-08-08 20:55:08.000000","2019-08-08 21:14:58.000000",5.0,4.56,1.0,N,234.0,75.0,1.0,17.0,0.5,0.5,7.4,0.0,0.3,28.2,2.5
1.0,"2019-08-08 21:24:13.000000","2019-08-08 21:50:04.000000",1.0,4.4,1.0,N,234.0,75.0,1.0,18.5,3.0,0.5,4.45,0.0,0.3,26.75,2.5
1.0,"2019-08-08 21:23:01.000000","2019-08-08 21:44:54.000000",0.0,4.1,1.0,N,234.0,75.0,1.0,17.5,3.0,0.5,5.3,0.0,0.3,26.6,2.5
2.0,"2019-08-08 21:37:04.000000","2019-08-08 21:55:05.000000",1.0,3.96,1.0,N,234.0,75.0,1.0,15.5,0.5,0.5,3.86,0.0,0.3,23.16,2.5
2.0,"2019-08-08 22:19:40.000000","2019-08-08 22:37:18.000000",1.0,4.64,1.0,N,234.0,75.0,1.0,16.0,0.5,0.5,3.96,0.0,0.3,23.76,2.5
2.0,"2019-08-08 23:16:55.000000","2019-08-08 23:32:21.000000",1.0,4.47,1.0,N,234.0,75.0,1.0,15.0,0.5,0.5,1.5,0.0,0.3,20.3,2.5
2.0,"2019-08-08 23:05:01.000000","2019-08-08 23:18:47.000000",4.0,4.0,1.0,N,234.0,75.0,1.0,13.5,0.5,0.5,0.0,0.0,0.3,17.3,2.5
1.0,"2019-08-09 00:16:50.000000","2019-08-09 00:36:23.000000",1.0,4.9,1.0,N,234.0,75.0,1.0,17.5,3.0,0.5,4.25,0.0,0.3,25.55,2.5
2.0,"2019-08-09 01:03:36.000000","2019-08-09 01:18:16.000000",1.0,5.12,1.0,N,234.0,75.0,1.0,16.0,0.5,0.5,1.0,0.0,0.3,20.8,2.5
2.0,"2019-08-09 01:41:29.000000","2019-08-09 01:53:45.000000",6.0,4.39,1.0,N,234.0,75.0,1.0,14.0,0.5,0.5,1.0,0.0,0.3,18.8,2.5
1.0,"2019-08-09 01:05:23.000000","2019-08-09 01:20:55.000000",1.0,4.3,1.0,N,234.0,75.0,2.0,15.5,3.0,0.5,0.0,0.0,0.3,19.3,2.5
2.0,"2019-08-09 01:20:02.000000","2019-08-09 01:31:43.000000",2.0,4.37,1.0,N,234.0,75.0,2.0,13.5,0.5,0.5,0.0,0.0,0.3,17.3,2.5
1.0,"2019-08-09 07:05:54.000000","2019-08-09 07:19:44.000000",1.0,3.7,1.0,N,234.0,75.0,1.0,13.5,2.5,0.5,5.0,0.0,0.3,21.8,2.5
1.0,"2019-08-09 17:52:24.000000","2019-08-09 18:17:17.000000",2.0,4.2,1.0,N,234.0,75.0,1.0,19.0,3.5,0.5,5.0,0.0,0.3,28.3,2.5
1.0,"2019-08-09 18:35:10.000000","2019-08-09 18:57:57.000000",1.0,5.2,1.0,N,234.0,75.0,2.0,19.5,3.5,0.5,0.0,0.0,0.3,23.8,2.5
2.0,"2019-08-09 18:19:18.000000","2019-08-09 18:50:23.000000",1.0,4.93,1.0,N,234.0,75.0,2.0,22.5,1.0,0.5,0.0,0.0,0.3,26.8,2.5
2.0,"2019-08-09 21:55:46.000000","2019-08-09 22:15:04.000000",2.0,4.5,1.0,N,234.0,75.0,1.0,17.0,0.5,0.5,4.16,0.0,0.3,24.96,2.5
2.0,"2019-08-09 21:35:54.000000","2019-08-09 21:56:50.000000",3.0,3.99,1.0,N,234.0,75.0,1.0,17.5,0.5,0.5,4.26,0.0,0.3,25.56,2.5
2.0,"2019-08-09 22:02:16.000000","2019-08-09 22:25:04.000000",5.0,3.9,1.0,N,234.0,75.0,1.0,17.5,0.5,0.5,2.0,0.0,0.3,23.3,2.5
1.0,"2019-08-09 22:52:42.000000","2019-08-09 23:10:19.000000",1.0,3.6,1.0,N,234.0,75.0,1.0,15.0,3.5,0.5,2.5,0.0,0.3,21.8,2.5
1.0,"2019-08-10 00:17:53.000000","2019-08-10 00:37:22.000000",1.0,4.7,1.0,N,234.0,75.0,2.0,16.5,3.0,0.5,0.0,0.0,0.3,20.3,2.5
2.0,"2019-08-10 01:12:38.000000","2019-08-10 01:26:04.000000",1.0,4.56,1.0,N,234.0,75.0,1.0,14.5,0.5,0.5,3.66,0.0,0.3,21.96,2.5
2.0,"2019-08-10 02:09:14.000000","2019-08-10 02:19:48.000000",3.0,3.99,1.0,N,234.0,75.0,1.0,13.0,0.5,0.5,3.36,0.0,0.3,20.16,2.5
1.0,"2019-08-10 02:33:56.000000","2019-08-10 02:47:30.000000",5.0,4.7,1.0,N,234.0,75.0,2.0,15.0,3.0,0.5,0.0,0.0,0.3,18.8,2.5
2.0,"2019-08-10 03:18:02.000000","2019-08-10 03:32:02.000000",1.0,3.86,1.0,N,234.0,75.0,1.0,14.0,0.5,0.5,3.56,0.0,0.3,21.36,2.5
2.0,"2019-08-10 13:25:21.000000","2019-08-10 14:09:48.000000",1.0,6.36,1.0,N,234.0,75.0,1.0,31.0,0.0,0.5,5.0,0.0,0.3,39.3,2.5
1.0,"2019-08-10 16:51:48.000000","2019-08-10 17:11:15.000000",2.0,5.3,1.0,N,234.0,75.0,2.0,19.5,2.5,0.5,0.0,0.0,0.3,22.8,2.5
2.0,"2019-08-10 16:37:48.000000","2019-08-10 17:03:42.000000",1.0,4.6,1.0,N,234.0,75.0,1.0,20.5,0.0,0.5,4.76,0.0,0.3,28.56,2.5
1.0,"2019-08-10 16:39:38.000000","2019-08-10 17:01:45.000000",1.0,4.0,1.0,N,234.0,75.0,1.0,17.0,2.5,0.5,4.05,0.0,0.3,24.35,2.5
1.0,"2019-08-10 18:55:56.000000","2019-08-10 19:13:24.000000",1.0,4.3,1.0,N,234.0,75.0,1.0,15.5,2.5,0.5,3.75,0.0,0.3,22.55,2.5
1.0,"2019-08-10 18:47:32.000000","2019-08-10 19:08:41.000000",1.0,4.4,1.0,N,234.0,75.0,1.0,17.0,2.5,0.5,2.0,0.0,0.3,22.3,2.5
2.0,"2019-08-10 18:19:19.000000","2019-08-10 18:43:52.000000",2.0,6.31,1.0,N,234.0,75.0,2.0,23.0,0.0,0.5,0.0,0.0,0.3,26.3,2.5
2.0,"2019-08-10 19:21:57.000000","2019-08-10 19:40:58.000000",1.0,4.08,1.0,N,234.0,75.0,1.0,15.5,0.0,0.5,3.76,0.0,0.3,22.56,2.5
2.0,"2019-08-10 19:29:09.000000","2019-08-10 19:40:42.000000",1.0,3.61,1.0,N,234.0,75.0,2.0,12.5,0.0,0.5,0.0,0.0,0.3,15.8,2.5
2.0,"2019-08-10 23:31:25.000000","2019-08-10 23:47:53.000000",1.0,4.02,1.0,N,234.0,75.0,2.0,15.5,0.5,0.5,0.0,0.0,0.3,19.3,2.5
1.0,"2019-08-10 23:28:04.000000","2019-08-10 23:56:42.000000",1.0,5.3,1.0,N,234.0,75.0,1.0,21.0,3.0,0.5,7.4,0.0,0.3,32.2,2.5
2.0,"2019-08-10 23:02:15.000000","2019-08-10 23:17:06.000000",2.0,4.05,1.0,N,234.0,75.0,1.0,14.0,0.5,0.5,2.67,0.0,0.3,20.47,2.5
1.0,"2019-08-11 00:42:02.000000","2019-08-11 00:55:39.000000",1.0,4.3,1.0,N,234.0,75.0,1.0,14.5,3.0,0.5,1.0,0.0,0.3,19.3,2.5
2.0,"2019-08-11 00:24:56.000000","2019-08-11 00:36:15.000000",1.0,3.76,1.0,N,234.0,75.0,1.0,12.5,0.5,0.5,3.26,0.0,0.3,19.56,2.5
1.0,"2019-08-11 01:51:42.000000","2019-08-11 02:05:14.000000",2.0,4.6,1.0,N,234.0,75.0,1.0,15.0,3.0,0.5,3.75,0.0,0.3,22.55,2.5
2.0,"2019-08-11 02:53:55.000000","2019-08-11 03:14:21.000000",6.0,5.94,1.0,N,234.0,75.0,1.0,21.0,0.5,0.5,2.0,0.0,0.3,26.8,2.5
1.0,"2019-08-11 06:29:12.000000","2019-08-11 06:40:30.000000",1.0,3.9,1.0,N,234.0,75.0,1.0,13.0,2.5,0.5,3.25,0.0,0.3,19.55,2.5
1.0,"2019-08-11 06:28:17.000000","2019-08-11 06:40:05.000000",2.0,4.3,1.0,N,234.0,75.0,1.0,14.0,2.5,0.5,1.5,0.0,0.3,18.8,2.5
2.0,"2019-08-11 06:19:59.000000","2019-08-11 06:40:46.000000",1.0,5.76,1.0,N,234.0,75.0,1.0,20.5,0.0,0.5,3.0,0.0,0.3,26.8,2.5
1.0,"2019-08-11 06:35:30.000000","2019-08-11 06:49:11.000000",1.0,4.3,1.0,N,234.0,75.0,1.0,14.5,2.5,0.5,3.0,0.0,0.3,20.8,2.5
2.0,"2019-08-11 06:37:22.000000","2019-08-11 06:49:11.000000",1.0,4.28,1.0,N,234.0,75.0,1.0,14.0,0.0,0.5,3.46,0.0,0.3,20.76,2.5
2.0,"2019-08-11 07:54:45.000000","2019-08-11 08:14:15.000000",1.0,6.5,1.0,N,234.0,75.0,1.0,22.0,0.0,0.5,0.0,0.0,0.3,25.3,2.5
2.0,"2019-08-11 15:07:54.000000","2019-08-11 15:31:59.000000",1.0,5.11,1.0,N,234.0,75.0,1.0,19.5,0.0,0.5,4.56,0.0,0.3,27.36,2.5
2.0,"2019-08-11 18:04:40.000000","2019-08-11 18:21:34.000000",2.0,4.62,1.0,N,234.0,75.0,1.0,16.5,0.0,0.5,3.96,0.0,0.3,23.76,2.5
2.0,"2019-08-11 18:30:07.000000","2019-08-11 18:48:12.000000",2.0,5.21,1.0,N,234.0,75.0,1.0,17.0,0.0,0.5,1.02,0.0,0.3,21.32,2.5
1.0,"2019-08-11 19:49:14.000000","2019-08-11 20:04:23.000000",3.0,4.3,1.0,N,234.0,75.0,1.0,15.0,3.0,0.5,3.75,0.0,0.3,22.55,2.5
2.0,"2019-08-11 22:41:16.000000","2019-08-11 22:53:21.000000",2.0,3.67,1.0,N,234.0,75.0,1.0,12.5,0.5,0.5,3.26,0.0,0.3,19.56,2.5
2.0,"2019-08-11 22:07:36.000000","2019-08-11 22:20:54.000000",3.0,4.13,1.0,N,234.0,75.0,1.0,13.5,0.5,0.5,3.46,0.0,0.3,20.76,2.5
2.0,"2019-08-12 00:13:50.000000","2019-08-12 00:16:37.000000",1.0,0.58,1.0,N,234.0,75.0,1.0,4.5,0.5,0.5,0.0,0.0,0.3,8.3,2.5
2.0,"2019-08-12 05:26:47.000000","2019-08-12 05:39:15.000000",1.0,4.83,1.0,N,234.0,75.0,2.0,15.5,0.5,0.5,0.0,0.0,0.3,19.3,2.5
2.0,"2019-08-12 08:54:25.000000","2019-08-12 09:18:49.000000",1.0,4.44,1.0,N,234.0,75.0,2.0,19.0,0.0,0.5,0.0,0.0,0.3,22.3,2.5
1.0,"2019-08-12 12:49:14.000000","2019-08-12 13:11:36.000000",1.0,5.5,1.0,N,234.0,75.0,1.0,20.5,2.5,0.5,5.0,0.0,0.3,28.8,2.5
2.0,"2019-08-12 13:49:46.000000","2019-08-12 14:09:41.000000",1.0,5.16,1.0,N,234.0,75.0,1.0,19.0,0.0,0.5,5.58,0.0,0.3,27.88,2.5
2.0,"2019-08-12 15:58:25.000000","2019-08-12 16:23:38.000000",1.0,4.08,1.0,N,234.0,75.0,1.0,18.5,1.0,0.5,3.42,0.0,0.3,26.22,2.5
1.0,"2019-08-12 17:08:41.000000","2019-08-12 17:44:03.000000",0.0,5.6,1.0,N,234.0,75.0,1.0,24.0,1.0,0.5,0.0,0.0,0.3,25.8,0.0
2.0,"2019-08-12 17:41:24.000000","2019-08-12 18:03:57.000000",1.0,4.23,1.0,N,234.0,75.0,1.0,17.0,1.0,0.5,2.13,0.0,0.3,23.43,2.5
1.0,"2019-08-12 18:57:47.000000","2019-08-12 19:20:42.000000",1.0,4.1,1.0,N,234.0,75.0,1.0,18.0,3.5,0.5,4.45,0.0,0.3,26.75,2.5
1.0,"2019-08-12 18:09:42.000000","2019-08-12 18:29:44.000000",1.0,3.6,1.0,N,234.0,75.0,1.0,16.5,3.5,0.5,4.16,0.0,0.3,24.96,2.5
2.0,"2019-08-12 19:10:24.000000","2019-08-12 19:32:07.000000",1.0,5.02,1.0,N,234.0,75.0,1.0,18.5,1.0,0.5,4.56,0.0,0.3,27.36,2.5
1.0,"2019-08-12 19:07:37.000000","2019-08-12 19:31:05.000000",1.0,4.5,1.0,N,234.0,75.0,1.0,18.0,3.5,0.5,3.35,0.0,0.3,25.65,2.5
1.0,"2019-08-12 20:27:11.000000","2019-08-12 20:46:04.000000",2.0,3.9,1.0,N,234.0,75.0,1.0,15.5,3.0,0.5,4.83,0.0,0.3,24.13,2.5
1.0,"2019-08-12 20:17:04.000000","2019-08-12 20:39:19.000000",2.0,5.1,1.0,N,234.0,75.0,1.0,19.0,3.0,0.5,0.0,0.0,0.3,22.8,2.5
2.0,"2019-08-12 19:54:01.000000","2019-08-12 20:15:53.000000",1.0,4.55,1.0,N,234.0,75.0,1.0,18.5,0.5,0.5,4.46,0.0,0.3,26.76,2.5
2.0,"2019-08-12 21:14:50.000000","2019-08-12 21:27:28.000000",2.0,3.57,1.0,N,234.0,75.0,1.0,13.0,0.5,0.5,3.0,0.0,0.3,19.8,2.5
1.0,"2019-08-12 21:24:03.000000","2019-08-12 21:41:34.000000",1.0,4.5,1.0,N,234.0,75.0,1.0,16.5,3.0,0.5,2.0,0.0,0.3,22.3,2.5
2.0,"2019-08-12 22:39:52.000000","2019-08-12 22:54:33.000000",2.0,3.57,1.0,N,234.0,75.0,1.0,13.5,0.5,0.5,2.5,0.0,0.3,19.8,2.5
2.0,"2019-08-12 22:09:22.000000","2019-08-12 22:27:09.000000",1.0,4.13,1.0,N,234.0,75.0,1.0,16.5,0.5,0.5,4.06,0.0,0.3,24.36,2.5
2.0,"2019-08-12 22:07:27.000000","2019-08-12 22:28:54.000000",1.0,5.08,1.0,N,234.0,75.0,1.0,19.0,0.5,0.5,4.56,0.0,0.3,27.36,2.5
2.0,"2019-08-12 23:56:23.000000","2019-08-13 00:08:41.000000",1.0,4.31,1.0,N,234.0,75.0,1.0,13.5,0.5,0.5,3.46,0.0,0.3,20.76,2.5
2.0,"2019-08-12 23:43:19.000000","2019-08-12 23:56:54.000000",5.0,4.34,1.0,N,234.0,75.0,1.0,14.5,0.5,0.5,3.66,0.0,0.3,21.96,2.5
2.0,"2019-08-12 23:11:32.000000","2019-08-12 23:24:51.000000",1.0,4.67,1.0,N,234.0,75.0,1.0,14.5,0.5,0.5,3.66,0.0,0.3,21.96,2.5
1.0,"2019-08-13 02:01:05.000000","2019-08-13 02:20:28.000000",1.0,4.9,1.0,N,234.0,75.0,1.0,17.5,3.0,0.5,1.0,0.0,0.3,22.3,2.5
2.0,"2019-08-13 06:32:15.000000","2019-08-13 06:49:05.000000",1.0,4.76,1.0,N,234.0,75.0,1.0,16.5,0.0,0.5,1.78,0.0,0.3,21.58,2.5
1.0,"2019-08-13 10:27:19.000000","2019-08-13 10:59:28.000000",1.0,3.9,1.0,N,234.0,75.0,1.0,20.5,2.5,0.5,4.75,0.0,0.3,28.55,2.5
1.0,"2019-08-13 14:12:32.000000","2019-08-13 14:53:33.000000",1.0,3.9,1.0,N,234.0,75.0,1.0,24.5,2.5,0.5,5.55,0.0,0.3,33.35,2.5
2.0,"2019-08-13 15:53:44.000000","2019-08-13 16:22:27.000000",1.0,4.0,1.0,N,234.0,75.0,1.0,19.5,0.0,0.5,4.56,0.0,0.3,27.36,2.5
2.0,"2019-08-13 17:17:29.000000","2019-08-13 17:42:17.000000",1.0,3.68,1.0,N,234.0,75.0,1.0,18.0,1.0,0.5,4.46,0.0,0.3,26.76,2.5
2.0,"2019-08-13 18:44:58.000000","2019-08-13 19:06:19.000000",1.0,5.59,1.0,N,234.0,75.0,1.0,19.5,1.0,0.5,3.0,0.0,0.3,26.8,2.5
2.0,"2019-08-13 18:24:00.000000","2019-08-13 18:55:24.000000",1.0,4.84,1.0,N,234.0,75.0,1.0,21.5,1.0,0.5,2.0,0.0,0.3,27.8,2.5
1.0,"2019-08-13 18:59:15.000000","2019-08-13 19:22:44.000000",2.0,5.1,1.0,N,234.0,75.0,2.0,19.0,3.5,0.5,0.0,0.0,0.3,23.3,2.5
1.0,"2019-08-13 19:21:14.000000","2019-08-13 19:46:20.000000",1.0,4.2,1.0,N,234.0,75.0,1.0,19.0,3.5,0.5,4.65,0.0,0.3,27.95,2.5
1.0,"2019-08-13 19:01:55.000000","2019-08-13 19:23:33.000000",1.0,4.3,1.0,N,234.0,75.0,1.0,17.0,3.5,0.5,2.0,0.0,0.3,23.3,2.5
1.0,"2019-08-13 19:05:28.000000","2019-08-13 19:27:41.000000",1.0,4.4,1.0,N,234.0,75.0,1.0,17.5,3.5,0.5,6.5,0.0,0.3,28.3,2.5
2.0,"2019-08-13 20:00:37.000000","2019-08-13 20:22:57.000000",1.0,4.42,1.0,N,234.0,75.0,1.0,18.0,0.5,0.5,4.36,0.0,0.3,26.16,2.5
2.0,"2019-08-13 21:20:47.000000","2019-08-13 21:40:02.000000",1.0,4.71,1.0,N,234.0,75.0,2.0,17.0,0.5,0.5,0.0,0.0,0.3,20.8,2.5
2.0,"2019-08-13 22:01:06.000000","2019-08-13 22:16:35.000000",5.0,4.63,1.0,N,234.0,75.0,1.0,15.5,0.5,0.5,3.86,0.0,0.3,23.16,2.5
2.0,"2019-08-13 22:22:05.000000","2019-08-13 22:38:50.000000",1.0,3.96,1.0,N,234.0,75.0,1.0,15.0,0.5,0.5,3.76,0.0,0.3,22.56,2.5
1.0,"2019-08-13 23:08:47.000000","2019-08-13 23:23:55.000000",1.0,3.8,1.0,N,234.0,75.0,1.0,14.0,3.0,0.5,3.56,0.0,0.3,21.36,2.5
2.0,"2019-08-13 23:21:06.000000","2019-08-13 23:45:16.000000",5.0,4.76,1.0,N,234.0,75.0,1.0,20.0,0.5,0.5,2.0,0.0,0.3,25.8,2.5
1.0,"2019-08-13 23:05:52.000000","2019-08-13 23:19:03.000000",1.0,4.1,1.0,N,234.0,75.0,1.0,14.0,3.0,0.5,3.55,0.0,0.3,21.35,2.5
1.0,"2019-08-14 01:59:06.000000","2019-08-14 02:11:19.000000",1.0,4.9,1.0,N,234.0,75.0,1.0,15.0,3.0,0.5,3.75,0.0,0.3,22.55,2.5
2.0,"2019-08-14 02:00:24.000000","2019-08-14 02:15:24.000000",1.0,4.6,1.0,N,234.0,75.0,1.0,15.5,0.5,0.5,3.86,0.0,0.3,23.16,2.5
2.0,"2019-08-14 10:43:36.000000","2019-08-14 11:07:02.000000",1.0,5.78,1.0,N,234.0,75.0,1.0,21.0,0.0,0.5,4.86,0.0,0.3,29.16,2.5
2.0,"2019-08-14 11:29:54.000000","2019-08-14 11:56:45.000000",1.0,5.94,1.0,N,234.0,75.0,1.0,22.5,0.0,0.5,5.16,0.0,0.3,30.96,2.5
2.0,"2019-08-14 12:08:20.000000","2019-08-14 12:35:45.000000",1.0,5.1,1.0,N,234.0,75.0,1.0,21.5,0.0,0.5,3.0,0.0,0.3,27.8,2.5
2.0,"2019-08-14 15:34:07.000000","2019-08-14 16:12:02.000000",1.0,4.4,1.0,N,234.0,75.0,2.0,24.0,0.0,0.5,0.0,0.0,0.3,27.3,2.5
2.0,"2019-08-14 15:18:53.000000","2019-08-14 15:50:20.000000",2.0,4.92,1.0,N,234.0,75.0,1.0,22.0,0.0,0.5,5.06,0.0,0.3,30.36,2.5
2.0,"2019-08-14 17:43:08.000000","2019-08-14 18:07:44.000000",1.0,3.58,1.0,N,234.0,75.0,1.0,17.5,1.0,0.5,4.36,0.0,0.3,26.16,2.5
2.0,"2019-08-14 18:41:04.000000","2019-08-14 19:08:11.000000",1.0,4.6,1.0,N,234.0,75.0,1.0,20.5,1.0,0.5,2.0,0.0,0.3,26.8,2.5
2.0,"2019-08-14 20:35:06.000000","2019-08-14 20:57:15.000000",1.0,4.16,1.0,N,234.0,75.0,1.0,18.0,0.5,0.5,4.36,0.0,0.3,26.16,2.5
2.0,"2019-08-14 20:09:37.000000","2019-08-14 20:30:47.000000",1.0,5.41,1.0,N,234.0,75.0,1.0,19.5,0.5,0.5,5.82,0.0,0.3,29.12,2.5
2.0,"2019-08-14 21:59:25.000000","2019-08-14 22:21:37.000000",1.0,4.6,1.0,N,234.0,75.0,2.0,18.0,0.5,0.5,0.0,0.0,0.3,21.8,2.5
2.0,"2019-08-14 21:12:34.000000","2019-08-14 21:34:02.000000",2.0,4.04,1.0,N,234.0,75.0,1.0,17.5,0.5,0.5,4.26,0.0,0.3,25.56,2.5
2.0,"2019-08-14 21:22:41.000000","2019-08-14 21:41:08.000000",1.0,4.21,1.0,N,234.0,75.0,1.0,16.0,0.5,0.5,5.94,0.0,0.3,25.74,2.5
1.0,"2019-08-14 21:50:48.000000","2019-08-14 22:10:16.000000",1.0,4.4,1.0,N,234.0,75.0,1.0,17.0,3.0,0.5,4.15,0.0,0.3,24.95,2.5
1.0,"2019-08-14 22:54:58.000000","2019-08-14 23:09:09.000000",1.0,4.5,1.0,N,234.0,75.0,1.0,15.0,3.0,0.5,2.0,0.0,0.3,20.8,2.5
1.0,"2019-08-14 22:33:09.000000","2019-08-14 22:46:50.000000",1.0,4.9,1.0,N,234.0,75.0,1.0,15.0,3.0,0.5,3.75,0.0,0.3,22.55,2.5
2.0,"2019-08-14 22:04:26.000000","2019-08-14 22:24:41.000000",1.0,3.94,1.0,N,234.0,75.0,2.0,16.0,0.5,0.5,0.0,0.0,0.3,19.8,2.5
2.0,"2019-08-14 23:33:54.000000","2019-08-14 23:47:16.000000",1.0,4.34,1.0,N,234.0,75.0,1.0,14.0,0.5,0.5,3.56,0.0,0.3,21.36,2.5
2.0,"2019-08-15 01:12:49.000000","2019-08-15 01:23:41.000000",1.0,4.06,1.0,N,234.0,75.0,2.0,13.0,0.5,0.5,0.0,0.0,0.3,16.8,2.5
2.0,"2019-08-15 01:44:51.000000","2019-08-15 01:58:30.000000",2.0,4.47,1.0,N,234.0,75.0,2.0,14.5,0.5,0.5,0.0,0.0,0.3,18.3,2.5
2.0,"2019-08-15 02:30:26.000000","2019-08-15 02:40:07.000000",1.0,3.98,1.0,N,234.0,75.0,1.0,12.5,0.5,0.5,3.26,0.0,0.3,19.56,2.5
2.0,"2019-08-15 02:06:31.000000","2019-08-15 02:18:00.000000",1.0,4.4,1.0,N,234.0,75.0,1.0,13.5,0.5,0.5,3.46,0.0,0.3,20.76,2.5
2.0,"2019-08-15 02:02:09.000000","2019-08-15 02:18:08.000000",2.0,5.53,1.0,N,234.0,75.0,1.0,18.5,0.5,0.5,4.46,0.0,0.3,26.76,2.5
2.0,"2019-08-15 08:45:44.000000","2019-08-15 09:24:23.000000",6.0,6.94,1.0,N,234.0,75.0,1.0,29.0,0.0,0.5,6.46,0.0,0.3,38.76,2.5
2.0,"2019-08-15 13:10:07.000000","2019-08-15 13:41:36.000000",6.0,6.64,1.0,N,234.0,75.0,1.0,26.0,0.0,0.5,5.86,0.0,0.3,35.16,2.5
2.0,"2019-08-15 13:10:23.000000","2019-08-15 13:46:55.000000",2.0,3.95,1.0,N,234.0,75.0,2.0,22.5,0.0,0.5,0.0,0.0,0.3,25.8,2.5
2.0,"2019-08-15 15:21:58.000000","2019-08-15 16:01:54.000000",1.0,4.23,1.0,N,234.0,75.0,1.0,25.0,0.0,0.5,3.0,0.0,0.3,31.3,2.5
2.0,"2019-08-15 17:47:39.000000","2019-08-15 18:18:35.000000",1.0,4.62,1.0,N,234.0,75.0,2.0,22.0,1.0,0.5,0.0,0.0,0.3,26.3,2.5
2.0,"2019-08-15 19:12:31.000000","2019-08-15 19:34:13.000000",1.0,5.77,1.0,N,234.0,75.0,1.0,20.0,1.0,0.5,2.0,0.0,0.3,26.3,2.5
2.0,"2019-08-15 20:49:09.000000","2019-08-15 21:09:09.000000",1.0,4.29,1.0,N,234.0,75.0,2.0,16.0,0.5,0.5,0.0,0.0,0.3,19.8,2.5
2.0,"2019-08-15 20:15:24.000000","2019-08-15 20:32:43.000000",1.0,3.67,1.0,N,234.0,75.0,1.0,15.0,0.5,0.5,2.82,0.0,0.3,21.62,2.5
1.0,"2019-08-15 22:21:52.000000","2019-08-15 22:38:39.000000",1.0,4.1,1.0,N,234.0,75.0,1.0,15.5,3.0,0.5,3.85,0.0,0.3,23.15,2.5
2.0,"2019-08-15 22:55:09.000000","2019-08-15 23:23:36.000000",2.0,5.49,1.0,N,234.0,75.0,1.0,21.5,0.5,0.5,5.06,0.0,0.3,30.36,2.5
2.0,"2019-08-15 23:46:02.000000","2019-08-15 23:59:07.000000",1.0,5.15,1.0,N,234.0,75.0,1.0,15.5,0.5,0.5,0.0,0.0,0.3,19.3,2.5
2.0,"2019-08-15 23:27:08.000000","2019-08-15 23:42:22.000000",2.0,5.06,1.0,N,234.0,75.0,1.0,16.0,0.5,0.5,1.0,0.0,0.3,20.8,2.5
2.0,"2019-08-16 00:16:44.000000","2019-08-16 00:32:55.000000",3.0,4.3,1.0,N,234.0,75.0,2.0,15.0,0.5,0.5,0.0,0.0,0.3,18.8,2.5
1.0,"2019-08-16 00:43:50.000000","2019-08-16 00:57:55.000000",1.0,5.2,1.0,Y,234.0,75.0,1.0,17.5,3.0,0.5,4.25,0.0,0.3,25.55,2.5
2.0,"2019-08-16 01:21:23.000000","2019-08-16 01:34:15.000000",1.0,4.03,1.0,N,234.0,75.0,1.0,14.0,0.5,0.5,3.56,0.0,0.3,21.36,2.5
2.0,"2019-08-16 03:47:34.000000","2019-08-16 04:03:03.000000",1.0,4.37,1.0,N,234.0,75.0,1.0,15.5,0.5,0.5,3.86,0.0,0.3,23.16,2.5
2.0,"2019-08-16 06:23:20.000000","2019-08-16 06:36:19.000000",1.0,4.71,1.0,N,234.0,75.0,1.0,15.0,0.0,0.5,2.01,0.0,0.3,20.31,2.5
2.0,"2019-08-16 08:44:39.000000","2019-08-16 09:13:55.000000",1.0,4.38,1.0,N,234.0,75.0,1.0,20.0,0.0,0.5,0.0,0.0,0.3,23.3,2.5
2.0,"2019-08-16 15:55:56.000000","2019-08-16 16:21:20.000000",2.0,3.53,1.0,N,234.0,75.0,1.0,17.5,0.0,0.5,4.16,0.0,0.3,24.96,2.5
2.0,"2019-08-16 16:03:14.000000","2019-08-16 16:32:07.000000",1.0,4.95,1.0,N,234.0,75.0,1.0,21.0,1.0,0.5,0.0,0.0,0.3,25.3,2.5
2.0,"2019-08-16 17:36:42.000000","2019-08-16 17:56:06.000000",4.0,4.43,1.0,N,234.0,75.0,2.0,16.5,1.0,0.5,0.0,0.0,0.3,20.8,2.5
1.0,"2019-08-16 18:16:04.000000","2019-08-16 18:41:00.000000",0.0,4.3,1.0,N,234.0,75.0,1.0,19.5,3.5,0.5,2.0,0.0,0.3,25.8,2.5
2.0,"2019-08-16 19:52:52.000000","2019-08-16 20:10:15.000000",1.0,4.11,1.0,N,234.0,75.0,1.0,15.5,1.0,0.5,3.96,0.0,0.3,23.76,2.5
2.0,"2019-08-16 19:06:30.000000","2019-08-16 19:27:04.000000",2.0,5.2,1.0,N,234.0,75.0,1.0,18.0,1.0,0.5,4.46,0.0,0.3,26.76,2.5
2.0,"2019-08-16 19:06:22.000000","2019-08-16 19:27:21.000000",1.0,3.86,1.0,N,234.0,75.0,1.0,17.0,1.0,0.5,3.2,0.0,0.3,24.5,2.5
2.0,"2019-08-16 20:17:45.000000","2019-08-16 20:40:13.000000",2.0,4.5,1.0,N,234.0,75.0,1.0,17.5,0.5,0.5,5.32,0.0,0.3,26.62,2.5
1.0,"2019-08-16 21:05:17.000000","2019-08-16 21:25:20.000000",2.0,3.8,1.0,N,234.0,75.0,2.0,16.0,3.0,0.5,0.0,0.0,0.3,19.8,2.5
2.0,"2019-08-16 22:32:47.000000","2019-08-16 22:52:16.000000",2.0,4.11,1.0,N,234.0,75.0,1.0,16.5,0.5,0.5,4.06,0.0,0.3,24.36,2.5
1.0,"2019-08-16 23:56:47.000000","2019-08-17 00:12:40.000000",1.0,4.8,1.0,N,234.0,75.0,1.0,16.0,3.0,0.5,3.95,0.0,0.3,23.75,2.5
1.0,"2019-08-17 00:19:45.000000","2019-08-17 00:39:42.000000",1.0,4.7,1.0,N,234.0,75.0,1.0,17.5,3.0,0.5,4.25,0.0,0.3,25.55,2.5
2.0,"2019-08-17 00:47:10.000000","2019-08-17 01:04:43.000000",3.0,4.19,1.0,N,234.0,75.0,1.0,15.5,0.5,0.5,5.79,0.0,0.3,25.09,2.5
2.0,"2019-08-17 02:19:07.000000","2019-08-17 02:36:30.000000",1.0,5.38,1.0,N,234.0,75.0,1.0,19.0,0.5,0.5,1.0,0.0,0.3,23.8,2.5
2.0,"2019-08-17 03:53:10.000000","2019-08-17 04:07:30.000000",1.0,4.72,1.0,N,234.0,75.0,2.0,15.0,0.5,0.5,0.0,0.0,0.3,18.8,2.5
2.0,"2019-08-17 03:01:08.000000","2019-08-17 03:14:26.000000",1.0,4.85,1.0,N,234.0,75.0,1.0,15.0,0.5,0.5,4.7,0.0,0.3,23.5,2.5
2.0,"2019-08-17 15:49:03.000000","2019-08-17 16:13:52.000000",1.0,4.74,1.0,N,234.0,75.0,1.0,19.0,0.0,0.5,1.5,0.0,0.3,23.8,2.5
1.0,"2019-08-17 16:30:43.000000","2019-08-17 16:47:26.000000",1.0,4.2,1.0,N,234.0,75.0,1.0,15.0,2.5,0.5,0.0,0.0,0.3,18.3,2.5
2.0,"2019-08-17 17:39:08.000000","2019-08-17 18:17:11.000000",2.0,5.74,1.0,N,234.0,75.0,1.0,26.0,0.0,0.5,5.86,0.0,0.3,35.16,2.5
1.0,"2019-08-17 18:13:36.000000","2019-08-17 18:38:28.000000",1.0,4.4,1.0,N,234.0,75.0,1.0,18.5,0.0,0.5,0.0,0.0,0.3,19.3,0.0
1.0,"2019-08-17 20:18:47.000000","2019-08-17 20:36:40.000000",2.0,4.3,1.0,N,234.0,75.0,1.0,16.0,2.5,0.5,3.85,0.0,0.3,23.15,2.5
2.0,"2019-08-17 20:37:29.000000","2019-08-17 20:59:24.000000",5.0,4.09,1.0,N,234.0,75.0,2.0,17.5,0.5,0.5,0.0,0.0,0.3,21.3,2.5
1.0,"2019-08-17 22:24:57.000000","2019-08-17 22:48:27.000000",1.0,4.6,1.0,N,234.0,75.0,1.0,19.0,3.0,0.5,4.55,0.0,0.3,27.35,2.5
2.0,"2019-08-17 23:58:57.000000","2019-08-18 00:15:17.000000",5.0,4.1,1.0,N,234.0,75.0,1.0,15.0,0.5,0.5,4.7,0.0,0.3,23.5,2.5
2.0,"2019-08-17 23:28:55.000000","2019-08-17 23:45:53.000000",5.0,4.25,1.0,N,234.0,75.0,1.0,15.0,0.5,0.5,3.76,0.0,0.3,22.56,2.5
1.0,"2019-08-18 00:08:16.000000","2019-08-18 00:30:49.000000",2.0,4.3,1.0,N,234.0,75.0,1.0,17.5,3.0,0.5,2.13,0.0,0.3,23.43,2.5
2.0,"2019-08-18 00:18:03.000000","2019-08-18 00:30:28.000000",1.0,4.58,1.0,N,234.0,75.0,1.0,14.5,0.5,0.5,3.66,0.0,0.3,21.96,2.5
2.0,"2019-08-18 02:15:03.000000","2019-08-18 02:35:04.000000",2.0,4.52,1.0,N,234.0,75.0,1.0,17.0,0.5,0.5,3.0,0.0,0.3,23.8,2.5
1.0,"2019-08-18 02:13:26.000000","2019-08-18 02:25:25.000000",1.0,4.3,1.0,N,234.0,75.0,1.0,14.0,3.0,0.5,0.0,0.0,0.3,17.8,2.5
1.0,"2019-08-18 02:39:55.000000","2019-08-18 02:51:13.000000",1.0,4.6,1.0,N,234.0,75.0,1.0,15.5,3.0,0.5,2.9,0.0,0.3,22.2,2.5
2.0,"2019-08-18 03:31:17.000000","2019-08-18 03:47:12.000000",1.0,4.38,1.0,N,234.0,75.0,1.0,16.0,0.5,0.5,4.95,0.0,0.3,24.75,2.5
2.0,"2019-08-18 04:22:56.000000","2019-08-18 04:36:14.000000",5.0,4.48,1.0,N,234.0,75.0,2.0,15.0,0.5,0.5,0.0,0.0,0.3,18.8,2.5
2.0,"2019-08-18 04:03:07.000000","2019-08-18 04:19:45.000000",6.0,5.3,1.0,N,234.0,75.0,1.0,18.5,0.5,0.5,4.46,0.0,0.3,26.76,2.5
2.0,"2019-08-18 04:28:42.000000","2019-08-18 04:42:44.000000",4.0,5.1,1.0,N,234.0,75.0,1.0,16.0,0.5,0.5,1.0,0.0,0.3,20.8,2.5
2.0,"2019-08-18 05:39:26.000000","2019-08-18 05:55:17.000000",1.0,4.09,1.0,N,234.0,75.0,1.0,15.0,0.5,0.5,3.76,0.0,0.3,22.56,2.5
2.0,"2019-08-18 09:29:15.000000","2019-08-18 09:41:54.000000",1.0,4.26,1.0,N,234.0,75.0,1.0,14.0,0.0,0.5,0.0,0.0,0.3,17.3,2.5
1.0,"2019-08-18 13:28:09.000000","2019-08-18 13:51:30.000000",1.0,4.9,1.0,N,234.0,75.0,1.0,19.0,2.5,0.5,6.65,0.0,0.3,28.95,2.5
2.0,"2019-08-18 14:48:38.000000","2019-08-18 15:12:11.000000",2.0,4.86,1.0,N,234.0,75.0,1.0,19.5,0.0,0.5,4.0,0.0,0.3,26.8,2.5
1.0,"2019-08-18 14:46:09.000000","2019-08-18 15:11:23.000000",2.0,4.3,1.0,N,234.0,75.0,1.0,19.0,2.5,0.5,4.45,0.0,0.3,26.75,2.5
2.0,"2019-08-18 14:52:26.000000","2019-08-18 15:25:38.000000",1.0,6.95,1.0,N,234.0,75.0,1.0,27.0,0.0,0.5,4.54,0.0,0.3,34.84,2.5
2.0,"2019-08-18 14:03:14.000000","2019-08-18 14:20:48.000000",1.0,3.96,1.0,N,234.0,75.0,1.0,15.0,0.0,0.5,3.66,0.0,0.3,21.96,2.5
2.0,"2019-08-18 15:28:29.000000","2019-08-18 15:48:34.000000",1.0,4.08,1.0,N,234.0,75.0,1.0,16.0,0.0,0.5,3.86,0.0,0.3,23.16,2.5
2.0,"2019-08-18 19:50:39.000000","2019-08-18 20:08:20.000000",1.0,4.27,1.0,N,234.0,75.0,1.0,15.5,0.0,0.5,3.76,0.0,0.3,22.56,2.5
2.0,"2019-08-18 20:35:44.000000","2019-08-18 20:55:01.000000",1.0,4.69,1.0,N,234.0,75.0,1.0,17.0,0.5,0.5,4.16,0.0,0.3,24.96,2.5
2.0,"2019-08-19 00:27:18.000000","2019-08-19 00:48:40.000000",1.0,5.73,1.0,N,234.0,75.0,1.0,19.5,0.5,0.5,4.66,0.0,0.3,27.96,2.5
2.0,"2019-08-19 04:24:24.000000","2019-08-19 04:33:44.000000",5.0,4.11,1.0,N,234.0,75.0,2.0,13.0,0.5,0.5,0.0,0.0,0.3,16.8,2.5
2.0,"2019-08-19 05:21:58.000000","2019-08-19 05:39:01.000000",1.0,4.81,1.0,N,234.0,75.0,1.0,16.0,0.5,0.5,2.18,0.0,0.3,21.98,2.5
2.0,"2019-08-19 10:38:46.000000","2019-08-19 11:13:23.000000",1.0,4.95,1.0,N,234.0,75.0,2.0,23.5,0.0,0.5,0.0,0.0,0.3,26.8,2.5
2.0,"2019-08-19 18:57:43.000000","2019-08-19 19:18:17.000000",1.0,5.86,1.0,N,234.0,75.0,1.0,21.0,1.0,0.5,2.0,0.0,0.3,27.3,2.5
2.0,"2019-08-19 19:56:36.000000","2019-08-19 20:16:15.000000",3.0,3.59,1.0,N,234.0,75.0,1.0,15.0,1.0,0.5,3.86,0.0,0.3,23.16,2.5
2.0,"2019-08-19 20:46:12.000000","2019-08-19 21:02:37.000000",1.0,4.04,1.0,N,234.0,75.0,1.0,15.0,0.5,0.5,3.76,0.0,0.3,22.56,2.5
2.0,"2019-08-19 21:29:44.000000","2019-08-19 21:49:24.000000",5.0,4.36,1.0,N,234.0,75.0,1.0,17.5,0.5,0.5,3.0,0.0,0.3,24.3,2.5
1.0,"2019-08-20 00:10:31.000000","2019-08-20 00:25:35.000000",1.0,3.6,1.0,N,234.0,75.0,1.0,14.0,3.0,0.5,5.3,0.0,0.3,23.1,2.5
2.0,"2019-08-20 07:05:32.000000","2019-08-20 07:20:08.000000",1.0,3.7,1.0,N,234.0,75.0,1.0,13.5,0.0,0.5,4.2,0.0,0.3,21.0,2.5
2.0,"2019-08-20 10:14:52.000000","2019-08-20 10:48:14.000000",1.0,4.17,1.0,N,234.0,75.0,1.0,22.0,0.0,0.5,1.0,0.0,0.3,26.3,2.5
2.0,"2019-08-20 11:18:54.000000","2019-08-20 11:48:20.000000",1.0,3.86,1.0,N,234.0,75.0,2.0,19.5,0.0,0.5,0.0,0.0,0.3,22.8,2.5
1.0,"2019-08-20 13:08:14.000000","2019-08-20 13:35:18.000000",1.0,3.9,1.0,N,234.0,75.0,1.0,19.0,2.5,0.5,4.45,0.0,0.3,26.75,2.5
2.0,"2019-08-20 15:26:36.000000","2019-08-20 15:50:03.000000",1.0,5.85,1.0,N,234.0,75.0,2.0,22.0,0.0,0.5,0.0,0.0,0.3,25.3,2.5
2.0,"2019-08-20 15:02:11.000000","2019-08-20 15:26:05.000000",1.0,4.28,1.0,N,234.0,75.0,2.0,18.0,0.0,0.5,0.0,0.0,0.3,21.3,2.5
2.0,"2019-08-20 15:12:46.000000","2019-08-20 15:36:39.000000",1.0,3.77,1.0,N,234.0,75.0,1.0,17.5,0.0,0.5,2.08,0.0,0.3,22.88,2.5
1.0,"2019-08-20 17:53:02.000000","2019-08-20 18:21:41.000000",4.0,5.1,1.0,N,234.0,75.0,2.0,21.0,3.5,0.5,0.0,0.0,0.3,25.3,2.5
1.0,"2019-08-20 19:09:03.000000","2019-08-20 19:37:22.000000",1.0,4.6,1.0,N,234.0,75.0,1.0,20.5,3.5,0.5,6.2,0.0,0.3,31.0,2.5
2.0,"2019-08-20 19:22:29.000000","2019-08-20 19:44:10.000000",3.0,4.44,1.0,N,234.0,75.0,2.0,17.0,1.0,0.5,0.0,0.0,0.3,21.3,2.5
2.0,"2019-08-20 20:08:10.000000","2019-08-20 20:33:46.000000",3.0,4.91,1.0,N,234.0,75.0,1.0,20.0,0.5,0.5,2.0,0.0,0.3,25.8,2.5
1.0,"2019-08-20 21:38:54.000000","2019-08-20 21:57:13.000000",1.0,4.3,1.0,N,234.0,75.0,1.0,16.0,3.0,0.5,1.0,0.0,0.3,20.8,2.5
2.0,"2019-08-20 21:28:58.000000","2019-08-20 21:44:25.000000",1.0,4.09,1.0,N,234.0,75.0,1.0,14.5,0.5,0.5,3.66,0.0,0.3,21.96,2.5
2.0,"2019-08-20 21:03:11.000000","2019-08-20 21:22:08.000000",1.0,4.03,1.0,N,234.0,75.0,1.0,15.5,0.5,0.5,3.86,0.0,0.3,23.16,2.5
2.0,"2019-08-20 21:22:31.000000","2019-08-20 21:38:55.000000",1.0,4.0,1.0,N,234.0,75.0,1.0,15.5,0.5,0.5,3.86,0.0,0.3,23.16,2.5
2.0,"2019-08-20 21:33:22.000000","2019-08-20 21:52:19.000000",3.0,4.76,1.0,N,234.0,75.0,1.0,17.0,0.5,0.5,2.0,0.0,0.3,22.8,2.5
1.0,"2019-08-20 22:56:17.000000","2019-08-20 23:12:53.000000",2.0,4.2,1.0,N,234.0,75.0,1.0,16.0,3.0,0.5,3.95,0.0,0.3,23.75,2.5
2.0,"2019-08-20 23:01:33.000000","2019-08-20 23:16:35.000000",6.0,4.14,1.0,N,234.0,75.0,1.0,15.0,0.5,0.5,3.76,0.0,0.3,22.56,2.5
2.0,"2019-08-21 00:37:50.000000","2019-08-21 00:55:34.000000",2.0,5.14,1.0,N,234.0,75.0,1.0,17.0,0.5,0.5,5.2,0.0,0.3,26.0,2.5
2.0,"2019-08-21 01:23:04.000000","2019-08-21 01:32:37.000000",1.0,3.99,1.0,N,234.0,75.0,1.0,12.5,0.5,0.5,2.0,0.0,0.3,18.3,2.5
2.0,"2019-08-21 09:14:08.000000","2019-08-21 09:46:46.000000",1.0,6.03,1.0,N,234.0,75.0,1.0,25.5,0.0,0.5,1.5,0.0,0.3,30.3,2.5
2.0,"2019-08-21 11:01:57.000000","2019-08-21 11:35:24.000000",1.0,4.0,1.0,N,234.0,75.0,1.0,22.0,0.0,0.5,5.06,0.0,0.3,30.36,2.5
2.0,"2019-08-21 12:04:57.000000","2019-08-21 12:31:39.000000",1.0,4.21,1.0,N,234.0,75.0,1.0,19.0,0.0,0.5,4.46,0.0,0.3,26.76,2.5
2.0,"2019-08-21 12:10:40.000000","2019-08-21 12:42:02.000000",1.0,4.01,1.0,N,234.0,75.0,1.0,21.0,0.0,0.5,0.5,0.0,0.3,24.8,2.5
2.0,"2019-08-21 13:54:08.000000","2019-08-21 14:26:06.000000",1.0,3.76,1.0,N,234.0,75.0,1.0,20.5,0.0,0.5,2.38,0.0,0.3,26.18,2.5
2.0,"2019-08-21 16:27:35.000000","2019-08-21 16:51:11.000000",1.0,4.24,1.0,N,234.0,75.0,1.0,17.5,1.0,0.5,5.0,0.0,0.3,26.8,2.5
2.0,"2019-08-21 17:08:35.000000","2019-08-21 17:37:30.000000",3.0,3.94,1.0,N,234.0,75.0,1.0,20.5,1.0,0.5,3.0,0.0,0.3,27.8,2.5
1.0,"2019-08-21 17:39:37.000000","2019-08-21 18:17:41.000000",1.0,4.3,1.0,N,234.0,75.0,1.0,24.0,3.5,0.5,8.45,0.0,0.3,36.75,2.5
2.0,"2019-08-21 20:43:51.000000","2019-08-21 21:09:06.000000",1.0,4.4,1.0,N,234.0,75.0,1.0,18.5,0.5,0.5,2.23,0.0,0.3,24.53,2.5
1.0,"2019-08-21 20:16:11.000000","2019-08-21 20:44:55.000000",0.0,4.9,1.0,N,234.0,75.0,1.0,21.0,3.0,0.5,4.0,0.0,0.3,28.8,2.5
1.0,"2019-08-21 21:25:29.000000","2019-08-21 21:42:14.000000",1.0,3.6,1.0,N,234.0,75.0,2.0,14.5,3.0,0.5,0.0,0.0,0.3,18.3,2.5
1.0,"2019-08-21 21:02:11.000000","2019-08-21 21:22:28.000000",2.0,3.8,1.0,N,234.0,75.0,1.0,16.0,3.0,0.5,3.0,0.0,0.3,22.8,2.5
2.0,"2019-08-21 21:38:29.000000","2019-08-21 21:57:09.000000",1.0,4.41,1.0,N,234.0,75.0,1.0,16.0,0.5,0.5,3.96,0.0,0.3,23.76,2.5
1.0,"2019-08-21 21:47:54.000000","2019-08-21 22:11:13.000000",2.0,5.3,1.0,N,234.0,75.0,1.0,19.5,3.0,0.5,3.0,0.0,0.3,26.3,2.5
2.0,"2019-08-21 22:19:03.000000","2019-08-21 22:41:18.000000",2.0,4.41,1.0,N,234.0,75.0,1.0,17.5,0.5,0.5,4.26,0.0,0.3,25.56,2.5
2.0,"2019-08-21 22:33:45.000000","2019-08-21 22:50:32.000000",5.0,4.0,1.0,N,234.0,75.0,1.0,14.5,0.5,0.5,4.58,0.0,0.3,22.88,2.5
2.0,"2019-08-21 22:13:57.000000","2019-08-21 22:36:17.000000",2.0,4.3,1.0,N,234.0,75.0,1.0,18.0,0.5,0.5,4.36,0.0,0.3,26.16,2.5
2.0,"2019-08-21 23:46:42.000000","2019-08-22 00:03:17.000000",1.0,3.88,1.0,N,234.0,75.0,1.0,15.0,0.5,0.5,3.76,0.0,0.3,22.56,2.5
2.0,"2019-08-22 00:28:01.000000","2019-08-22 00:38:22.000000",1.0,4.08,1.0,N,234.0,75.0,1.0,13.0,0.5,0.5,2.0,0.0,0.3,18.8,2.5
2.0,"2019-08-22 01:21:03.000000","2019-08-22 01:39:41.000000",6.0,5.0,1.0,N,234.0,75.0,2.0,17.0,0.5,0.5,0.0,0.0,0.3,20.8,2.5
2.0,"2019-08-22 04:05:08.000000","2019-08-22 04:15:49.000000",1.0,4.81,1.0,N,234.0,75.0,1.0,15.5,0.5,0.5,3.86,0.0,0.3,23.16,2.5
2.0,"2019-08-22 09:42:04.000000","2019-08-22 10:08:16.000000",1.0,5.63,1.0,N,234.0,75.0,2.0,21.5,0.0,0.5,0.0,0.0,0.3,24.8,2.5
2.0,"2019-08-22 12:32:32.000000","2019-08-22 13:04:33.000000",2.0,3.7,1.0,N,234.0,75.0,1.0,21.5,0.0,0.5,4.96,0.0,0.3,29.76,2.5
1.0,"2019-08-22 13:24:23.000000","2019-08-22 13:50:20.000000",1.0,5.6,1.0,N,234.0,75.0,2.0,22.0,2.5,0.5,0.0,0.0,0.3,25.3,2.5
1.0,"2019-08-22 14:16:02.000000","2019-08-22 14:49:41.000000",1.0,5.4,1.0,N,234.0,75.0,1.0,24.5,2.5,0.5,5.0,0.0,0.3,32.8,2.5
1.0,"2019-08-22 14:44:33.000000","2019-08-22 15:17:04.000000",1.0,4.5,1.0,N,234.0,75.0,1.0,22.0,2.5,0.5,3.04,0.0,0.3,28.34,2.5
1.0,"2019-08-22 16:35:25.000000","2019-08-22 17:11:34.000000",1.0,4.2,1.0,N,234.0,75.0,2.0,24.0,3.5,0.5,0.0,0.0,0.3,28.3,2.5
2.0,"2019-08-22 17:21:25.000000","2019-08-22 17:48:28.000000",1.0,4.51,1.0,N,234.0,75.0,1.0,20.0,1.0,0.5,2.0,0.0,0.3,26.3,2.5
1.0,"2019-08-22 17:31:57.000000","2019-08-22 18:08:45.000000",1.0,5.4,1.0,N,234.0,75.0,1.0,25.5,3.5,0.5,5.95,0.0,0.3,35.75,2.5
1.0,"2019-08-22 18:09:48.000000","2019-08-22 18:42:07.000000",0.0,4.1,1.0,N,234.0,75.0,1.0,22.0,3.5,0.5,2.63,0.0,0.3,28.93,2.5
2.0,"2019-08-22 18:22:09.000000","2019-08-22 18:42:44.000000",2.0,5.32,1.0,N,234.0,75.0,1.0,20.0,1.0,0.5,4.08,0.0,0.3,28.38,2.5
2.0,"2019-08-22 18:26:28.000000","2019-08-22 18:55:28.000000",1.0,4.65,1.0,N,234.0,75.0,1.0,21.0,1.0,0.5,6.32,0.0,0.3,31.62,2.5
2.0,"2019-08-22 18:40:39.000000","2019-08-22 19:05:19.000000",1.0,5.2,1.0,N,234.0,75.0,1.0,20.0,1.0,0.5,6.08,0.0,0.3,30.38,2.5
2.0,"2019-08-22 20:27:22.000000","2019-08-22 21:01:22.000000",1.0,6.21,1.0,N,234.0,75.0,1.0,23.0,0.5,0.5,5.36,0.0,0.3,32.16,2.5
2.0,"2019-08-22 20:58:57.000000","2019-08-22 21:19:55.000000",1.0,4.79,1.0,N,234.0,75.0,1.0,18.0,0.5,0.5,4.36,0.0,0.3,26.16,2.5
2.0,"2019-08-22 21:11:49.000000","2019-08-22 21:37:30.000000",2.0,4.58,1.0,N,234.0,75.0,1.0,19.0,0.5,0.5,0.25,0.0,0.3,23.05,2.5
2.0,"2019-08-22 21:13:45.000000","2019-08-22 21:37:33.000000",1.0,5.48,1.0,N,234.0,75.0,2.0,19.0,0.5,0.5,0.0,0.0,0.3,22.8,2.5
2.0,"2019-08-22 22:29:17.000000","2019-08-22 22:50:46.000000",1.0,4.11,1.0,N,234.0,75.0,1.0,17.0,0.5,0.5,4.16,0.0,0.3,24.96,2.5
2.0,"2019-08-22 22:40:07.000000","2019-08-22 23:00:06.000000",1.0,4.0,1.0,N,234.0,75.0,2.0,16.5,0.5,0.5,0.0,0.0,0.3,20.3,2.5
2.0,"2019-08-23 00:20:06.000000","2019-08-23 00:37:33.000000",1.0,5.11,1.0,N,234.0,75.0,1.0,18.0,0.5,0.5,2.0,0.0,0.3,23.8,2.5
2.0,"2019-08-23 00:21:56.000000","2019-08-23 00:35:13.000000",1.0,4.75,1.0,N,234.0,75.0,1.0,15.0,0.5,0.5,3.76,0.0,0.3,22.56,2.5
1.0,"2019-08-23 02:46:11.000000","2019-08-23 03:00:38.000000",1.0,3.9,1.0,N,234.0,75.0,1.0,14.0,3.0,0.5,3.55,0.0,0.3,21.35,2.5
2.0,"2019-08-23 15:29:00.000000","2019-08-23 15:59:15.000000",5.0,5.5,1.0,N,234.0,75.0,1.0,22.5,0.0,0.5,2.0,0.0,0.3,27.8,2.5
1.0,"2019-08-23 16:51:47.000000","2019-08-23 17:20:41.000000",0.0,5.1,1.0,N,234.0,75.0,1.0,21.0,3.5,0.5,2.0,0.0,0.3,27.3,2.5
2.0,"2019-08-23 17:05:09.000000","2019-08-23 17:27:37.000000",1.0,3.62,1.0,N,234.0,75.0,1.0,16.5,1.0,0.5,4.16,0.0,0.3,24.96,2.5
2.0,"2019-08-23 18:33:22.000000","2019-08-23 19:02:08.000000",1.0,4.74,1.0,N,234.0,75.0,1.0,21.5,1.0,0.5,5.16,0.0,0.3,30.96,2.5
2.0,"2019-08-23 18:02:38.000000","2019-08-23 18:33:20.000000",2.0,4.81,1.0,N,234.0,75.0,2.0,21.5,1.0,0.5,0.0,0.0,0.3,25.8,2.5
2.0,"2019-08-23 20:06:40.000000","2019-08-23 20:23:18.000000",1.0,3.88,1.0,N,234.0,75.0,1.0,15.5,0.5,0.5,3.86,0.0,0.3,23.16,2.5
2.0,"2019-08-23 21:09:19.000000","2019-08-23 21:32:54.000000",1.0,4.51,1.0,N,234.0,75.0,1.0,19.0,0.5,0.5,4.56,0.0,0.3,27.36,2.5
2.0,"2019-08-23 22:19:10.000000","2019-08-23 22:40:35.000000",5.0,5.65,1.0,N,234.0,75.0,2.0,19.0,0.5,0.5,0.0,0.0,0.3,22.8,2.5
2.0,"2019-08-23 22:05:34.000000","2019-08-23 22:25:56.000000",1.0,4.57,1.0,N,234.0,75.0,1.0,17.0,0.5,0.5,3.0,0.0,0.3,23.8,2.5
2.0,"2019-08-24 01:22:38.000000","2019-08-24 01:36:16.000000",1.0,4.56,1.0,N,234.0,75.0,1.0,14.5,0.5,0.5,2.0,0.0,0.3,20.3,2.5
1.0,"2019-08-24 02:42:21.000000","2019-08-24 02:54:07.000000",1.0,4.1,1.0,N,234.0,75.0,1.0,13.5,3.0,0.5,3.45,0.0,0.3,20.75,2.5
2.0,"2019-08-24 02:46:55.000000","2019-08-24 03:01:30.000000",1.0,4.57,1.0,N,234.0,75.0,1.0,15.0,0.5,0.5,2.0,0.0,0.3,20.8,2.5
1.0,"2019-08-24 03:19:07.000000","2019-08-24 03:32:34.000000",1.0,4.8,1.0,N,234.0,75.0,1.0,15.5,3.0,0.5,5.75,0.0,0.3,25.05,2.5
1.0,"2019-08-24 03:33:02.000000","2019-08-24 03:43:51.000000",1.0,3.6,1.0,N,234.0,75.0,2.0,12.5,3.0,0.5,0.0,0.0,0.3,16.3,2.5
2.0,"2019-08-24 03:18:36.000000","2019-08-24 03:32:30.000000",1.0,4.77,1.0,N,234.0,75.0,2.0,15.5,0.5,0.5,0.0,0.0,0.3,19.3,2.5
1.0,"2019-08-24 04:21:52.000000","2019-08-24 04:34:22.000000",1.0,4.3,1.0,N,234.0,75.0,2.0,14.0,3.0,0.5,0.0,0.0,0.3,17.8,2.5
2.0,"2019-08-24 05:48:37.000000","2019-08-24 06:03:34.000000",1.0,5.02,1.0,N,234.0,75.0,1.0,16.0,0.5,0.5,1.0,0.0,0.3,20.8,2.5
2.0,"2019-08-24 15:26:27.000000","2019-08-24 15:49:56.000000",1.0,4.2,1.0,N,234.0,75.0,1.0,18.5,0.0,0.5,4.36,0.0,0.3,26.16,2.5
2.0,"2019-08-24 17:03:10.000000","2019-08-24 17:20:25.000000",3.0,3.67,1.0,N,234.0,75.0,1.0,15.0,0.0,0.5,0.0,0.0,0.3,18.3,2.5
2.0,"2019-08-24 21:06:18.000000","2019-08-24 21:26:40.000000",1.0,4.89,1.0,N,234.0,75.0,1.0,18.0,0.5,0.5,0.0,0.0,0.3,21.8,2.5
2.0,"2019-08-24 21:37:38.000000","2019-08-24 21:52:07.000000",1.0,3.79,1.0,N,234.0,75.0,1.0,13.5,0.5,0.5,3.46,0.0,0.3,20.76,2.5
2.0,"2019-08-24 22:40:45.000000","2019-08-24 23:01:37.000000",1.0,5.37,1.0,N,234.0,75.0,2.0,19.0,0.5,0.5,0.0,0.0,0.3,22.8,2.5
1.0,"2019-08-24 22:28:33.000000","2019-08-24 22:45:07.000000",1.0,3.9,1.0,N,234.0,75.0,1.0,14.5,3.0,0.5,3.65,0.0,0.3,21.95,2.5
2.0,"2019-08-24 23:46:08.000000","2019-08-25 00:07:57.000000",1.0,4.9,1.0,N,234.0,75.0,1.0,17.5,0.5,0.5,2.56,0.0,0.3,23.86,2.5
2.0,"2019-08-25 00:41:13.000000","2019-08-25 00:55:41.000000",1.0,4.37,1.0,N,234.0,75.0,1.0,14.5,0.5,0.5,4.58,0.0,0.3,22.88,2.5
2.0,"2019-08-25 01:28:08.000000","2019-08-25 01:41:55.000000",2.0,4.54,1.0,N,234.0,75.0,1.0,14.5,0.5,0.5,3.66,0.0,0.3,21.96,2.5
2.0,"2019-08-25 01:39:09.000000","2019-08-25 01:56:37.000000",3.0,4.8,1.0,N,234.0,75.0,2.0,16.5,0.5,0.5,0.0,0.0,0.3,20.3,2.5
2.0,"2019-08-25 03:50:14.000000","2019-08-25 04:01:59.000000",5.0,4.69,1.0,N,234.0,75.0,1.0,14.5,0.5,0.5,5.49,0.0,0.3,23.79,2.5
2.0,"2019-08-25 04:03:59.000000","2019-08-25 04:17:24.000000",1.0,4.9,1.0,N,234.0,75.0,2.0,15.0,0.5,0.5,0.0,0.0,0.3,18.8,2.5
2.0,"2019-08-25 07:12:24.000000","2019-08-25 07:29:02.000000",1.0,4.15,1.0,N,234.0,75.0,1.0,15.0,0.0,0.5,3.66,0.0,0.3,21.96,2.5
2.0,"2019-08-25 08:53:26.000000","2019-08-25 09:07:54.000000",6.0,4.1,1.0,N,234.0,75.0,1.0,14.5,0.0,0.5,3.56,0.0,0.3,21.36,2.5
1.0,"2019-08-25 09:50:10.000000","2019-08-25 10:08:40.000000",1.0,4.1,1.0,N,234.0,75.0,1.0,16.5,2.5,0.5,2.5,0.0,0.3,22.3,2.5
1.0,"2019-08-25 12:49:26.000000","2019-08-25 13:11:47.000000",2.0,3.9,1.0,N,234.0,75.0,1.0,18.0,2.5,0.5,4.25,0.0,0.3,25.55,2.5
1.0,"2019-08-25 13:53:58.000000","2019-08-25 14:10:58.000000",0.0,4.5,1.0,N,234.0,75.0,1.0,16.0,2.5,0.5,3.85,0.0,0.3,23.15,2.5
2.0,"2019-08-25 13:52:27.000000","2019-08-25 14:16:15.000000",1.0,4.11,1.0,N,234.0,75.0,1.0,18.5,0.0,0.5,4.36,0.0,0.3,26.16,2.5
2.0,"2019-08-25 17:14:25.000000","2019-08-25 17:39:14.000000",2.0,5.05,1.0,N,234.0,75.0,2.0,20.0,0.0,0.5,0.0,0.0,0.3,23.3,2.5
2.0,"2019-08-25 18:22:19.000000","2019-08-25 18:43:44.000000",1.0,3.77,1.0,N,234.0,75.0,1.0,17.5,0.0,0.5,4.16,0.0,0.3,24.96,2.5
2.0,"2019-08-25 21:07:38.000000","2019-08-25 21:24:56.000000",1.0,4.07,1.0,N,234.0,75.0,2.0,15.0,0.5,0.5,0.0,0.0,0.3,18.8,2.5
2.0,"2019-08-25 22:55:37.000000","2019-08-25 23:07:01.000000",2.0,4.19,1.0,N,234.0,75.0,2.0,13.5,0.5,0.5,0.0,0.0,0.3,17.3,2.5
2.0,"2019-08-25 22:55:16.000000","2019-08-25 23:16:15.000000",1.0,4.33,1.0,N,234.0,75.0,1.0,17.5,0.5,0.5,5.32,0.0,0.3,26.62,2.5
2.0,"2019-08-26 09:09:58.000000","2019-08-26 09:41:44.000000",1.0,4.4,1.0,N,234.0,75.0,1.0,21.5,0.0,0.5,4.96,0.0,0.3,29.76,2.5
2.0,"2019-08-26 14:01:18.000000","2019-08-26 14:38:32.000000",4.0,5.67,1.0,N,234.0,75.0,1.0,26.0,0.0,0.5,2.0,0.0,0.3,31.3,2.5
2.0,"2019-08-26 15:37:58.000000","2019-08-26 16:00:06.000000",1.0,4.18,1.0,N,234.0,75.0,1.0,17.5,0.0,0.5,4.16,0.0,0.3,24.96,2.5
2.0,"2019-08-26 15:30:17.000000","2019-08-26 16:01:51.000000",2.0,6.01,1.0,N,234.0,75.0,1.0,24.5,0.0,0.5,2.0,0.0,0.3,29.8,2.5
1.0,"2019-08-26 18:47:14.000000","2019-08-26 19:11:36.000000",2.0,4.8,1.0,N,234.0,75.0,1.0,19.0,3.5,0.5,4.65,0.0,0.3,27.95,2.5
2.0,"2019-08-26 19:25:13.000000","2019-08-26 19:48:16.000000",3.0,4.8,1.0,N,234.0,75.0,1.0,18.5,1.0,0.5,3.42,0.0,0.3,26.22,2.5
2.0,"2019-08-26 19:56:24.000000","2019-08-26 20:20:36.000000",1.0,6.42,1.0,N,234.0,75.0,1.0,23.0,1.0,0.5,5.46,0.0,0.3,32.76,2.5
2.0,"2019-08-26 20:48:23.000000","2019-08-26 21:08:52.000000",1.0,4.55,1.0,N,234.0,75.0,1.0,17.5,0.5,0.5,4.26,0.0,0.3,25.56,2.5
1.0,"2019-08-26 20:14:03.000000","2019-08-26 20:38:54.000000",1.0,5.1,1.0,N,234.0,75.0,3.0,19.5,3.0,0.5,0.0,0.0,0.3,23.3,2.5
1.0,"2019-08-26 21:53:58.000000","2019-08-26 22:18:12.000000",0.0,5.4,1.0,N,234.0,75.0,1.0,20.0,3.0,0.5,4.75,0.0,0.3,28.55,2.5
2.0,"2019-08-26 21:55:30.000000","2019-08-26 22:15:36.000000",6.0,4.53,1.0,N,234.0,75.0,2.0,17.0,0.5,0.5,0.0,0.0,0.3,20.8,2.5
2.0,"2019-08-26 21:20:32.000000","2019-08-26 21:37:38.000000",1.0,4.03,1.0,N,234.0,75.0,1.0,15.5,0.5,0.5,4.82,0.0,0.3,24.12,2.5
2.0,"2019-08-26 22:34:10.000000","2019-08-26 22:46:57.000000",1.0,3.63,1.0,N,234.0,75.0,1.0,13.0,0.5,0.5,4.2,0.0,0.3,21.0,2.5
2.0,"2019-08-26 22:18:57.000000","2019-08-26 22:34:29.000000",2.0,4.77,1.0,N,234.0,75.0,1.0,16.0,0.5,0.5,3.96,0.0,0.3,23.76,2.5
2.0,"2019-08-26 22:23:19.000000","2019-08-26 22:40:46.000000",1.0,4.77,1.0,N,234.0,75.0,2.0,16.5,0.5,0.5,0.0,0.0,0.3,20.3,2.5
1.0,"2019-08-26 22:52:49.000000","2019-08-26 23:11:26.000000",2.0,5.4,1.0,N,234.0,75.0,1.0,18.0,3.0,0.5,5.45,0.0,0.3,27.25,2.5
1.0,"2019-08-27 06:36:38.000000","2019-08-27 06:50:04.000000",1.0,4.8,1.0,N,234.0,75.0,1.0,15.0,2.5,0.5,1.65,0.0,0.3,19.95,2.5
2.0,"2019-08-27 06:54:00.000000","2019-08-27 07:09:15.000000",1.0,4.49,1.0,N,234.0,75.0,2.0,15.0,0.0,0.5,0.0,0.0,0.3,18.3,2.5
1.0,"2019-08-27 08:08:23.000000","2019-08-27 08:29:35.000000",1.0,5.8,1.0,N,234.0,75.0,2.0,21.0,2.5,0.5,0.0,0.0,0.3,24.3,2.5
2.0,"2019-08-27 08:13:41.000000","2019-08-27 08:42:43.000000",2.0,3.62,1.0,N,234.0,75.0,1.0,19.5,0.0,0.5,6.84,0.0,0.3,29.64,2.5
1.0,"2019-08-27 09:07:26.000000","2019-08-27 09:29:46.000000",2.0,5.7,1.0,N,234.0,75.0,1.0,21.0,2.5,0.5,4.85,0.0,0.3,29.15,2.5
2.0,"2019-08-27 09:58:34.000000","2019-08-27 11:11:52.000000",1.0,5.69,1.0,N,234.0,75.0,1.0,43.5,0.0,0.5,0.0,0.0,0.3,46.8,2.5
2.0,"2019-08-27 13:16:15.000000","2019-08-27 13:46:45.000000",1.0,4.31,1.0,N,234.0,75.0,2.0,21.5,0.0,0.5,0.0,0.0,0.3,24.8,2.5
2.0,"2019-08-27 13:25:42.000000","2019-08-27 13:52:21.000000",1.0,4.64,1.0,N,234.0,75.0,1.0,20.0,0.0,0.5,4.66,0.0,0.3,27.96,2.5
2.0,"2019-08-27 14:43:34.000000","2019-08-27 15:15:31.000000",1.0,4.39,1.0,N,234.0,75.0,2.0,22.5,0.0,0.5,0.0,0.0,0.3,25.8,2.5
1.0,"2019-08-27 16:52:36.000000","2019-08-27 17:20:22.000000",1.0,4.2,1.0,N,234.0,75.0,1.0,20.0,3.5,0.5,4.85,0.0,0.3,29.15,2.5
2.0,"2019-08-27 18:59:38.000000","2019-08-27 19:29:11.000000",1.0,5.14,1.0,N,234.0,75.0,1.0,21.5,1.0,0.5,3.0,0.0,0.3,28.8,2.5
1.0,"2019-08-27 18:54:46.000000","2019-08-27 19:17:16.000000",1.0,3.7,1.0,N,234.0,75.0,1.0,17.0,3.5,0.5,4.26,0.0,0.3,25.56,2.5
2.0,"2019-08-27 18:53:57.000000","2019-08-27 19:18:23.000000",1.0,4.71,1.0,N,234.0,75.0,1.0,19.5,1.0,0.5,4.76,0.0,0.3,28.56,2.5
2.0,"2019-08-27 19:54:18.000000","2019-08-27 20:16:47.000000",1.0,4.36,1.0,N,234.0,75.0,1.0,18.0,1.0,0.5,6.69,0.0,0.3,28.99,2.5
2.0,"2019-08-27 19:08:39.000000","2019-08-27 19:33:38.000000",2.0,4.48,1.0,N,234.0,75.0,1.0,19.0,1.0,0.5,2.0,0.0,0.3,25.3,2.5
2.0,"2019-08-27 19:27:31.000000","2019-08-27 19:50:53.000000",1.0,4.29,1.0,N,234.0,75.0,1.0,18.5,1.0,0.5,2.0,0.0,0.3,24.8,2.5
2.0,"2019-08-27 21:17:00.000000","2019-08-27 21:33:33.000000",1.0,4.0,1.0,N,234.0,75.0,1.0,15.5,0.5,0.5,3.86,0.0,0.3,23.16,2.5
1.0,"2019-08-27 21:54:20.000000","2019-08-27 22:12:20.000000",1.0,5.3,1.0,N,234.0,75.0,1.0,18.5,3.0,0.5,4.45,0.0,0.3,26.75,2.5
2.0,"2019-08-27 22:02:13.000000","2019-08-27 22:18:05.000000",1.0,4.15,1.0,N,234.0,75.0,1.0,15.0,0.5,0.5,1.0,0.0,0.3,19.8,2.5
1.0,"2019-08-27 22:12:04.000000","2019-08-27 22:30:18.000000",1.0,4.7,1.0,N,234.0,75.0,1.0,16.5,3.0,0.5,4.05,0.0,0.3,24.35,2.5
2.0,"2019-08-28 00:47:06.000000","2019-08-28 01:00:15.000000",2.0,3.98,1.0,N,234.0,75.0,1.0,13.5,0.5,0.5,2.6,0.0,0.3,19.9,2.5
2.0,"2019-08-28 01:28:15.000000","2019-08-28 01:39:09.000000",1.0,4.27,1.0,N,234.0,75.0,2.0,13.5,0.5,0.5,0.0,0.0,0.3,17.3,2.5
2.0,"2019-08-28 02:16:38.000000","2019-08-28 02:31:21.000000",1.0,4.49,1.0,N,234.0,75.0,1.0,14.5,0.5,0.5,3.66,0.0,0.3,21.96,2.5
1.0,"2019-08-28 08:33:56.000000","2019-08-28 09:04:49.000000",2.0,4.5,1.0,N,234.0,75.0,1.0,21.5,2.5,0.5,2.0,0.0,0.3,26.8,2.5
2.0,"2019-08-28 10:13:12.000000","2019-08-28 10:54:16.000000",1.0,4.63,1.0,N,234.0,75.0,1.0,26.0,0.0,0.5,5.86,0.0,0.3,35.16,2.5
1.0,"2019-08-28 10:29:10.000000","2019-08-28 10:55:36.000000",2.0,3.7,1.0,N,234.0,75.0,1.0,19.0,2.5,0.5,4.45,0.0,0.3,26.75,2.5
1.0,"2019-08-28 18:46:09.000000","2019-08-28 19:09:25.000000",1.0,4.2,1.0,N,234.0,75.0,1.0,18.0,3.5,0.5,2.0,0.0,0.3,24.3,2.5
2.0,"2019-08-28 18:17:56.000000","2019-08-28 18:48:52.000000",1.0,4.62,1.0,N,234.0,75.0,1.0,21.5,1.0,0.5,6.45,0.0,0.3,32.25,2.5
2.0,"2019-08-28 20:12:35.000000","2019-08-28 20:35:58.000000",1.0,4.68,1.0,N,234.0,75.0,1.0,19.0,0.5,0.5,4.56,0.0,0.3,27.36,2.5
2.0,"2019-08-28 20:39:58.000000","2019-08-28 21:10:09.000000",4.0,5.81,1.0,N,234.0,75.0,1.0,23.0,0.5,0.5,6.7,0.0,0.3,33.5,2.5
2.0,"2019-08-28 21:12:37.000000","2019-08-28 21:36:10.000000",1.0,3.84,1.0,N,234.0,75.0,1.0,17.5,0.5,0.5,4.26,0.0,0.3,25.56,2.5
2.0,"2019-08-28 21:44:21.000000","2019-08-28 22:04:40.000000",1.0,4.69,1.0,N,234.0,75.0,1.0,17.0,0.5,0.5,3.5,0.0,0.3,24.3,2.5
2.0,"2019-08-28 21:31:10.000000","2019-08-28 21:50:47.000000",1.0,5.53,1.0,N,234.0,75.0,1.0,20.0,0.5,0.5,7.14,0.0,0.3,30.94,2.5
2.0,"2019-08-28 21:01:45.000000","2019-08-28 21:28:01.000000",1.0,4.82,1.0,N,234.0,75.0,1.0,20.0,0.5,0.5,2.0,0.0,0.3,25.8,2.5
1.0,"2019-08-28 22:20:40.000000","2019-08-28 22:41:16.000000",1.0,4.3,1.0,N,234.0,75.0,2.0,17.0,3.0,0.5,0.0,0.0,0.3,20.8,2.5
1.0,"2019-08-28 22:16:48.000000","2019-08-28 22:38:13.000000",1.0,4.9,1.0,N,234.0,75.0,1.0,18.0,3.0,0.5,4.35,0.0,0.3,26.15,2.5
1.0,"2019-08-28 22:04:27.000000","2019-08-28 22:23:47.000000",1.0,4.4,1.0,N,234.0,75.0,2.0,17.0,3.0,0.5,0.0,0.0,0.3,20.8,2.5
2.0,"2019-08-28 22:51:36.000000","2019-08-28 23:18:20.000000",1.0,5.99,1.0,N,234.0,75.0,1.0,22.0,0.5,0.5,5.16,0.0,0.3,30.96,2.5
1.0,"2019-08-28 23:32:58.000000","2019-08-28 23:45:21.000000",1.0,5.1,1.0,N,234.0,75.0,1.0,16.5,3.0,0.5,2.0,0.0,0.3,22.3,2.5
2.0,"2019-08-29 01:41:27.000000","2019-08-29 01:51:23.000000",1.0,4.26,1.0,N,234.0,75.0,2.0,13.0,0.5,0.5,0.0,0.0,0.3,16.8,2.5
2.0,"2019-08-29 01:55:13.000000","2019-08-29 02:07:27.000000",5.0,4.26,1.0,N,234.0,75.0,1.0,14.0,0.5,0.5,3.56,0.0,0.3,21.36,2.5
2.0,"2019-08-29 05:09:38.000000","2019-08-29 05:19:16.000000",5.0,5.01,1.0,N,234.0,75.0,2.0,16.0,0.5,0.5,0.0,0.0,0.3,19.8,2.5
1.0,"2019-08-29 06:45:24.000000","2019-08-29 07:00:37.000000",1.0,4.5,1.0,N,234.0,75.0,2.0,15.0,2.5,0.5,0.0,0.0,0.3,18.3,2.5
2.0,"2019-08-29 06:42:39.000000","2019-08-29 07:03:27.000000",1.0,4.97,1.0,N,234.0,75.0,1.0,18.0,0.0,0.5,2.88,0.0,0.3,24.18,2.5
2.0,"2019-08-29 10:36:09.000000","2019-08-29 11:08:47.000000",1.0,3.56,1.0,N,234.0,75.0,1.0,21.0,0.0,0.5,3.64,0.0,0.3,27.94,2.5
1.0,"2019-08-29 11:49:26.000000","2019-08-29 12:34:56.000000",3.0,5.5,1.0,N,234.0,75.0,2.0,29.0,2.5,0.5,0.0,0.0,0.3,32.3,2.5
1.0,"2019-08-29 11:34:12.000000","2019-08-29 12:16:46.000000",2.0,5.7,1.0,N,234.0,75.0,2.0,28.5,2.5,0.5,0.0,0.0,0.3,31.8,2.5
2.0,"2019-08-29 11:19:22.000000","2019-08-29 11:58:40.000000",1.0,9.95,1.0,N,234.0,75.0,1.0,32.5,0.0,0.5,7.16,0.0,0.3,42.96,2.5
2.0,"2019-08-29 16:02:15.000000","2019-08-29 16:30:46.000000",1.0,4.34,1.0,N,234.0,75.0,1.0,20.0,1.0,0.5,1.0,0.0,0.3,25.3,2.5
2.0,"2019-08-29 17:50:38.000000","2019-08-29 18:19:47.000000",2.0,4.27,1.0,N,234.0,75.0,1.0,21.5,1.0,0.5,6.45,0.0,0.3,32.25,2.5
2.0,"2019-08-29 19:23:03.000000","2019-08-29 19:43:19.000000",1.0,3.97,1.0,N,234.0,75.0,1.0,17.0,1.0,0.5,4.26,0.0,0.3,25.56,2.5
1.0,"2019-08-29 19:22:42.000000","2019-08-29 19:49:07.000000",2.0,4.8,1.0,N,234.0,75.0,2.0,20.0,3.5,0.5,0.0,0.0,0.3,24.3,2.5
2.0,"2019-08-29 20:39:09.000000","2019-08-29 20:58:39.000000",1.0,3.97,1.0,N,234.0,75.0,1.0,15.5,0.5,0.5,3.86,0.0,0.3,23.16,2.5
2.0,"2019-08-29 21:39:16.000000","2019-08-29 21:55:52.000000",2.0,5.73,1.0,N,234.0,75.0,1.0,18.5,0.5,0.5,1.7,0.0,0.3,24.0,2.5
2.0,"2019-08-29 21:18:40.000000","2019-08-29 21:34:42.000000",1.0,4.42,1.0,N,234.0,75.0,2.0,15.5,0.5,0.5,0.0,0.0,0.3,19.3,2.5
2.0,"2019-08-29 21:03:06.000000","2019-08-29 21:21:52.000000",3.0,3.87,1.0,N,234.0,75.0,1.0,16.0,0.5,0.5,3.96,0.0,0.3,23.76,2.5
2.0,"2019-08-30 00:45:03.000000","2019-08-30 00:59:02.000000",1.0,4.01,1.0,N,234.0,75.0,1.0,14.5,0.5,0.5,3.66,0.0,0.3,21.96,2.5
2.0,"2019-08-30 00:17:41.000000","2019-08-30 00:30:31.000000",1.0,4.4,1.0,N,234.0,75.0,1.0,14.0,0.5,0.5,2.0,0.0,0.3,19.8,2.5
1.0,"2019-08-30 03:29:29.000000","2019-08-30 03:42:44.000000",1.0,3.9,1.0,N,234.0,75.0,1.0,14.0,3.0,0.5,3.55,0.0,0.3,21.35,2.5
1.0,"2019-08-30 09:33:09.000000","2019-08-30 09:57:08.000000",1.0,5.3,1.0,N,234.0,75.0,2.0,21.0,2.5,0.5,0.0,0.0,0.3,24.3,2.5
2.0,"2019-08-30 10:46:34.000000","2019-08-30 10:49:34.000000",6.0,0.66,1.0,N,234.0,75.0,2.0,4.5,0.0,0.5,0.0,0.0,0.3,5.3,0.0
2.0,"2019-08-30 11:22:44.000000","2019-08-30 11:48:01.000000",1.0,5.61,1.0,N,234.0,75.0,2.0,22.5,0.0,0.5,0.0,0.0,0.3,25.8,2.5
2.0,"2019-08-30 11:56:34.000000","2019-08-30 12:28:54.000000",5.0,5.09,1.0,N,234.0,75.0,1.0,23.0,0.0,0.5,3.94,0.0,0.3,30.24,2.5
2.0,"2019-08-30 13:05:57.000000","2019-08-30 13:37:57.000000",1.0,4.7,1.0,N,234.0,75.0,2.0,22.5,0.0,0.5,0.0,0.0,0.3,25.8,2.5
1.0,"2019-08-30 15:02:07.000000","2019-08-30 15:23:14.000000",1.0,4.0,1.0,N,234.0,75.0,1.0,17.5,2.5,0.5,4.15,0.0,0.3,24.95,2.5
1.0,"2019-08-30 16:05:16.000000","2019-08-30 16:32:24.000000",1.0,5.0,1.0,N,234.0,75.0,2.0,20.0,3.5,0.5,0.0,0.0,0.3,24.3,2.5
1.0,"2019-08-30 17:51:44.000000","2019-08-30 18:17:56.000000",1.0,4.2,1.0,N,234.0,75.0,1.0,19.5,3.5,0.5,4.0,0.0,0.3,27.8,2.5
2.0,"2019-08-30 18:54:10.000000","2019-08-30 19:12:35.000000",1.0,4.23,1.0,N,234.0,75.0,1.0,16.0,1.0,0.5,4.06,0.0,0.3,24.36,2.5
2.0,"2019-08-30 18:45:00.000000","2019-08-30 19:06:39.000000",1.0,4.49,1.0,N,234.0,75.0,1.0,17.5,1.0,0.5,2.18,0.0,0.3,23.98,2.5
1.0,"2019-08-30 18:58:50.000000","2019-08-30 19:17:14.000000",2.0,5.1,1.0,N,234.0,75.0,1.0,19.0,3.5,0.5,6.95,0.0,0.3,30.25,2.5
2.0,"2019-08-30 22:40:42.000000","2019-08-30 22:55:55.000000",1.0,4.2,1.0,N,234.0,75.0,2.0,14.5,0.5,0.5,0.0,0.0,0.3,18.3,2.5
2.0,"2019-08-30 23:20:57.000000","2019-08-30 23:33:16.000000",3.0,3.52,1.0,N,234.0,75.0,1.0,12.5,0.5,0.5,3.26,0.0,0.3,19.56,2.5
2.0,"2019-08-30 23:52:00.000000","2019-08-31 00:12:58.000000",1.0,5.01,1.0,N,234.0,75.0,1.0,19.5,0.5,0.5,5.82,0.0,0.3,29.12,2.5
1.0,"2019-08-31 03:25:03.000000","2019-08-31 03:39:04.000000",1.0,4.6,1.0,N,234.0,75.0,2.0,15.0,3.0,0.5,0.0,0.0,0.3,18.8,2.5
1.0,"2019-08-31 04:21:01.000000","2019-08-31 04:36:42.000000",1.0,5.8,1.0,N,234.0,75.0,2.0,18.0,3.0,0.5,0.0,0.0,0.3,21.8,2.5
1.0,"2019-08-31 07:05:55.000000","2019-08-31 07:20:03.000000",1.0,5.0,1.0,N,234.0,75.0,1.0,16.0,2.5,0.5,1.0,0.0,0.3,20.3,2.5
1.0,"2019-08-31 12:49:56.000000","2019-08-31 13:04:47.000000",3.0,3.9,1.0,N,234.0,75.0,1.0,14.0,2.5,0.5,1.5,0.0,0.3,18.8,2.5
1.0,"2019-08-31 16:14:28.000000","2019-08-31 16:41:20.000000",1.0,5.0,1.0,N,234.0,75.0,1.0,20.0,2.5,0.5,0.0,0.0,0.3,23.3,2.5
2.0,"2019-08-31 16:00:23.000000","2019-08-31 16:19:30.000000",1.0,3.63,1.0,N,234.0,75.0,1.0,15.0,0.0,0.5,5.49,0.0,0.3,23.79,2.5
1.0,"2019-08-31 17:16:43.000000","2019-08-31 17:42:15.000000",1.0,4.6,1.0,N,234.0,75.0,1.0,19.5,2.5,0.5,4.55,0.0,0.3,27.35,2.5
2.0,"2019-08-31 19:35:26.000000","2019-08-31 19:54:14.000000",1.0,4.75,1.0,N,234.0,75.0,1.0,17.5,0.0,0.5,2.0,0.0,0.3,22.8,2.5
2.0,"2019-08-31 22:00:12.000000","2019-08-31 22:21:28.000000",1.0,4.05,1.0,N,234.0,75.0,1.0,17.5,0.5,0.5,4.0,0.0,0.3,25.3,2.5
2.0,"2019-08-31 22:35:30.000000","2019-08-31 22:56:07.000000",1.0,4.5,1.0,N,234.0,75.0,2.0,17.5,0.5,0.5,0.0,0.0,0.3,21.3,2.5
1.0,"2019-08-31 23:17:22.000000","2019-08-31 23:36:43.000000",2.0,4.9,1.0,N,234.0,75.0,1.0,17.5,3.0,0.5,5.3,0.0,0.3,26.6,2.5
,"2019-08-01 19:42:00.000000","2019-08-01 20:11:00.000000",,4.91,,,234.0,75.0,,32.45,2.75,0.5,0.0,0.0,0.3,36.0,0.0
,"2019-08-05 09:02:00.000000","2019-08-05 09:38:00.000000",,5.92,,,234.0,75.0,,26.2,5.5,0.5,0.0,0.0,0.3,32.5,0.0
,"2019-08-08 19:33:00.000000","2019-08-08 19:57:00.000000",,4.95,,,234.0,75.0,,32.45,2.75,0.5,0.0,0.0,0.3,36.0,0.0
,"2019-08-09 12:38:55.000000","2019-08-09 13:17:21.000000",,4.83,,,234.0,75.0,,24.96,2.75,0.0,0.0,0.0,0.3,28.01,0.0
,"2019-08-21 19:32:00.000000","2019-08-21 19:58:00.000000",,6.45,,,234.0,75.0,,32.45,2.75,0.5,0.0,0.0,0.3,36.0,0.0
,"2019-08-24 18:01:00.000000","2019-08-24 18:30:00.000000",,7.04,,,234.0,75.0,,35.95,2.75,0.5,0.0,0.0,0.3,39.5,0.0
,"2019-08-26 19:36:00.000000","2019-08-26 19:56:00.000000",,6.48,,,234.0,75.0,,32.45,2.75,0.5,0.0,0.0,0.3,36.0,0.0
,"2019-08-27 14:14:00.000000","2019-08-27 14:46:00.000000",,4.17,,,234.0,75.0,,24.46,2.75,0.5,0.0,0.0,0.3,28.01,0.0
