1.0,"2019-08-01 01:32:53.000000","2019-08-01 01:51:19.000000",1.0,4.6,1.0,N,234.0,80.0,1.0,17.5,3.0,0.5,4.25,0.0,0.3,25.55,2.5
1.0,"2019-08-01 02:50:11.000000","2019-08-01 03:08:03.000000",2.0,4.5,1.0,N,234.0,80.0,1.0,17.0,3.0,0.5,4.15,0.0,0.3,24.95,2.5
2.0,"2019-08-01 03:08:43.000000","2019-08-01 03:24:51.000000",1.0,4.48,1.0,N,234.0,80.0,1.0,16.0,0.5,0.5,4.95,0.0,0.3,24.75,2.5
1.0,"2019-08-01 03:33:45.000000","2019-08-01 03:50:42.000000",1.0,4.9,1.0,N,234.0,80.0,2.0,17.5,3.0,0.5,0.0,0.0,0.3,21.3,2.5
1.0,"2019-08-01 13:36:46.000000","2019-08-01 14:14:08.000000",0.0,5.7,1.0,N,234.0,80.0,1.0,26.5,2.5,0.5,3.3,0.0,0.3,33.1,2.5
2.0,"2019-08-01 17:47:32.000000","2019-08-01 18:13:55.000000",2.0,4.48,1.0,N,234.0,80.0,1.0,20.5,1.0,0.5,4.96,0.0,0.3,29.76,2.5
2.0,"2019-08-01 18:34:36.000000","2019-08-01 19:08:30.000000",1.0,4.63,1.0,N,234.0,80.0,1.0,24.0,1.0,0.5,5.66,0.0,0.3,33.96,2.5
2.0,"2019-08-01 18:51:35.000000","2019-08-01 19:21:28.000000",1.0,5.11,1.0,N,234.0,80.0,1.0,21.5,1.0,0.5,1.29,0.0,0.3,29.04,2.5
2.0,"2019-08-01 18:09:24.000000","2019-08-01 18:32:11.000000",1.0,3.95,1.0,N,234.0,80.0,1.0,18.0,1.0,0.5,4.0,0.0,0.3,26.3,2.5
2.0,"2019-08-01 18:11:53.000000","2019-08-01 18:46:20.000000",5.0,4.19,1.0,N,234.0,80.0,1.0,23.5,1.0,0.5,3.0,0.0,0.3,30.8,2.5
2.0,"2019-08-01 18:18:09.000000","2019-08-01 18:53:23.000000",1.0,4.24,1.0,N,234.0,80.0,2.0,24.0,1.0,0.5,0.0,0.0,0.3,28.3,2.5
2.0,"2019-08-01 18:46:35.000000","2019-08-01 19:13:54.000000",1.0,4.65,1.0,N,234.0,80.0,1.0,20.5,1.0,0.5,0.0,0.0,0.3,24.8,2.5
2.0,"2019-08-01 18:18:47.000000","2019-08-01 18:43:30.000000",1.0,4.11,1.0,N,234.0,80.0,2.0,19.0,1.0,0.5,0.0,0.0,0.3,23.3,2.5
2.0,"2019-08-01 18:17:43.000000","2019-08-01 18:57:53.000000",1.0,8.59,1.0,N,234.0,80.0,1.0,31.5,1.0,0.5,6.0,0.0,0.3,41.8,2.5
2.0,"2019-08-01 20:02:31.000000","2019-08-01 20:27:38.000000",2.0,5.02,1.0,N,234.0,80.0,2.0,19.5,0.5,0.5,0.0,0.0,0.3,23.3,2.5
1.0,"2019-08-01 22:13:04.000000","2019-08-01 22:43:11.000000",2.0,4.6,1.0,N,234.0,80.0,2.0,22.0,3.0,0.5,0.0,0.0,0.3,25.8,2.5
2.0,"2019-08-02 00:03:38.000000","2019-08-02 00:22:11.000000",2.0,4.48,1.0,N,234.0,80.0,2.0,17.0,0.5,0.5,0.0,0.0,0.3,20.8,2.5
1.0,"2019-08-02 04:43:44.000000","2019-08-02 04:56:05.000000",1.0,4.7,1.0,N,234.0,80.0,2.0,15.5,3.0,0.5,0.0,0.0,0.3,19.3,2.5
1.0,"2019-08-02 06:27:16.000000","2019-08-02 06:42:42.000000",1.0,5.3,1.0,N,234.0,80.0,2.0,18.0,2.5,0.5,0.0,0.0,0.3,21.3,2.5
2.0,"2019-08-02 09:43:39.000000","2019-08-02 10:20:41.000000",6.0,5.19,1.0,N,234.0,80.0,2.0,25.5,0.0,0.5,0.0,0.0,0.3,28.8,2.5
2.0,"2019-08-02 15:14:10.000000","2019-08-02 16:02:59.000000",1.0,7.43,1.0,N,234.0,80.0,2.0,32.0,0.0,0.5,0.0,0.0,0.3,35.3,2.5
2.0,"2019-08-02 16:40:38.000000","2019-08-02 17:16:13.000000",1.0,5.06,1.0,N,234.0,80.0,1.0,24.5,1.0,0.5,5.0,0.0,0.3,33.8,2.5
2.0,"2019-08-02 14:57:58.000000","2019-08-02 15:29:23.000000",1.0,5.1,1.0,N,234.0,80.0,1.0,22.5,1.0,0.5,1.34,0.0,0.3,30.09,2.5
2.0,"2019-08-02 21:36:24.000000","2019-08-02 22:04:12.000000",2.0,6.0,1.0,N,234.0,80.0,1.0,21.5,0.5,0.5,1.0,0.0,0.3,26.3,2.5
2.0,"2019-08-02 22:29:27.000000","2019-08-02 22:53:42.000000",1.0,4.16,1.0,N,234.0,80.0,1.0,18.5,0.5,0.5,4.46,0.0,0.3,26.76,2.5
2.0,"2019-08-02 22:36:12.000000","2019-08-02 22:57:28.000000",1.0,4.32,1.0,N,234.0,80.0,1.0,17.5,0.5,0.5,0.0,0.0,0.3,21.3,2.5
1.0,"2019-08-02 23:23:13.000000","2019-08-02 23:52:05.000000",2.0,4.7,1.0,N,234.0,80.0,1.0,21.0,3.0,0.5,4.95,0.0,0.3,29.75,2.5
2.0,"2019-08-03 00:01:29.000000","2019-08-03 00:25:53.000000",5.0,4.07,1.0,N,234.0,80.0,1.0,18.0,0.5,0.5,4.36,0.0,0.3,26.16,2.5
2.0,"2019-08-03 01:45:23.000000","2019-08-03 02:05:32.000000",2.0,5.8,1.0,N,234.0,80.0,1.0,20.5,0.5,0.5,4.86,0.0,0.3,29.16,2.5
1.0,"2019-08-03 03:56:36.000000","2019-08-03 04:14:11.000000",1.0,5.0,1.0,N,234.0,80.0,2.0,17.5,3.0,0.5,0.0,0.0,0.3,21.3,2.5
1.0,"2019-08-03 06:39:11.000000","2019-08-03 06:56:28.000000",2.0,5.3,1.0,N,234.0,80.0,2.0,18.5,2.5,0.5,0.0,0.0,0.3,21.8,2.5
1.0,"2019-08-03 11:33:13.000000","2019-08-03 11:48:04.000000",2.0,3.8,1.0,N,234.0,80.0,1.0,14.5,2.5,0.5,3.55,0.0,0.3,21.35,2.5
2.0,"2019-08-03 19:22:49.000000","2019-08-03 19:53:46.000000",3.0,6.0,1.0,N,234.0,80.0,1.0,24.0,0.0,0.5,5.46,0.0,0.3,32.76,2.5
2.0,"2019-08-03 22:08:31.000000","2019-08-03 22:38:38.000000",4.0,5.81,1.0,N,234.0,80.0,1.0,23.5,0.5,0.5,5.46,0.0,0.3,32.76,2.5
2.0,"2019-08-03 22:09:24.000000","2019-08-03 22:39:50.000000",1.0,5.77,1.0,N,234.0,80.0,1.0,24.0,0.5,0.5,8.34,0.0,0.3,36.14,2.5
1.0,"2019-08-03 23:34:58.000000","2019-08-04 00:00:12.000000",1.0,4.4,1.0,N,234.0,80.0,1.0,19.5,3.0,0.5,1.0,0.0,0.3,24.3,2.5
2.0,"2019-08-03 23:50:14.000000","2019-08-04 00:21:16.000000",1.0,5.88,1.0,N,234.0,80.0,2.0,24.5,0.5,0.5,0.0,0.0,0.3,28.3,2.5
2.0,"2019-08-03 23:00:34.000000","2019-08-03 23:25:07.000000",1.0,4.76,1.0,N,234.0,80.0,1.0,19.5,0.5,0.5,1.0,0.0,0.3,24.3,2.5
2.0,"2019-08-04 00:41:30.000000","2019-08-04 01:07:44.000000",1.0,4.63,1.0,N,234.0,80.0,1.0,19.5,0.5,0.5,6.99,0.0,0.3,30.29,2.5
2.0,"2019-08-04 00:02:23.000000","2019-08-04 00:27:40.000000",1.0,5.38,1.0,N,234.0,80.0,1.0,21.0,0.5,0.5,6.18,6.12,0.3,37.1,2.5
1.0,"2019-08-04 00:00:14.000000","2019-08-04 00:19:47.000000",1.0,4.8,1.0,N,234.0,80.0,2.0,18.0,3.0,0.5,0.0,0.0,0.3,21.8,2.5
1.0,"2019-08-04 02:16:10.000000","2019-08-04 02:35:10.000000",1.0,4.0,1.0,N,234.0,80.0,1.0,16.0,3.0,0.5,3.95,0.0,0.3,23.75,2.5
1.0,"2019-08-04 04:21:48.000000","2019-08-04 04:39:36.000000",3.0,5.7,1.0,N,234.0,80.0,2.0,19.0,3.0,0.5,0.0,0.0,0.3,22.8,2.5
2.0,"2019-08-04 10:49:15.000000","2019-08-04 11:13:04.000000",1.0,4.52,1.0,N,234.0,80.0,1.0,19.0,0.0,0.5,0.0,0.0,0.3,22.3,2.5
2.0,"2019-08-04 10:19:30.000000","2019-08-04 10:41:53.000000",1.0,4.95,1.0,N,234.0,80.0,1.0,19.0,0.0,0.5,4.46,0.0,0.3,26.76,2.5
1.0,"2019-08-04 14:02:36.000000","2019-08-04 14:24:20.000000",1.0,4.9,1.0,N,234.0,80.0,1.0,18.5,2.5,0.5,5.0,0.0,0.3,26.8,2.5
2.0,"2019-08-04 15:01:52.000000","2019-08-04 15:17:20.000000",5.0,4.1,1.0,N,234.0,80.0,1.0,15.5,0.0,0.5,3.76,0.0,0.3,22.56,2.5
1.0,"2019-08-04 16:02:11.000000","2019-08-04 16:27:31.000000",1.0,4.3,1.0,N,234.0,80.0,1.0,19.5,2.5,0.5,4.55,0.0,0.3,27.35,2.5
2.0,"2019-08-04 20:45:28.000000","2019-08-04 21:04:38.000000",1.0,4.75,1.0,N,234.0,80.0,1.0,17.0,0.5,0.5,4.16,0.0,0.3,24.96,2.5
2.0,"2019-08-04 20:36:56.000000","2019-08-04 20:58:38.000000",5.0,4.95,1.0,N,234.0,80.0,1.0,18.5,0.5,0.5,2.0,0.0,0.3,24.3,2.5
2.0,"2019-08-04 22:08:44.000000","2019-08-04 22:25:20.000000",5.0,3.96,1.0,N,234.0,80.0,1.0,15.5,0.5,0.5,3.86,0.0,0.3,23.16,2.5
2.0,"2019-08-05 00:05:16.000000","2019-08-05 00:23:13.000000",1.0,4.29,1.0,N,234.0,80.0,1.0,15.5,0.5,0.5,0.0,0.0,0.3,19.3,2.5
1.0,"2019-08-05 11:04:13.000000","2019-08-05 11:27:49.000000",1.0,4.5,1.0,N,234.0,80.0,1.0,19.0,0.0,0.5,0.0,0.0,0.3,19.8,0.0
2.0,"2019-08-05 16:02:58.000000","2019-08-05 16:25:16.000000",2.0,4.22,1.0,N,234.0,80.0,2.0,18.0,1.0,0.5,0.0,0.0,0.3,22.3,2.5
2.0,"2019-08-05 18:34:19.000000","2019-08-05 18:56:16.000000",1.0,5.04,1.0,N,234.0,80.0,1.0,19.0,1.0,0.5,4.66,0.0,0.3,27.96,2.5
2.0,"2019-08-05 21:20:42.000000","2019-08-05 21:43:12.000000",1.0,4.05,1.0,N,234.0,80.0,1.0,18.5,0.5,0.5,5.58,0.0,0.3,27.88,2.5
1.0,"2019-08-05 21:12:30.000000","2019-08-05 21:32:44.000000",2.0,5.0,1.0,N,234.0,80.0,1.0,18.5,3.0,0.5,4.45,0.0,0.3,26.75,2.5
2.0,"2019-08-05 21:46:37.000000","2019-08-05 22:07:20.000000",5.0,4.32,1.0,N,234.0,80.0,1.0,17.5,0.5,0.5,2.0,0.0,0.3,23.3,2.5
2.0,"2019-08-05 22:40:55.000000","2019-08-05 23:04:20.000000",1.0,4.57,1.0,N,234.0,80.0,1.0,19.0,0.5,0.5,5.7,0.0,0.3,28.5,2.5
2.0,"2019-08-05 22:21:27.000000","2019-08-05 22:52:05.000000",1.0,7.8,1.0,N,234.0,80.0,1.0,26.5,0.5,0.5,2.0,0.0,0.3,32.3,2.5
1.0,"2019-08-05 23:26:09.000000","2019-08-05 23:45:22.000000",2.0,5.0,1.0,N,234.0,80.0,1.0,17.5,3.0,0.5,4.25,0.0,0.3,25.55,2.5
2.0,"2019-08-06 03:33:40.000000","2019-08-07 00:00:00.000000",3.0,4.41,1.0,N,234.0,80.0,1.0,16.5,0.5,0.5,0.0,0.0,0.3,20.3,2.5
2.0,"2019-08-06 15:26:13.000000","2019-08-06 15:52:00.000000",1.0,3.96,1.0,N,234.0,80.0,1.0,19.0,0.0,0.5,4.46,0.0,0.3,26.76,2.5
1.0,"2019-08-06 15:24:56.000000","2019-08-06 16:02:25.000000",1.0,4.4,1.0,N,234.0,80.0,1.0,24.5,2.5,0.5,4.0,0.0,0.3,31.8,2.5
1.0,"2019-08-06 15:41:06.000000","2019-08-06 16:10:18.000000",2.0,4.3,1.0,N,234.0,80.0,1.0,21.0,2.5,0.5,0.0,0.0,0.3,24.3,2.5
2.0,"2019-08-06 15:48:08.000000","2019-08-06 16:19:35.000000",1.0,4.48,1.0,N,234.0,80.0,2.0,22.0,0.0,0.5,0.0,0.0,0.3,25.3,2.5
2.0,"2019-08-06 17:05:29.000000","2019-08-06 17:37:11.000000",1.0,4.34,1.0,N,234.0,80.0,1.0,23.0,1.0,0.5,5.46,0.0,0.3,32.76,2.5
2.0,"2019-08-06 18:36:24.000000","2019-08-06 18:58:16.000000",2.0,4.35,1.0,N,234.0,80.0,1.0,18.0,1.0,0.5,4.46,0.0,0.3,26.76,2.5
2.0,"2019-08-06 19:17:33.000000","2019-08-06 19:46:00.000000",1.0,5.95,1.0,N,234.0,80.0,1.0,23.5,1.0,0.5,4.0,0.0,0.3,31.8,2.5
2.0,"2019-08-06 23:33:05.000000","2019-08-06 23:50:06.000000",2.0,6.1,1.0,N,234.0,80.0,1.0,19.5,0.5,0.5,5.88,6.12,0.3,35.3,2.5
2.0,"2019-08-07 01:47:30.000000","2019-08-07 02:05:22.000000",1.0,6.16,1.0,N,234.0,80.0,2.0,20.0,0.5,0.5,0.0,0.0,0.3,23.8,2.5
2.0,"2019-08-07 15:48:29.000000","2019-08-07 16:16:53.000000",1.0,4.83,1.0,N,234.0,80.0,1.0,21.5,0.0,0.5,4.96,0.0,0.3,29.76,2.5
1.0,"2019-08-07 15:28:50.000000","2019-08-07 15:55:54.000000",1.0,4.2,1.0,N,234.0,80.0,2.0,20.0,2.5,0.5,0.0,0.0,0.3,23.3,2.5
2.0,"2019-08-07 18:29:43.000000","2019-08-07 18:54:22.000000",5.0,4.28,1.0,N,234.0,80.0,2.0,18.5,1.0,0.5,0.0,0.0,0.3,22.8,2.5
2.0,"2019-08-07 18:06:15.000000","2019-08-07 18:41:03.000000",1.0,6.03,1.0,N,234.0,80.0,1.0,26.5,1.0,0.5,6.16,0.0,0.3,36.96,2.5
1.0,"2019-08-07 21:00:12.000000","2019-08-07 21:25:13.000000",1.0,4.7,1.0,N,234.0,80.0,2.0,19.5,3.0,0.5,0.0,0.0,0.3,23.3,2.5
1.0,"2019-08-07 22:49:38.000000","2019-08-07 23:10:42.000000",0.0,5.1,1.0,N,234.0,80.0,1.0,19.5,3.0,0.5,4.65,0.0,0.3,27.95,2.5
1.0,"2019-08-07 22:42:45.000000","2019-08-07 23:08:29.000000",1.0,5.0,1.0,N,234.0,80.0,1.0,20.5,3.0,0.5,3.88,0.0,0.3,28.18,2.5
1.0,"2019-08-07 22:12:29.000000","2019-08-07 22:35:21.000000",1.0,5.6,1.0,N,234.0,80.0,1.0,21.0,3.0,0.5,4.95,0.0,0.3,29.75,2.5
1.0,"2019-08-07 23:56:52.000000","2019-08-08 00:13:51.000000",2.0,4.3,1.0,N,234.0,80.0,1.0,15.5,3.0,0.5,3.85,0.0,0.3,23.15,2.5
1.0,"2019-08-08 00:19:52.000000","2019-08-08 00:42:16.000000",1.0,5.6,1.0,N,234.0,80.0,2.0,20.5,3.0,0.5,0.0,0.0,0.3,24.3,2.5
1.0,"2019-08-08 00:43:25.000000","2019-08-08 01:01:44.000000",1.0,5.1,1.0,N,234.0,80.0,1.0,18.5,3.0,0.5,4.45,0.0,0.3,26.75,2.5
2.0,"2019-08-08 01:09:03.000000","2019-08-08 01:26:51.000000",1.0,4.69,1.0,N,234.0,80.0,1.0,17.0,0.5,0.5,4.16,0.0,0.3,24.96,2.5
1.0,"2019-08-08 02:01:49.000000","2019-08-08 02:16:22.000000",1.0,5.1,1.0,N,234.0,80.0,1.0,17.5,3.0,0.5,4.0,0.0,0.3,25.3,2.5
2.0,"2019-08-09 00:44:54.000000","2019-08-09 01:12:41.000000",1.0,6.19,1.0,N,234.0,80.0,1.0,23.5,0.5,0.5,5.46,0.0,0.3,32.76,2.5
2.0,"2019-08-09 01:44:22.000000","2019-08-09 02:02:18.000000",5.0,5.93,1.0,N,234.0,80.0,1.0,20.0,0.5,0.5,2.0,0.0,0.3,25.8,2.5
2.0,"2019-08-09 01:29:36.000000","2019-08-09 01:50:21.000000",1.0,4.86,1.0,N,234.0,80.0,1.0,18.5,0.5,0.5,2.0,0.0,0.3,24.3,2.5
1.0,"2019-08-09 03:53:08.000000","2019-08-09 04:06:51.000000",1.0,4.9,1.0,N,234.0,80.0,1.0,16.5,3.0,0.5,6.05,0.0,0.3,26.35,2.5
2.0,"2019-08-09 16:43:20.000000","2019-08-09 17:08:00.000000",5.0,4.04,1.0,N,234.0,80.0,1.0,18.5,1.0,0.5,5.7,0.0,0.3,28.5,2.5
1.0,"2019-08-09 17:31:43.000000","2019-08-09 18:07:19.000000",4.0,6.3,1.0,N,234.0,80.0,2.0,25.5,3.5,0.5,0.0,0.0,0.3,29.8,2.5
2.0,"2019-08-09 20:55:29.000000","2019-08-09 21:17:18.000000",2.0,4.77,1.0,N,234.0,80.0,1.0,19.0,0.5,0.5,4.56,0.0,0.3,27.36,2.5
1.0,"2019-08-09 21:07:26.000000","2019-08-09 21:38:09.000000",1.0,5.8,1.0,N,234.0,80.0,1.0,23.0,3.0,0.5,5.36,0.0,0.3,32.16,2.5
1.0,"2019-08-09 22:58:05.000000","2019-08-09 23:22:42.000000",1.0,5.0,1.0,N,234.0,80.0,1.0,19.5,3.0,0.5,3.0,0.0,0.3,26.3,2.5
2.0,"2019-08-09 22:51:36.000000","2019-08-09 23:15:46.000000",1.0,4.4,1.0,N,234.0,80.0,2.0,19.0,0.5,0.5,0.0,0.0,0.3,22.8,2.5
2.0,"2019-08-10 15:20:17.000000","2019-08-10 15:50:52.000000",5.0,5.5,1.0,N,234.0,80.0,1.0,23.0,0.0,0.5,5.26,0.0,0.3,31.56,2.5
1.0,"2019-08-10 20:53:27.000000","2019-08-10 21:13:58.000000",2.0,4.4,1.0,Y,234.0,80.0,1.0,17.5,3.0,0.5,4.25,0.0,0.3,25.55,2.5
1.0,"2019-08-10 20:57:25.000000","2019-08-10 21:25:38.000000",1.0,5.6,1.0,N,234.0,80.0,1.0,22.0,3.0,0.5,5.15,0.0,0.3,30.95,2.5
1.0,"2019-08-10 22:48:38.000000","2019-08-10 23:08:37.000000",1.0,4.1,1.0,N,234.0,80.0,1.0,17.0,3.0,0.5,5.2,0.0,0.3,26.0,2.5
2.0,"2019-08-10 23:19:54.000000","2019-08-10 23:44:50.000000",1.0,5.17,1.0,N,234.0,80.0,1.0,19.5,0.5,0.5,4.66,0.0,0.3,27.96,2.5
2.0,"2019-08-10 23:29:23.000000","2019-08-10 23:50:43.000000",1.0,4.89,1.0,N,234.0,80.0,1.0,18.0,0.5,0.5,4.36,0.0,0.3,26.16,2.5
2.0,"2019-08-11 00:26:54.000000","2019-08-11 00:51:51.000000",2.0,6.16,1.0,N,234.0,80.0,2.0,22.5,0.5,0.5,0.0,0.0,0.3,26.3,2.5
2.0,"2019-08-11 01:08:58.000000","2019-08-12 01:02:00.000000",1.0,4.86,1.0,N,234.0,80.0,1.0,19.5,0.5,0.5,3.5,0.0,0.3,26.8,2.5
2.0,"2019-08-11 02:50:59.000000","2019-08-11 03:06:46.000000",3.0,4.97,1.0,N,234.0,80.0,1.0,17.0,0.5,0.5,4.16,0.0,0.3,24.96,2.5
2.0,"2019-08-11 13:58:51.000000","2019-08-11 14:16:46.000000",2.0,4.62,1.0,N,234.0,80.0,1.0,17.5,0.0,0.5,3.5,0.0,0.3,24.3,2.5
2.0,"2019-08-11 17:21:08.000000","2019-08-11 17:44:48.000000",1.0,4.87,1.0,N,234.0,80.0,1.0,19.0,0.0,0.5,5.58,0.0,0.3,27.88,2.5
2.0,"2019-08-11 19:37:08.000000","2019-08-11 20:03:33.000000",1.0,6.57,1.0,N,234.0,80.0,1.0,23.0,0.0,0.5,0.0,0.0,0.3,26.3,2.5
2.0,"2019-08-11 21:38:38.000000","2019-08-11 22:06:51.000000",6.0,4.76,1.0,N,234.0,80.0,2.0,20.5,0.5,0.5,0.0,0.0,0.3,24.3,2.5
2.0,"2019-08-12 16:10:19.000000","2019-08-12 16:40:31.000000",5.0,4.41,1.0,N,234.0,80.0,1.0,22.0,1.0,0.5,5.26,0.0,0.3,31.56,2.5
1.0,"2019-08-12 19:12:26.000000","2019-08-12 19:30:47.000000",1.0,4.9,1.0,N,234.0,80.0,1.0,18.0,3.5,0.5,4.45,0.0,0.3,26.75,2.5
1.0,"2019-08-12 20:39:56.000000","2019-08-12 20:59:49.000000",1.0,4.5,1.0,N,234.0,80.0,1.0,17.5,3.0,0.5,2.56,0.0,0.3,23.86,2.5
2.0,"2019-08-12 20:49:12.000000","2019-08-12 21:06:24.000000",2.0,5.09,1.0,N,234.0,80.0,1.0,18.0,0.5,0.5,4.36,0.0,0.3,26.16,2.5
2.0,"2019-08-12 22:38:34.000000","2019-08-12 22:55:57.000000",1.0,4.35,1.0,N,234.0,80.0,1.0,16.5,0.5,0.5,4.06,0.0,0.3,24.36,2.5
1.0,"2019-08-13 00:35:47.000000","2019-08-13 00:50:46.000000",1.0,4.3,1.0,N,234.0,80.0,1.0,15.5,3.0,0.5,5.75,0.0,0.3,25.05,2.5
1.0,"2019-08-13 02:28:16.000000","2019-08-13 02:42:24.000000",1.0,4.5,1.0,N,234.0,80.0,2.0,16.0,3.0,0.5,0.0,0.0,0.3,19.8,2.5
2.0,"2019-08-13 04:34:26.000000","2019-08-13 04:53:01.000000",1.0,4.85,1.0,N,234.0,80.0,2.0,18.0,0.5,0.5,0.0,0.0,0.3,21.8,2.5
2.0,"2019-08-13 22:08:24.000000","2019-08-13 22:24:00.000000",1.0,4.72,1.0,N,234.0,80.0,1.0,16.5,0.5,0.5,5.08,0.0,0.3,25.38,2.5
1.0,"2019-08-13 23:15:43.000000","2019-08-13 23:41:31.000000",1.0,5.4,1.0,N,234.0,80.0,1.0,21.0,3.0,0.5,6.2,0.0,0.3,31.0,2.5
2.0,"2019-08-14 01:07:28.000000","2019-08-14 01:22:18.000000",3.0,4.73,1.0,N,234.0,80.0,1.0,16.0,0.5,0.5,4.95,0.0,0.3,24.75,2.5
1.0,"2019-08-14 08:22:56.000000","2019-08-14 08:48:18.000000",4.0,5.0,1.0,N,234.0,80.0,1.0,20.5,2.5,0.5,4.75,0.0,0.3,28.55,2.5
1.0,"2019-08-14 20:36:26.000000","2019-08-14 21:03:01.000000",1.0,4.6,1.0,N,234.0,80.0,1.0,19.5,3.0,0.5,5.83,0.0,0.3,29.13,2.5
2.0,"2019-08-14 21:51:37.000000","2019-08-14 22:12:21.000000",2.0,4.85,1.0,N,234.0,80.0,1.0,18.5,0.5,0.5,4.46,0.0,0.3,26.76,2.5
2.0,"2019-08-14 22:25:58.000000","2019-08-14 22:46:27.000000",5.0,4.58,1.0,N,234.0,80.0,2.0,18.0,0.5,0.5,0.0,0.0,0.3,21.8,2.5
1.0,"2019-08-14 22:32:38.000000","2019-08-14 22:57:30.000000",2.0,5.4,1.0,N,234.0,80.0,1.0,21.5,3.0,0.5,5.05,0.0,0.3,30.35,2.5
2.0,"2019-08-14 22:42:18.000000","2019-08-14 22:58:44.000000",1.0,5.18,1.0,N,234.0,80.0,1.0,17.5,0.5,0.5,5.32,0.0,0.3,26.62,2.5
2.0,"2019-08-14 23:56:56.000000","2019-08-15 00:21:25.000000",6.0,4.73,1.0,N,234.0,80.0,1.0,19.5,0.5,0.5,4.66,0.0,0.3,27.96,2.5
1.0,"2019-08-14 23:40:01.000000","2019-08-15 00:01:42.000000",1.0,4.4,1.0,N,234.0,80.0,1.0,18.0,3.0,0.5,4.35,0.0,0.3,26.15,2.5
2.0,"2019-08-15 00:12:28.000000","2019-08-15 00:29:22.000000",2.0,5.2,1.0,N,234.0,80.0,1.0,18.0,0.5,0.5,4.2,0.0,0.3,26.0,2.5
1.0,"2019-08-15 03:25:14.000000","2019-08-15 03:44:20.000000",1.0,4.9,1.0,N,234.0,80.0,2.0,18.0,3.0,0.5,0.0,0.0,0.3,21.8,2.5
1.0,"2019-08-15 20:34:23.000000","2019-08-15 21:04:24.000000",0.0,4.8,1.0,N,234.0,80.0,1.0,21.5,3.0,0.5,6.3,0.0,0.3,31.6,2.5
1.0,"2019-08-15 23:26:44.000000","2019-08-15 23:51:22.000000",1.0,4.8,1.0,N,234.0,80.0,1.0,19.5,3.0,0.5,3.0,0.0,0.3,26.3,2.5
2.0,"2019-08-15 23:43:35.000000","2019-08-16 00:04:01.000000",2.0,4.93,1.0,N,234.0,80.0,1.0,18.0,0.5,0.5,4.36,0.0,0.3,26.16,2.5
2.0,"2019-08-16 00:36:58.000000","2019-08-16 00:57:24.000000",1.0,4.57,1.0,N,234.0,80.0,2.0,18.0,0.5,0.5,0.0,0.0,0.3,21.8,2.5
1.0,"2019-08-16 00:43:39.000000","2019-08-16 01:06:16.000000",1.0,5.9,1.0,N,234.0,80.0,2.0,21.0,3.0,0.5,0.0,0.0,0.3,24.8,2.5
1.0,"2019-08-16 01:34:11.000000","2019-08-16 01:54:30.000000",2.0,4.8,1.0,N,234.0,80.0,1.0,19.0,3.0,0.5,2.0,0.0,0.3,24.8,2.5
1.0,"2019-08-16 05:21:21.000000","2019-08-16 05:35:04.000000",1.0,5.0,1.0,N,234.0,80.0,2.0,16.5,3.0,0.5,0.0,0.0,0.3,20.3,2.5
1.0,"2019-08-16 18:52:55.000000","2019-08-16 19:16:55.000000",1.0,5.1,1.0,N,234.0,80.0,1.0,20.5,3.5,0.5,6.2,0.0,0.3,31.0,2.5
2.0,"2019-08-16 19:57:06.000000","2019-08-16 20:25:00.000000",1.0,4.48,1.0,N,234.0,80.0,1.0,20.5,1.0,0.5,6.2,0.0,0.3,31.0,2.5
2.0,"2019-08-16 19:21:51.000000","2019-08-16 19:46:37.000000",1.0,6.85,1.0,N,234.0,80.0,1.0,23.0,1.0,0.5,2.0,6.12,0.3,35.42,2.5
1.0,"2019-08-16 22:18:32.000000","2019-08-16 22:50:44.000000",1.0,4.2,1.0,N,234.0,80.0,1.0,22.5,3.0,0.5,0.0,0.0,0.3,26.3,2.5
1.0,"2019-08-16 23:01:02.000000","2019-08-16 23:18:41.000000",1.0,4.5,1.0,N,234.0,80.0,1.0,16.5,3.0,0.5,4.05,0.0,0.3,24.35,2.5
2.0,"2019-08-17 00:00:33.000000","2019-08-17 00:22:43.000000",5.0,6.75,1.0,N,234.0,80.0,1.0,23.0,0.5,0.5,1.0,6.12,0.3,33.92,2.5
1.0,"2019-08-17 01:47:52.000000","2019-08-17 02:02:11.000000",1.0,4.3,1.0,N,234.0,80.0,1.0,15.0,3.0,0.5,1.0,0.0,0.3,19.8,2.5
1.0,"2019-08-17 08:02:34.000000","2019-08-17 08:23:53.000000",1.0,6.0,1.0,N,234.0,80.0,1.0,21.0,2.5,0.5,6.05,6.13,0.3,36.48,2.5
2.0,"2019-08-17 20:41:05.000000","2019-08-17 21:14:36.000000",3.0,4.92,1.0,N,234.0,80.0,1.0,23.5,0.5,0.5,5.46,0.0,0.3,32.76,2.5
1.0,"2019-08-17 22:41:47.000000","2019-08-17 23:04:18.000000",2.0,4.1,1.0,N,234.0,80.0,1.0,18.0,3.0,0.5,4.0,0.0,0.3,25.8,2.5
1.0,"2019-08-17 22:41:53.000000","2019-08-17 23:13:34.000000",1.0,4.7,1.0,N,234.0,80.0,1.0,22.5,3.0,0.5,5.25,0.0,0.3,31.55,2.5
2.0,"2019-08-18 02:52:24.000000","2019-08-18 03:08:35.000000",1.0,4.14,1.0,N,234.0,80.0,1.0,16.0,0.5,0.5,3.96,0.0,0.3,23.76,2.5
2.0,"2019-08-18 12:00:22.000000","2019-08-18 12:21:40.000000",4.0,5.55,1.0,N,234.0,80.0,1.0,20.0,2.5,0.5,4.66,0.0,0.3,27.96,0.0
2.0,"2019-08-18 15:52:18.000000","2019-08-18 16:15:33.000000",1.0,4.71,1.0,N,234.0,80.0,2.0,18.5,0.0,0.5,0.0,0.0,0.3,21.8,2.5
2.0,"2019-08-18 16:53:44.000000","2019-08-18 17:16:22.000000",1.0,4.65,1.0,N,234.0,80.0,2.0,18.5,0.0,0.5,0.0,0.0,0.3,21.8,2.5
1.0,"2019-08-18 18:10:00.000000","2019-08-18 18:50:52.000000",1.0,5.8,1.0,N,234.0,80.0,1.0,27.5,2.5,0.5,6.15,0.0,0.3,36.95,2.5
1.0,"2019-08-19 15:39:10.000000","2019-08-19 16:07:37.000000",1.0,4.8,1.0,N,234.0,80.0,2.0,21.0,2.5,0.5,0.0,0.0,0.3,24.3,2.5
2.0,"2019-08-19 17:33:35.000000","2019-08-19 18:00:25.000000",1.0,4.48,1.0,N,234.0,80.0,1.0,20.5,1.0,0.5,4.96,0.0,0.3,29.76,2.5
1.0,"2019-08-19 18:51:24.000000","2019-08-19 19:15:42.000000",1.0,5.4,1.0,N,234.0,80.0,2.0,20.5,3.5,0.5,0.0,0.0,0.3,24.8,2.5
2.0,"2019-08-19 19:12:18.000000","2019-08-19 19:32:26.000000",2.0,4.34,1.0,N,234.0,80.0,1.0,17.0,1.0,0.5,4.26,0.0,0.3,25.56,2.5
1.0,"2019-08-19 23:46:20.000000","2019-08-20 00:03:02.000000",2.0,5.0,1.0,N,234.0,80.0,1.0,17.5,3.0,0.5,4.25,0.0,0.3,25.55,2.5
2.0,"2019-08-19 23:10:19.000000","2019-08-19 23:32:15.000000",1.0,4.71,1.0,N,234.0,80.0,1.0,18.5,0.5,0.5,4.46,0.0,0.3,26.76,2.5
1.0,"2019-08-20 09:33:59.000000","2019-08-20 10:03:24.000000",1.0,5.8,1.0,N,234.0,80.0,1.0,24.0,2.5,0.5,0.0,0.0,0.3,27.3,2.5
2.0,"2019-08-20 17:06:37.000000","2019-08-20 17:30:49.000000",1.0,4.86,1.0,N,234.0,80.0,1.0,19.5,1.0,0.5,4.76,0.0,0.3,28.56,2.5
2.0,"2019-08-20 20:48:07.000000","2019-08-20 21:11:21.000000",1.0,4.23,1.0,N,234.0,80.0,1.0,18.0,0.5,0.5,4.36,0.0,0.3,26.16,2.5
2.0,"2019-08-20 22:49:46.000000","2019-08-20 23:10:07.000000",3.0,5.69,1.0,N,234.0,80.0,1.0,20.0,0.5,0.5,4.76,0.0,0.3,28.56,2.5
1.0,"2019-08-20 22:19:44.000000","2019-08-20 22:40:34.000000",1.0,5.9,1.0,Y,234.0,80.0,1.0,21.0,3.0,0.5,4.95,0.0,0.3,29.75,2.5
2.0,"2019-08-20 22:50:53.000000","2019-08-20 23:08:04.000000",1.0,4.75,1.0,N,234.0,80.0,1.0,17.0,0.5,0.5,4.16,0.0,0.3,24.96,2.5
1.0,"2019-08-20 22:57:18.000000","2019-08-20 23:20:07.000000",1.0,4.8,1.0,N,234.0,80.0,1.0,19.0,3.0,0.5,6.0,0.0,0.3,28.8,2.5
2.0,"2019-08-20 23:45:11.000000","2019-08-21 00:09:37.000000",1.0,5.05,1.0,N,234.0,80.0,1.0,20.0,0.5,0.5,1.0,0.0,0.3,24.8,2.5
2.0,"2019-08-21 08:26:34.000000","2019-08-21 08:56:43.000000",1.0,6.09,1.0,N,234.0,80.0,1.0,25.0,0.0,0.5,0.0,0.0,0.3,28.3,2.5
2.0,"2019-08-21 15:38:59.000000","2019-08-21 16:06:45.000000",6.0,4.32,1.0,N,234.0,80.0,2.0,20.0,0.0,0.5,0.0,0.0,0.3,23.3,2.5
2.0,"2019-08-21 20:24:46.000000","2019-08-21 20:50:32.000000",1.0,5.25,1.0,N,234.0,80.0,1.0,20.5,0.5,0.5,3.64,0.0,0.3,27.94,2.5
2.0,"2019-08-21 20:44:07.000000","2019-08-21 21:05:54.000000",3.0,5.14,1.0,N,234.0,80.0,1.0,19.5,0.5,0.5,4.66,0.0,0.3,27.96,2.5
2.0,"2019-08-21 21:38:48.000000","2019-08-21 22:02:01.000000",1.0,4.72,1.0,N,234.0,80.0,1.0,19.0,0.5,0.5,4.56,0.0,0.3,27.36,2.5
2.0,"2019-08-21 22:12:29.000000","2019-08-21 22:31:19.000000",1.0,5.11,1.0,N,234.0,80.0,1.0,18.0,0.5,0.5,5.45,0.0,0.3,27.25,2.5
2.0,"2019-08-21 23:38:03.000000","2019-08-21 23:58:21.000000",1.0,5.55,1.0,N,234.0,80.0,1.0,19.0,0.5,0.5,1.0,0.0,0.3,23.8,2.5
1.0,"2019-08-21 23:33:04.000000","2019-08-21 23:48:05.000000",1.0,4.4,1.0,N,234.0,80.0,1.0,16.0,3.0,0.5,2.97,0.0,0.3,22.77,2.5
2.0,"2019-08-21 23:39:44.000000","2019-08-22 00:00:01.000000",1.0,5.2,1.0,N,234.0,80.0,1.0,18.5,0.5,0.5,6.69,0.0,0.3,28.99,2.5
2.0,"2019-08-22 09:51:04.000000","2019-08-22 10:11:44.000000",1.0,4.42,1.0,N,234.0,80.0,2.0,17.0,0.0,0.5,0.0,0.0,0.3,20.3,2.5
1.0,"2019-08-22 21:29:31.000000","2019-08-22 21:55:13.000000",1.0,4.8,1.0,N,234.0,80.0,1.0,20.0,3.0,0.5,4.75,0.0,0.3,28.55,2.5
1.0,"2019-08-22 21:41:48.000000","2019-08-22 22:05:10.000000",1.0,4.4,1.0,N,234.0,80.0,1.0,19.0,3.0,0.5,4.55,0.0,0.3,27.35,2.5
1.0,"2019-08-22 22:48:30.000000","2019-08-22 23:18:20.000000",0.0,4.3,1.0,N,234.0,80.0,1.0,21.5,3.0,0.5,5.05,0.0,0.3,30.35,2.5
1.0,"2019-08-22 22:04:44.000000","2019-08-22 22:24:44.000000",1.0,4.8,1.0,N,234.0,80.0,1.0,18.0,3.0,0.5,5.45,0.0,0.3,27.25,2.5
2.0,"2019-08-22 23:08:04.000000","2019-08-22 23:38:11.000000",1.0,4.52,1.0,N,234.0,80.0,1.0,22.0,0.5,0.5,5.16,0.0,0.3,30.96,2.5
2.0,"2019-08-22 23:11:50.000000","2019-08-22 23:50:30.000000",1.0,4.97,1.0,N,234.0,80.0,1.0,27.0,0.5,0.5,6.16,0.0,0.3,36.96,2.5
2.0,"2019-08-22 23:48:28.000000","2019-08-23 00:27:20.000000",1.0,6.86,1.0,N,234.0,80.0,1.0,28.5,0.5,0.5,0.0,0.0,0.3,32.3,2.5
1.0,"2019-08-23 01:43:43.000000","2019-08-23 02:02:51.000000",1.0,4.5,1.0,N,234.0,80.0,1.0,17.5,3.0,0.5,4.25,0.0,0.3,25.55,2.5
1.0,"2019-08-23 01:37:18.000000","2019-08-23 01:55:33.000000",2.0,6.5,1.0,N,234.0,80.0,2.0,20.5,3.0,0.5,0.0,6.12,0.3,30.42,2.5
1.0,"2019-08-23 13:44:08.000000","2019-08-23 14:04:46.000000",2.0,4.2,1.0,N,234.0,80.0,1.0,17.5,2.5,0.5,4.15,0.0,0.3,24.95,2.5
2.0,"2019-08-23 16:30:50.000000","2019-08-23 16:58:26.000000",1.0,4.63,1.0,N,234.0,80.0,1.0,20.5,1.0,0.5,3.0,0.0,0.3,27.8,2.5
2.0,"2019-08-23 16:30:10.000000","2019-08-23 16:57:44.000000",1.0,5.03,1.0,N,234.0,80.0,1.0,21.5,1.0,0.5,5.16,0.0,0.3,30.96,2.5
2.0,"2019-08-23 17:20:32.000000","2019-08-23 17:46:45.000000",2.0,5.42,1.0,N,234.0,80.0,2.0,21.0,1.0,0.5,0.0,0.0,0.3,25.3,2.5
2.0,"2019-08-23 21:19:00.000000","2019-08-23 21:44:22.000000",2.0,4.36,1.0,N,234.0,80.0,1.0,19.5,0.5,0.5,4.66,0.0,0.3,27.96,2.5
2.0,"2019-08-23 22:31:58.000000","2019-08-23 22:56:16.000000",1.0,4.03,1.0,N,234.0,80.0,2.0,19.0,0.5,0.5,0.0,0.0,0.3,22.8,2.5
1.0,"2019-08-23 22:25:15.000000","2019-08-23 22:56:51.000000",1.0,4.7,1.0,N,234.0,80.0,1.0,22.5,3.0,0.5,5.25,0.0,0.3,31.55,2.5
2.0,"2019-08-23 23:37:40.000000","2019-08-23 23:57:39.000000",5.0,3.92,1.0,N,234.0,80.0,1.0,16.0,0.5,0.5,3.96,0.0,0.3,23.76,2.5
2.0,"2019-08-23 23:08:03.000000","2019-08-23 23:50:19.000000",3.0,6.45,1.0,N,234.0,80.0,1.0,30.0,0.5,0.5,6.76,0.0,0.3,40.56,2.5
1.0,"2019-08-24 11:51:22.000000","2019-08-24 12:14:11.000000",1.0,5.2,1.0,N,234.0,80.0,1.0,20.5,2.5,0.5,1.0,0.0,0.3,24.8,2.5
2.0,"2019-08-24 17:12:23.000000","2019-08-25 16:42:09.000000",1.0,4.92,1.0,N,234.0,80.0,1.0,25.0,0.0,0.5,4.24,0.0,0.3,32.54,2.5
1.0,"2019-08-24 18:03:05.000000","2019-08-24 18:36:45.000000",1.0,5.4,1.0,N,234.0,80.0,1.0,24.5,2.5,0.5,5.55,0.0,0.3,33.35,2.5
2.0,"2019-08-24 18:58:18.000000","2019-08-24 19:28:15.000000",1.0,4.64,1.0,N,234.0,80.0,1.0,22.0,0.0,0.5,6.32,0.0,0.3,31.62,2.5
2.0,"2019-08-24 22:03:33.000000","2019-08-24 22:29:02.000000",1.0,4.42,1.0,N,234.0,80.0,2.0,19.0,0.5,0.5,0.0,0.0,0.3,22.8,2.5
2.0,"2019-08-25 00:13:38.000000","2019-08-25 00:35:59.000000",1.0,6.13,1.0,N,234.0,80.0,1.0,21.5,0.5,0.5,6.28,6.12,0.3,37.7,2.5
2.0,"2019-08-24 20:42:38.000000","2019-08-25 20:35:41.000000",1.0,8.39,1.0,N,234.0,80.0,1.0,37.0,0.5,0.5,8.16,0.0,0.3,48.96,2.5
2.0,"2019-08-25 01:56:45.000000","2019-08-25 02:20:25.000000",1.0,7.03,1.0,N,234.0,80.0,2.0,23.5,0.5,0.5,0.0,6.12,0.3,33.42,2.5
2.0,"2019-08-25 18:53:35.000000","2019-08-25 19:25:18.000000",1.0,6.0,1.0,N,234.0,80.0,1.0,25.0,0.0,0.5,2.08,0.0,0.3,30.38,2.5
2.0,"2019-08-25 22:24:10.000000","2019-08-25 22:48:24.000000",1.0,5.42,1.0,N,234.0,80.0,1.0,21.0,0.5,0.5,4.96,0.0,0.3,29.76,2.5
2.0,"2019-08-26 11:33:52.000000","2019-08-26 11:54:59.000000",1.0,4.65,1.0,N,234.0,80.0,2.0,17.5,0.0,0.5,0.0,0.0,0.3,20.8,2.5
2.0,"2019-08-26 11:50:29.000000","2019-08-26 12:13:02.000000",6.0,4.36,1.0,N,234.0,80.0,2.0,18.5,0.0,0.5,0.0,0.0,0.3,21.8,2.5
1.0,"2019-08-26 14:49:22.000000","2019-08-26 15:16:15.000000",2.0,4.8,1.0,N,234.0,80.0,1.0,21.0,2.5,0.5,0.0,0.0,0.3,24.3,2.5
2.0,"2019-08-26 17:00:04.000000","2019-08-26 17:26:23.000000",1.0,4.26,1.0,N,234.0,80.0,2.0,20.0,1.0,0.5,0.0,0.0,0.3,24.3,2.5
2.0,"2019-08-26 19:34:57.000000","2019-08-26 19:58:38.000000",3.0,7.48,1.0,N,234.0,80.0,2.0,24.0,1.0,0.5,0.0,0.0,0.3,28.3,2.5
2.0,"2019-08-26 22:49:17.000000","2019-08-26 23:11:32.000000",1.0,4.73,1.0,N,234.0,80.0,1.0,19.0,0.5,0.5,4.56,0.0,0.3,27.36,2.5
2.0,"2019-08-26 23:38:59.000000","2019-08-27 00:02:37.000000",1.0,7.68,1.0,N,234.0,80.0,1.0,25.0,0.5,0.5,6.08,6.12,0.3,41.0,2.5
1.0,"2019-08-27 01:04:15.000000","2019-08-27 01:20:10.000000",1.0,5.6,1.0,N,234.0,80.0,2.0,18.5,3.0,0.5,0.0,0.0,0.3,22.3,2.5
1.0,"2019-08-27 05:37:32.000000","2019-08-27 05:51:25.000000",1.0,4.9,1.0,N,234.0,80.0,2.0,16.0,3.0,0.5,0.0,0.0,0.3,19.8,2.5
2.0,"2019-08-27 18:32:58.000000","2019-08-27 18:57:00.000000",4.0,4.57,1.0,N,234.0,80.0,1.0,18.5,1.0,0.5,4.56,0.0,0.3,27.36,2.5
1.0,"2019-08-27 19:14:42.000000","2019-08-27 19:43:58.000000",1.0,5.6,1.0,N,234.0,80.0,1.0,23.0,3.5,0.5,5.45,0.0,0.3,32.75,2.5
2.0,"2019-08-27 21:01:36.000000","2019-08-27 21:21:14.000000",1.0,5.11,1.0,N,234.0,80.0,2.0,18.0,0.5,0.5,0.0,0.0,0.3,21.8,2.5
2.0,"2019-08-27 22:57:49.000000","2019-08-27 23:15:55.000000",1.0,4.37,1.0,N,234.0,80.0,1.0,16.5,0.5,0.5,6.09,0.0,0.3,26.39,2.5
2.0,"2019-08-28 02:16:03.000000","2019-08-28 02:38:28.000000",1.0,4.99,1.0,N,234.0,80.0,1.0,19.5,3.0,0.5,4.66,0.0,0.3,27.96,0.0
2.0,"2019-08-28 03:07:30.000000","2019-08-28 03:22:19.000000",1.0,4.81,1.0,N,234.0,80.0,1.0,16.5,0.5,0.5,5.08,0.0,0.3,25.38,2.5
2.0,"2019-08-28 11:15:12.000000","2019-08-28 11:41:20.000000",2.0,4.39,1.0,N,234.0,80.0,1.0,19.5,0.0,0.5,4.0,0.0,0.3,26.8,2.5
1.0,"2019-08-28 15:17:42.000000","2019-08-28 16:03:41.000000",2.0,4.9,1.0,N,234.0,80.0,1.0,29.5,2.5,0.5,10.0,0.0,0.3,42.8,2.5
2.0,"2019-08-28 20:15:26.000000","2019-08-28 20:42:58.000000",2.0,4.7,1.0,N,234.0,80.0,1.0,20.5,0.5,0.5,4.86,0.0,0.3,29.16,2.5
1.0,"2019-08-29 03:09:12.000000","2019-08-29 03:22:19.000000",1.0,4.0,1.0,N,234.0,80.0,1.0,14.5,3.0,0.5,4.55,0.0,0.3,22.85,2.5
2.0,"2019-08-29 15:10:43.000000","2019-08-29 15:58:55.000000",1.0,5.4,1.0,N,234.0,80.0,1.0,31.5,0.0,0.5,6.96,0.0,0.3,41.76,2.5
1.0,"2019-08-29 21:40:24.000000","2019-08-29 22:02:31.000000",2.0,5.3,1.0,N,234.0,80.0,1.0,20.0,3.0,0.5,2.0,0.0,0.3,25.8,2.5
2.0,"2019-08-29 23:29:14.000000","2019-08-29 23:51:37.000000",1.0,3.91,1.0,N,234.0,80.0,1.0,17.5,0.5,0.5,4.26,0.0,0.3,25.56,2.5
2.0,"2019-08-30 00:28:58.000000","2019-08-30 00:46:08.000000",2.0,4.22,1.0,N,234.0,80.0,2.0,15.5,0.5,0.5,0.0,0.0,0.3,19.3,2.5
1.0,"2019-08-30 16:05:59.000000","2019-08-30 16:33:26.000000",2.0,4.8,1.0,N,234.0,80.0,1.0,21.5,3.5,0.5,5.16,0.0,0.3,30.96,2.5
1.0,"2019-08-30 18:58:26.000000","2019-08-30 19:19:09.000000",1.0,3.9,1.0,N,234.0,80.0,1.0,17.0,3.5,0.5,4.25,0.0,0.3,25.55,2.5
2.0,"2019-08-30 19:36:46.000000","2019-08-30 20:05:28.000000",2.0,3.91,1.0,N,234.0,80.0,1.0,20.5,1.0,0.5,4.96,0.0,0.3,29.76,2.5
1.0,"2019-08-30 19:19:30.000000","2019-08-30 19:52:30.000000",1.0,4.3,1.0,N,234.0,80.0,1.0,23.0,3.5,0.5,4.0,0.0,0.3,31.3,2.5
2.0,"2019-08-30 19:10:39.000000","2019-08-30 19:40:49.000000",1.0,5.01,1.0,N,234.0,80.0,1.0,23.0,1.0,0.5,4.0,0.0,0.3,31.3,2.5
2.0,"2019-08-30 19:54:39.000000","2019-08-30 20:19:15.000000",1.0,6.98,1.0,N,234.0,80.0,1.0,23.0,1.0,0.5,5.0,6.12,0.3,38.42,2.5
2.0,"2019-08-30 18:58:35.000000","2019-08-30 19:21:56.000000",1.0,4.73,1.0,N,234.0,80.0,1.0,20.0,1.0,0.5,4.86,0.0,0.3,29.16,2.5
2.0,"2019-08-30 19:23:42.000000","2019-08-30 20:02:14.000000",3.0,5.8,1.0,N,234.0,80.0,2.0,27.5,1.0,0.5,0.0,0.0,0.3,31.8,2.5
1.0,"2019-08-30 20:55:57.000000","2019-08-30 21:18:22.000000",1.0,4.0,1.0,N,234.0,80.0,1.0,18.0,3.0,0.5,0.0,0.0,0.3,21.8,2.5
2.0,"2019-08-30 21:15:09.000000","2019-08-30 21:40:23.000000",1.0,5.01,1.0,N,234.0,80.0,1.0,21.0,0.5,0.5,4.96,0.0,0.3,29.76,2.5
1.0,"2019-08-30 21:07:57.000000","2019-08-30 21:40:58.000000",1.0,5.8,1.0,N,234.0,80.0,1.0,25.0,3.0,0.5,2.0,0.0,0.3,30.8,2.5
1.0,"2019-08-30 21:23:59.000000","2019-08-30 21:46:47.000000",0.0,4.6,1.0,N,234.0,80.0,1.0,19.5,3.0,0.5,4.65,0.0,0.3,27.95,2.5
1.0,"2019-08-30 22:39:33.000000","2019-08-30 23:00:22.000000",1.0,4.6,1.0,N,234.0,80.0,1.0,17.5,3.0,0.5,4.25,0.0,0.3,25.55,2.5
2.0,"2019-08-30 22:47:04.000000","2019-08-30 23:06:45.000000",1.0,4.76,1.0,N,234.0,80.0,1.0,18.0,0.5,0.5,4.36,0.0,0.3,26.16,2.5
2.0,"2019-08-30 22:13:20.000000","2019-08-30 22:41:25.000000",1.0,4.7,1.0,N,234.0,80.0,1.0,21.0,0.5,0.5,4.96,0.0,0.3,29.76,2.5
1.0,"2019-08-31 01:21:48.000000","2019-08-31 01:41:04.000000",1.0,4.0,1.0,N,234.0,80.0,1.0,16.5,3.0,0.5,4.06,0.0,0.3,24.36,2.5
2.0,"2019-08-31 02:34:12.000000","2019-08-31 02:59:14.000000",1.0,8.23,1.0,N,234.0,80.0,1.0,25.0,0.5,0.5,6.0,6.12,0.3,40.92,2.5
2.0,"2019-08-31 14:08:56.000000","2019-08-31 14:30:56.000000",2.0,6.1,1.0,N,234.0,80.0,1.0,21.5,0.0,0.5,1.55,6.12,0.3,32.47,2.5
1.0,"2019-08-31 20:34:50.000000","2019-08-31 21:03:45.000000",1.0,4.7,1.0,N,234.0,80.0,1.0,21.0,3.0,0.5,4.95,0.0,0.3,29.75,2.5
1.0,"2019-08-31 22:19:58.000000","2019-08-31 22:44:00.000000",1.0,5.4,1.0,N,234.0,80.0,1.0,20.5,3.0,0.5,4.85,0.0,0.3,29.15,2.5
2.0,"2019-08-31 23:04:51.000000","2019-08-31 23:26:22.000000",1.0,4.78,1.0,N,234.0,80.0,1.0,18.5,0.5,0.5,4.46,0.0,0.3,26.76,2.5
2.0,"2019-08-31 23:00:38.000000","2019-08-31 23:28:57.000000",2.0,4.61,1.0,N,234.0,80.0,1.0,21.5,0.5,0.5,5.06,0.0,0.3,30.36,2.5
,"2019-08-17 21:06:00.000000","2019-08-17 21:33:00.000000",,4.24,,,234.0,80.0,,26.12,2.75,0.5,0.0,0.0,0.3,29.67,0.0
,"2019-08-23 10:12:57.000000","2019-08-23 10:43:31.000000",,3.99,,,234.0,80.0,,25.95,2.75,0.0,0.0,0.0,0.3,29.0,0.0
