2.0,"2019-08-01 00:07:12.000000","2019-08-01 00:20:07.000000",5.0,3.13,1.0,N,234.0,88.0,1.0,12.0,0.5,0.5,3.95,0.0,0.3,19.75,2.5
1.0,"2019-08-01 01:10:40.000000","2019-08-01 01:23:08.000000",1.0,3.4,1.0,N,234.0,88.0,1.0,12.5,3.0,0.5,3.26,0.0,0.3,19.56,2.5
1.0,"2019-08-01 03:41:19.000000","2019-08-01 03:51:26.000000",1.0,3.0,1.0,N,234.0,88.0,1.0,11.0,3.0,0.5,2.0,0.0,0.3,16.8,2.5
1.0,"2019-08-01 04:04:33.000000","2019-08-01 04:13:23.000000",1.0,2.9,1.0,N,234.0,88.0,1.0,10.5,3.0,0.5,2.85,0.0,0.3,17.15,2.5
2.0,"2019-08-01 07:25:59.000000","2019-08-01 07:40:09.000000",2.0,3.01,1.0,N,234.0,88.0,1.0,12.5,0.0,0.5,1.2,0.0,0.3,17.0,2.5
1.0,"2019-08-01 08:29:45.000000","2019-08-01 08:50:32.000000",1.0,4.8,1.0,N,234.0,88.0,1.0,19.0,2.5,0.5,2.0,0.0,0.3,24.3,2.5
2.0,"2019-08-01 08:40:25.000000","2019-08-01 08:54:49.000000",1.0,4.51,1.0,N,234.0,88.0,1.0,16.0,0.0,0.5,3.86,0.0,0.3,23.16,2.5
2.0,"2019-08-01 09:12:39.000000","2019-08-01 09:35:16.000000",2.0,4.93,1.0,N,234.0,88.0,1.0,20.0,0.0,0.5,4.66,0.0,0.3,27.96,2.5
1.0,"2019-08-01 09:15:41.000000","2019-08-01 09:38:09.000000",1.0,4.8,1.0,Y,234.0,88.0,1.0,19.5,2.5,0.5,4.55,0.0,0.3,27.35,2.5
1.0,"2019-08-01 09:52:57.000000","2019-08-01 10:17:11.000000",1.0,4.7,1.0,N,234.0,88.0,1.0,20.0,2.5,0.5,4.65,0.0,0.3,27.95,2.5
2.0,"2019-08-01 09:08:14.000000","2019-08-01 09:26:36.000000",2.0,5.36,1.0,N,234.0,88.0,1.0,19.5,0.0,0.5,3.42,0.0,0.3,26.22,2.5
2.0,"2019-08-01 12:26:55.000000","2019-08-01 12:53:14.000000",2.0,4.7,1.0,N,234.0,88.0,1.0,20.5,0.0,0.5,4.76,0.0,0.3,28.56,2.5
1.0,"2019-08-01 12:12:02.000000","2019-08-01 12:30:51.000000",1.0,5.0,1.0,N,234.0,88.0,1.0,18.5,2.5,0.5,4.35,0.0,0.3,26.15,2.5
2.0,"2019-08-01 12:49:45.000000","2019-08-01 13:08:29.000000",1.0,4.76,1.0,N,234.0,88.0,1.0,18.5,0.0,0.5,4.36,0.0,0.3,26.16,2.5
1.0,"2019-08-01 12:28:57.000000","2019-08-01 12:59:11.000000",1.0,2.9,1.0,Y,234.0,88.0,1.0,18.5,2.5,0.5,3.0,0.0,0.3,24.8,2.5
1.0,"2019-08-01 13:51:42.000000","2019-08-01 14:21:43.000000",1.0,3.0,1.0,N,234.0,88.0,1.0,19.0,2.5,0.5,4.45,0.0,0.3,26.75,2.5
2.0,"2019-08-01 14:12:26.000000","2019-08-01 14:31:24.000000",1.0,4.9,1.0,N,234.0,88.0,1.0,18.5,0.0,0.5,4.36,0.0,0.3,26.16,2.5
2.0,"2019-08-01 15:11:25.000000","2019-08-01 15:31:12.000000",1.0,4.45,1.0,N,234.0,88.0,1.0,17.5,0.0,0.5,4.16,0.0,0.3,24.96,2.5
2.0,"2019-08-01 19:57:57.000000","2019-08-01 20:22:19.000000",2.0,3.07,1.0,N,234.0,88.0,2.0,16.0,1.0,0.5,0.0,0.0,0.3,20.3,2.5
2.0,"2019-08-01 19:21:41.000000","2019-08-01 19:36:27.000000",5.0,2.6,1.0,N,234.0,88.0,2.0,12.0,1.0,0.5,0.0,0.0,0.3,16.3,2.5
2.0,"2019-08-01 20:39:05.000000","2019-08-01 20:54:45.000000",1.0,3.11,1.0,N,234.0,88.0,1.0,12.0,0.5,0.5,3.16,0.0,0.3,18.96,2.5
2.0,"2019-08-01 21:25:43.000000","2019-08-01 21:40:49.000000",2.0,3.14,1.0,N,234.0,88.0,1.0,12.0,0.5,0.5,3.16,0.0,0.3,18.96,2.5
2.0,"2019-08-01 22:08:38.000000","2019-08-01 22:25:41.000000",1.0,4.88,1.0,N,234.0,88.0,1.0,18.0,0.5,0.5,4.36,0.0,0.3,26.16,2.5
1.0,"2019-08-01 22:22:55.000000","2019-08-01 22:36:44.000000",1.0,4.3,1.0,N,234.0,88.0,3.0,15.5,3.0,0.5,0.0,0.0,0.3,19.3,2.5
2.0,"2019-08-01 23:51:00.000000","2019-08-02 00:02:04.000000",1.0,2.98,1.0,N,234.0,88.0,2.0,11.0,0.5,0.5,0.0,0.0,0.3,14.8,2.5
2.0,"2019-08-01 23:20:10.000000","2019-08-01 23:41:46.000000",6.0,4.82,1.0,N,234.0,88.0,1.0,18.5,0.5,0.5,0.0,0.0,0.3,22.3,2.5
1.0,"2019-08-02 00:33:23.000000","2019-08-02 00:52:33.000000",3.0,3.6,1.0,N,234.0,88.0,1.0,15.0,3.0,0.5,3.76,0.0,0.3,22.56,2.5
2.0,"2019-08-02 00:28:13.000000","2019-08-02 00:43:01.000000",5.0,4.3,1.0,N,234.0,88.0,1.0,15.5,0.5,0.5,4.82,0.0,0.3,24.12,2.5
1.0,"2019-08-02 07:15:42.000000","2019-08-02 07:30:35.000000",1.0,3.0,1.0,N,234.0,88.0,1.0,12.5,2.5,0.5,3.15,0.0,0.3,18.95,2.5
2.0,"2019-08-02 08:54:37.000000","2019-08-02 09:26:39.000000",2.0,4.77,1.0,N,234.0,88.0,1.0,24.0,0.0,0.5,6.83,0.0,0.3,34.13,2.5
2.0,"2019-08-02 08:50:25.000000","2019-08-02 09:29:37.000000",2.0,3.29,1.0,N,234.0,88.0,1.0,23.5,0.0,0.5,2.0,0.0,0.3,28.8,2.5
1.0,"2019-08-02 09:33:44.000000","2019-08-02 09:54:15.000000",3.0,5.0,1.0,N,234.0,88.0,2.0,19.5,2.5,0.5,0.0,0.0,0.3,22.8,2.5
2.0,"2019-08-02 09:29:09.000000","2019-08-02 09:44:50.000000",1.0,4.68,1.0,N,234.0,88.0,1.0,17.0,0.0,0.5,5.08,0.0,0.3,25.38,2.5
2.0,"2019-08-02 13:47:45.000000","2019-08-02 14:07:47.000000",1.0,4.62,1.0,N,234.0,88.0,1.0,18.0,0.0,0.5,4.26,0.0,0.3,25.56,2.5
2.0,"2019-08-02 14:50:23.000000","2019-08-02 15:05:03.000000",1.0,4.61,1.0,N,234.0,88.0,1.0,16.0,0.0,0.5,3.86,0.0,0.3,23.16,2.5
2.0,"2019-08-02 14:48:33.000000","2019-08-02 15:02:36.000000",5.0,4.53,1.0,N,234.0,88.0,1.0,15.5,0.0,0.5,3.76,0.0,0.3,22.56,2.5
2.0,"2019-08-02 19:40:00.000000","2019-08-02 20:00:23.000000",1.0,4.31,1.0,N,234.0,88.0,1.0,17.5,1.0,0.5,4.36,0.0,0.3,26.16,2.5
2.0,"2019-08-02 19:51:52.000000","2019-08-02 20:06:57.000000",1.0,2.77,1.0,N,234.0,88.0,2.0,12.0,1.0,0.5,0.0,0.0,0.3,16.3,2.5
2.0,"2019-08-02 20:25:12.000000","2019-08-02 20:42:05.000000",1.0,4.87,1.0,N,234.0,88.0,1.0,16.5,0.5,0.5,4.06,0.0,0.3,24.36,2.5
2.0,"2019-08-02 20:53:14.000000","2019-08-02 21:10:57.000000",2.0,3.31,1.0,N,234.0,88.0,1.0,14.0,0.5,0.5,3.56,0.0,0.3,21.36,2.5
1.0,"2019-08-02 20:16:27.000000","2019-08-02 20:31:27.000000",0.0,4.8,1.0,N,234.0,88.0,2.0,16.5,3.0,0.5,0.0,0.0,0.3,20.3,2.5
2.0,"2019-08-02 21:22:05.000000","2019-08-02 21:39:17.000000",1.0,3.39,1.0,N,234.0,88.0,1.0,13.5,0.5,0.5,0.0,0.0,0.3,17.3,2.5
1.0,"2019-08-02 22:01:49.000000","2019-08-02 22:22:56.000000",1.0,4.5,1.0,N,234.0,88.0,2.0,18.5,3.0,0.5,0.0,0.0,0.3,22.3,2.5
1.0,"2019-08-02 22:04:32.000000","2019-08-02 22:22:37.000000",1.0,3.5,1.0,N,234.0,88.0,1.0,15.0,3.0,0.5,3.75,0.0,0.3,22.55,2.5
1.0,"2019-08-03 00:16:16.000000","2019-08-03 00:33:55.000000",1.0,4.8,1.0,N,234.0,88.0,2.0,17.5,3.0,0.5,0.0,0.0,0.3,21.3,2.5
1.0,"2019-08-03 02:05:08.000000","2019-08-03 02:19:23.000000",1.0,4.6,1.0,N,234.0,88.0,1.0,16.0,3.0,0.5,3.0,0.0,0.3,22.8,2.5
2.0,"2019-08-03 02:02:35.000000","2019-08-03 02:18:44.000000",1.0,4.58,1.0,N,234.0,88.0,1.0,16.0,0.5,0.5,3.96,0.0,0.3,23.76,2.5
2.0,"2019-08-03 07:56:32.000000","2019-08-03 08:10:59.000000",1.0,4.68,1.0,N,234.0,88.0,2.0,16.5,0.0,0.5,0.0,0.0,0.3,19.8,2.5
2.0,"2019-08-03 12:43:35.000000","2019-08-03 13:06:37.000000",1.0,4.59,1.0,N,234.0,88.0,2.0,17.5,0.0,0.5,0.0,0.0,0.3,20.8,2.5
2.0,"2019-08-03 12:23:59.000000","2019-08-04 12:13:58.000000",1.0,4.77,1.0,N,234.0,88.0,2.0,17.5,0.0,0.5,0.0,0.0,0.3,20.8,2.5
2.0,"2019-08-03 13:26:53.000000","2019-08-03 13:44:57.000000",1.0,4.94,1.0,N,234.0,88.0,1.0,18.5,0.0,0.5,4.36,0.0,0.3,26.16,2.5
2.0,"2019-08-03 13:58:01.000000","2019-08-03 14:11:52.000000",3.0,4.74,1.0,N,234.0,88.0,1.0,16.5,0.0,0.5,1.0,0.0,0.3,20.8,2.5
2.0,"2019-08-03 13:23:29.000000","2019-08-03 13:48:33.000000",3.0,4.92,1.0,N,234.0,88.0,1.0,21.5,0.0,0.5,4.96,0.0,0.3,29.76,2.5
2.0,"2019-08-03 14:43:41.000000","2019-08-04 14:15:18.000000",1.0,4.8,1.0,N,234.0,88.0,1.0,17.0,0.0,0.5,0.0,0.0,0.3,20.3,2.5
2.0,"2019-08-03 14:40:14.000000","2019-08-03 14:59:59.000000",1.0,3.29,1.0,N,234.0,88.0,1.0,14.0,0.0,0.5,2.0,0.0,0.3,19.3,2.5
2.0,"2019-08-03 15:33:57.000000","2019-08-03 15:51:37.000000",2.0,5.0,1.0,N,234.0,88.0,2.0,18.0,0.0,0.5,0.0,0.0,0.3,21.3,2.5
2.0,"2019-08-03 15:28:28.000000","2019-08-03 15:48:40.000000",2.0,3.74,1.0,N,234.0,88.0,1.0,15.5,0.0,0.5,3.76,0.0,0.3,22.56,2.5
2.0,"2019-08-03 18:14:01.000000","2019-08-03 18:30:48.000000",1.0,4.74,1.0,N,234.0,88.0,1.0,17.0,0.0,0.5,4.06,0.0,0.3,24.36,2.5
1.0,"2019-08-03 19:54:57.000000","2019-08-03 20:16:50.000000",3.0,3.5,1.0,N,234.0,88.0,1.0,15.5,3.0,0.5,3.85,0.0,0.3,23.15,2.5
2.0,"2019-08-03 20:37:31.000000","2019-08-03 20:55:32.000000",1.0,3.25,1.0,N,234.0,88.0,1.0,13.5,0.5,0.5,5.0,0.0,0.3,22.3,2.5
2.0,"2019-08-03 22:55:10.000000","2019-08-03 23:06:27.000000",1.0,2.6,1.0,N,234.0,88.0,1.0,10.5,0.5,0.5,4.29,0.0,0.3,18.59,2.5
2.0,"2019-08-03 23:22:13.000000","2019-08-03 23:40:51.000000",1.0,5.04,1.0,N,234.0,88.0,2.0,18.5,0.5,0.5,0.0,0.0,0.3,22.3,2.5
2.0,"2019-08-04 00:37:14.000000","2019-08-04 00:53:24.000000",2.0,3.56,1.0,N,234.0,88.0,1.0,14.0,0.5,0.5,3.56,0.0,0.3,21.36,2.5
1.0,"2019-08-04 00:07:02.000000","2019-08-04 00:28:29.000000",1.0,4.8,1.0,N,234.0,88.0,1.0,19.0,3.0,0.5,4.56,0.0,0.3,27.36,2.5
2.0,"2019-08-04 03:06:07.000000","2019-08-04 03:16:31.000000",1.0,4.57,1.0,N,234.0,88.0,1.0,14.5,0.5,0.5,4.58,0.0,0.3,22.88,2.5
2.0,"2019-08-04 09:38:52.000000","2019-08-04 09:52:10.000000",1.0,4.94,1.0,N,234.0,88.0,4.0,-16.0,0.0,-0.5,0.0,0.0,-0.3,-19.3,-2.5
2.0,"2019-08-04 09:38:52.000000","2019-08-04 09:52:10.000000",1.0,4.94,1.0,N,234.0,88.0,2.0,16.0,0.0,0.5,0.0,0.0,0.3,19.3,2.5
1.0,"2019-08-04 11:25:50.000000","2019-08-04 11:38:34.000000",3.0,4.7,1.0,N,234.0,88.0,2.0,16.0,2.5,0.5,0.0,0.0,0.3,19.3,2.5
1.0,"2019-08-04 11:04:29.000000","2019-08-04 11:22:39.000000",2.0,2.6,1.0,N,234.0,88.0,1.0,12.5,2.5,0.5,4.7,0.0,0.3,20.5,2.5
2.0,"2019-08-04 12:30:04.000000","2019-08-04 12:50:05.000000",1.0,5.13,1.0,N,234.0,88.0,1.0,19.5,0.0,0.5,4.56,0.0,0.3,27.36,2.5
2.0,"2019-08-04 12:29:55.000000","2019-08-04 12:50:15.000000",1.0,5.12,1.0,N,234.0,88.0,1.0,19.5,0.0,0.5,4.56,0.0,0.3,27.36,2.5
1.0,"2019-08-04 12:15:25.000000","2019-08-04 12:31:12.000000",1.0,4.6,1.0,N,234.0,88.0,1.0,16.5,2.5,0.5,3.95,0.0,0.3,23.75,2.5
2.0,"2019-08-04 13:55:21.000000","2019-08-04 14:18:31.000000",1.0,4.34,1.0,N,234.0,88.0,1.0,18.5,0.0,0.5,5.45,0.0,0.3,27.25,2.5
2.0,"2019-08-04 14:47:56.000000","2019-08-04 15:09:42.000000",1.0,4.13,1.0,N,234.0,88.0,1.0,17.5,0.0,0.5,3.25,0.0,0.3,24.05,2.5
2.0,"2019-08-04 14:03:32.000000","2019-08-04 14:30:03.000000",1.0,5.31,1.0,N,234.0,88.0,1.0,23.0,0.0,0.5,6.58,0.0,0.3,32.88,2.5
1.0,"2019-08-04 14:32:41.000000","2019-08-04 14:54:09.000000",1.0,4.7,1.0,N,234.0,88.0,1.0,19.0,2.5,0.5,4.45,0.0,0.3,26.75,2.5
2.0,"2019-08-04 17:40:44.000000","2019-08-04 17:57:09.000000",1.0,4.69,1.0,N,234.0,88.0,2.0,17.0,0.0,0.5,0.0,0.0,0.3,20.3,2.5
2.0,"2019-08-04 17:20:30.000000","2019-08-04 17:42:33.000000",5.0,5.08,1.0,N,234.0,88.0,2.0,20.0,0.0,0.5,0.0,0.0,0.3,23.3,2.5
2.0,"2019-08-04 21:22:54.000000","2019-08-04 21:39:07.000000",1.0,3.47,1.0,N,234.0,88.0,2.0,13.0,0.5,0.5,0.0,0.0,0.3,16.8,2.5
1.0,"2019-08-05 07:42:27.000000","2019-08-05 07:54:31.000000",1.0,4.4,1.0,Y,234.0,88.0,1.0,15.0,2.5,0.5,3.65,0.0,0.3,21.95,2.5
2.0,"2019-08-05 08:58:25.000000","2019-08-05 09:15:59.000000",2.0,4.95,1.0,N,234.0,88.0,2.0,18.0,0.0,0.5,0.0,0.0,0.3,21.3,2.5
1.0,"2019-08-05 08:19:49.000000","2019-08-05 08:33:18.000000",1.0,4.8,1.0,N,234.0,88.0,1.0,17.0,2.5,0.5,4.05,0.0,0.3,24.35,2.5
2.0,"2019-08-05 09:54:31.000000","2019-08-05 10:25:39.000000",1.0,3.95,1.0,N,234.0,88.0,2.0,20.0,0.0,0.5,0.0,0.0,0.3,23.3,2.5
2.0,"2019-08-05 11:46:42.000000","2019-08-05 12:04:18.000000",1.0,4.14,1.0,N,234.0,88.0,1.0,16.0,0.0,0.5,3.86,0.0,0.3,23.16,2.5
1.0,"2019-08-05 12:53:27.000000","2019-08-05 13:07:31.000000",2.0,4.6,1.0,N,234.0,88.0,2.0,16.0,2.5,0.5,0.0,0.0,0.3,19.3,2.5
1.0,"2019-08-05 12:08:47.000000","2019-08-05 12:33:54.000000",0.0,3.9,1.0,N,234.0,88.0,1.0,18.5,2.5,0.5,4.35,0.0,0.3,26.15,2.5
1.0,"2019-08-05 12:12:08.000000","2019-08-05 12:25:57.000000",1.0,4.7,1.0,N,234.0,88.0,1.0,16.0,2.5,0.5,3.85,0.0,0.3,23.15,2.5
1.0,"2019-08-05 13:40:32.000000","2019-08-05 13:55:57.000000",3.0,4.7,1.0,N,234.0,88.0,1.0,16.5,2.5,0.5,3.95,0.0,0.3,23.75,2.5
1.0,"2019-08-05 13:28:31.000000","2019-08-05 13:45:29.000000",1.0,4.7,1.0,N,234.0,88.0,1.0,17.0,2.5,0.5,5.05,0.0,0.3,25.35,2.5
2.0,"2019-08-05 13:59:25.000000","2019-08-05 14:18:50.000000",1.0,2.89,1.0,N,234.0,88.0,1.0,14.5,0.0,0.5,2.5,0.0,0.3,20.3,2.5
2.0,"2019-08-05 14:06:50.000000","2019-08-05 14:29:44.000000",3.0,4.87,1.0,N,234.0,88.0,1.0,19.0,0.0,0.5,4.46,0.0,0.3,26.76,2.5
2.0,"2019-08-05 14:46:55.000000","2019-08-05 15:15:40.000000",6.0,3.35,1.0,N,234.0,88.0,2.0,18.0,0.0,0.5,0.0,0.0,0.3,21.3,2.5
1.0,"2019-08-05 15:08:06.000000","2019-08-05 15:36:15.000000",1.0,4.1,1.0,N,234.0,88.0,2.0,19.0,2.5,0.5,0.0,0.0,0.3,22.3,2.5
2.0,"2019-08-05 15:22:06.000000","2019-08-05 15:44:09.000000",3.0,4.96,1.0,N,234.0,88.0,1.0,18.5,0.0,0.5,2.0,0.0,0.3,23.8,2.5
1.0,"2019-08-05 17:41:28.000000","2019-08-05 18:10:36.000000",1.0,4.9,1.0,N,234.0,88.0,1.0,21.5,3.5,0.5,5.15,0.0,0.3,30.95,2.5
1.0,"2019-08-05 17:00:53.000000","2019-08-05 17:38:02.000000",2.0,2.9,1.0,N,234.0,88.0,1.0,22.0,3.5,0.5,6.55,0.0,0.3,32.85,2.5
2.0,"2019-08-05 17:25:24.000000","2019-08-05 17:48:24.000000",1.0,4.82,1.0,N,234.0,88.0,1.0,19.5,1.0,0.5,4.76,0.0,0.3,28.56,2.5
1.0,"2019-08-05 18:42:35.000000","2019-08-05 18:57:34.000000",1.0,4.8,1.0,N,234.0,88.0,1.0,17.0,3.5,0.5,4.25,0.0,0.3,25.55,2.5
1.0,"2019-08-05 19:12:17.000000","2019-08-05 19:29:48.000000",1.0,4.9,1.0,N,234.0,88.0,2.0,18.0,3.5,0.5,0.0,0.0,0.3,22.3,2.5
2.0,"2019-08-05 20:14:39.000000","2019-08-05 20:32:16.000000",6.0,3.17,1.0,N,234.0,88.0,1.0,13.5,0.5,0.5,2.5,0.0,0.3,19.8,2.5
2.0,"2019-08-05 21:15:46.000000","2019-08-05 21:28:46.000000",1.0,4.44,1.0,N,234.0,88.0,1.0,15.0,0.5,0.5,3.76,0.0,0.3,22.56,2.5
1.0,"2019-08-05 22:57:55.000000","2019-08-05 23:10:03.000000",1.0,3.0,1.0,N,234.0,88.0,1.0,11.5,3.0,0.5,1.0,0.0,0.3,16.3,2.5
2.0,"2019-08-06 00:26:31.000000","2019-08-06 00:44:07.000000",1.0,4.85,1.0,N,234.0,88.0,1.0,17.5,0.5,0.5,4.26,0.0,0.3,25.56,2.5
1.0,"2019-08-06 00:07:11.000000","2019-08-06 00:24:40.000000",1.0,4.6,1.0,N,234.0,88.0,1.0,16.5,3.0,0.5,4.05,0.0,0.3,24.35,2.5
2.0,"2019-08-06 07:53:36.000000","2019-08-06 08:05:39.000000",1.0,4.38,1.0,N,234.0,88.0,1.0,15.0,0.0,0.5,4.58,0.0,0.3,22.88,2.5
2.0,"2019-08-06 07:20:42.000000","2019-08-06 07:34:10.000000",1.0,4.94,1.0,N,234.0,88.0,1.0,16.5,0.0,0.5,1.98,0.0,0.3,21.78,2.5
1.0,"2019-08-06 08:14:03.000000","2019-08-06 08:28:14.000000",1.0,4.5,1.0,N,234.0,88.0,1.0,15.5,2.5,0.5,1.0,0.0,0.3,19.8,2.5
2.0,"2019-08-06 09:31:09.000000","2019-08-06 09:59:12.000000",2.0,4.57,1.0,N,234.0,88.0,1.0,21.5,0.0,0.5,6.2,0.0,0.3,31.0,2.5
2.0,"2019-08-06 11:25:47.000000","2019-08-06 11:50:24.000000",1.0,2.79,1.0,N,234.0,88.0,1.0,16.0,0.0,0.5,3.86,0.0,0.3,23.16,2.5
2.0,"2019-08-06 10:57:30.000000","2019-08-06 11:11:42.000000",4.0,4.58,1.0,N,234.0,88.0,1.0,16.5,0.0,0.5,5.94,0.0,0.3,25.74,2.5
2.0,"2019-08-06 11:07:41.000000","2019-08-06 11:22:37.000000",1.0,0.0,1.0,N,234.0,88.0,1.0,9.5,0.0,0.5,2.56,0.0,0.3,15.36,2.5
2.0,"2019-08-06 11:35:12.000000","2019-08-06 11:53:45.000000",1.0,5.0,1.0,N,234.0,88.0,1.0,18.5,0.0,0.5,4.36,0.0,0.3,26.16,2.5
2.0,"2019-08-06 12:29:36.000000","2019-08-06 12:48:37.000000",1.0,4.74,1.0,N,234.0,88.0,1.0,18.5,0.0,0.5,5.45,0.0,0.3,27.25,2.5
2.0,"2019-08-06 13:12:00.000000","2019-08-06 13:33:23.000000",1.0,4.97,1.0,N,234.0,88.0,1.0,19.5,0.0,0.5,2.0,0.0,0.3,24.8,2.5
1.0,"2019-08-06 14:09:37.000000","2019-08-06 14:28:06.000000",1.0,4.8,1.0,N,234.0,88.0,1.0,18.0,2.5,0.5,4.25,0.0,0.3,25.55,2.5
1.0,"2019-08-06 14:17:45.000000","2019-08-06 14:36:18.000000",2.0,4.8,1.0,N,234.0,88.0,1.0,18.5,2.5,0.5,1.0,0.0,0.3,22.8,2.5
2.0,"2019-08-06 14:46:49.000000","2019-08-06 15:23:10.000000",6.0,4.75,1.0,N,234.0,88.0,2.0,24.5,0.0,0.5,0.0,0.0,0.3,27.8,2.5
1.0,"2019-08-06 15:14:09.000000","2019-08-06 15:31:43.000000",3.0,4.5,1.0,N,234.0,88.0,2.0,17.0,2.5,0.5,0.0,0.0,0.3,20.3,2.5
1.0,"2019-08-06 15:40:01.000000","2019-08-06 16:02:34.000000",1.0,4.5,1.0,N,234.0,88.0,1.0,18.0,2.5,0.5,4.25,0.0,0.3,25.55,2.5
1.0,"2019-08-06 15:16:59.000000","2019-08-06 15:34:24.000000",1.0,4.4,1.0,N,234.0,88.0,1.0,16.5,2.5,0.5,3.2,0.0,0.3,23.0,2.5
2.0,"2019-08-06 17:43:16.000000","2019-08-06 18:02:43.000000",1.0,5.01,1.0,N,234.0,88.0,1.0,18.5,1.0,0.5,5.7,0.0,0.3,28.5,2.5
2.0,"2019-08-06 18:22:37.000000","2019-08-06 18:36:58.000000",5.0,2.7,1.0,N,234.0,88.0,1.0,12.0,1.0,0.5,3.26,0.0,0.3,19.56,2.5
2.0,"2019-08-06 19:57:29.000000","2019-08-06 20:17:55.000000",2.0,4.91,1.0,N,234.0,88.0,1.0,19.5,1.0,0.5,0.0,0.0,0.3,23.8,2.5
2.0,"2019-08-06 20:39:13.000000","2019-08-06 20:55:18.000000",2.0,3.13,1.0,N,234.0,88.0,1.0,12.5,0.5,0.5,3.26,0.0,0.3,19.56,2.5
2.0,"2019-08-06 21:40:13.000000","2019-08-06 21:53:18.000000",1.0,3.19,1.0,N,234.0,88.0,2.0,12.0,0.5,0.5,0.0,0.0,0.3,15.8,2.5
2.0,"2019-08-06 22:24:59.000000","2019-08-06 22:39:39.000000",2.0,3.3,1.0,N,234.0,88.0,2.0,12.5,0.5,0.5,0.0,0.0,0.3,16.3,2.5
2.0,"2019-08-07 00:03:25.000000","2019-08-07 00:14:19.000000",1.0,3.08,1.0,N,234.0,88.0,2.0,11.5,0.5,0.5,0.0,0.0,0.3,15.3,2.5
2.0,"2019-08-07 01:35:57.000000","2019-08-07 01:51:26.000000",1.0,4.52,1.0,N,234.0,88.0,1.0,16.5,0.5,0.5,4.06,0.0,0.3,24.36,2.5
2.0,"2019-08-07 02:04:31.000000","2019-08-07 02:19:18.000000",3.0,4.83,1.0,N,234.0,88.0,1.0,17.0,0.5,0.5,4.16,0.0,0.3,24.96,2.5
1.0,"2019-08-07 07:28:32.000000","2019-08-07 07:39:59.000000",1.0,4.8,1.0,N,234.0,88.0,1.0,15.5,2.5,0.5,1.88,0.0,0.3,20.68,2.5
1.0,"2019-08-07 07:28:25.000000","2019-08-07 07:38:56.000000",1.0,4.7,1.0,N,234.0,88.0,1.0,15.0,2.5,0.5,3.65,0.0,0.3,21.95,2.5
1.0,"2019-08-07 07:00:05.000000","2019-08-07 07:17:29.000000",1.0,5.0,1.0,N,234.0,88.0,1.0,18.0,2.5,0.5,4.25,0.0,0.3,25.55,2.5
1.0,"2019-08-07 08:24:49.000000","2019-08-07 08:44:45.000000",1.0,2.8,1.0,N,234.0,88.0,1.0,14.0,2.5,0.5,4.3,0.0,0.3,21.6,2.5
2.0,"2019-08-07 08:03:14.000000","2019-08-07 08:16:03.000000",1.0,4.44,1.0,N,234.0,88.0,1.0,15.0,0.0,0.5,4.58,0.0,0.3,22.88,2.5
1.0,"2019-08-07 08:38:32.000000","2019-08-07 08:58:53.000000",1.0,4.7,1.0,N,234.0,88.0,2.0,19.0,2.5,0.5,0.0,0.0,0.3,22.3,2.5
2.0,"2019-08-07 09:16:50.000000","2019-08-07 09:38:48.000000",1.0,4.83,1.0,N,234.0,88.0,1.0,19.5,0.0,0.5,4.56,0.0,0.3,27.36,2.5
2.0,"2019-08-07 09:40:44.000000","2019-08-07 10:01:06.000000",1.0,4.76,1.0,N,234.0,88.0,1.0,19.0,0.0,0.5,2.0,0.0,0.3,24.3,2.5
2.0,"2019-08-07 09:42:52.000000","2019-08-07 10:00:08.000000",1.0,4.63,1.0,N,234.0,88.0,1.0,17.5,0.0,0.5,4.16,0.0,0.3,24.96,2.5
2.0,"2019-08-07 09:47:29.000000","2019-08-07 10:16:48.000000",1.0,5.21,1.0,N,234.0,88.0,1.0,23.5,0.0,0.5,5.36,0.0,0.3,32.16,2.5
2.0,"2019-08-07 10:08:49.000000","2019-08-07 10:25:50.000000",1.0,5.03,1.0,N,234.0,88.0,1.0,18.0,0.0,0.5,4.26,0.0,0.3,25.56,2.5
1.0,"2019-08-07 12:29:31.000000","2019-08-07 12:48:03.000000",2.0,4.5,1.0,N,234.0,88.0,3.0,18.0,2.5,0.5,0.0,0.0,0.3,21.3,2.5
2.0,"2019-08-07 12:56:31.000000","2019-08-07 13:13:04.000000",1.0,4.45,1.0,N,234.0,88.0,1.0,17.0,0.0,0.5,4.06,0.0,0.3,24.36,2.5
2.0,"2019-08-07 12:44:15.000000","2019-08-07 13:02:30.000000",1.0,4.72,1.0,N,234.0,88.0,2.0,18.0,0.0,0.5,0.0,0.0,0.3,21.3,2.5
2.0,"2019-08-07 13:15:00.000000","2019-08-07 13:34:02.000000",1.0,3.22,1.0,N,234.0,88.0,1.0,14.5,0.0,0.5,0.0,0.0,0.3,17.8,2.5
2.0,"2019-08-07 14:08:01.000000","2019-08-07 14:35:08.000000",1.0,2.92,1.0,N,234.0,88.0,1.0,16.5,0.0,0.5,3.96,0.0,0.3,23.76,2.5
1.0,"2019-08-07 16:42:06.000000","2019-08-07 17:05:11.000000",3.0,4.5,1.0,N,234.0,88.0,2.0,18.0,3.5,0.5,0.0,0.0,0.3,22.3,2.5
1.0,"2019-08-07 16:02:56.000000","2019-08-07 16:27:05.000000",2.0,2.7,1.0,N,234.0,88.0,1.0,16.0,3.5,0.5,4.05,0.0,0.3,24.35,2.5
2.0,"2019-08-07 19:55:40.000000","2019-08-07 20:22:03.000000",1.0,4.25,1.0,N,234.0,88.0,1.0,19.5,1.0,0.5,0.01,0.0,0.3,23.81,2.5
2.0,"2019-08-07 19:51:17.000000","2019-08-07 20:12:51.000000",1.0,4.66,1.0,N,234.0,88.0,1.0,19.0,1.0,0.5,3.0,0.0,0.3,26.3,2.5
2.0,"2019-08-07 23:01:33.000000","2019-08-07 23:14:42.000000",2.0,3.16,1.0,N,234.0,88.0,1.0,11.5,0.5,0.5,2.3,0.0,0.3,17.6,2.5
2.0,"2019-08-07 23:27:37.000000","2019-08-07 23:40:57.000000",3.0,3.12,1.0,N,234.0,88.0,2.0,12.0,0.5,0.5,0.0,0.0,0.3,15.8,2.5
1.0,"2019-08-08 00:04:23.000000","2019-08-08 00:17:27.000000",1.0,3.0,1.0,N,234.0,88.0,2.0,12.0,3.0,0.5,0.0,0.0,0.3,15.8,2.5
1.0,"2019-08-08 07:48:23.000000","2019-08-08 08:05:42.000000",1.0,4.8,1.0,N,234.0,88.0,1.0,18.0,2.5,0.5,2.5,0.0,0.3,23.8,2.5
2.0,"2019-08-08 07:42:12.000000","2019-08-08 07:55:13.000000",1.0,4.81,1.0,N,234.0,88.0,1.0,16.0,0.0,0.5,3.86,0.0,0.3,23.16,2.5
2.0,"2019-08-08 08:01:19.000000","2019-08-08 08:17:56.000000",1.0,3.0,1.0,N,234.0,88.0,2.0,13.0,0.0,0.5,0.0,0.0,0.3,16.3,2.5
2.0,"2019-08-08 08:08:08.000000","2019-08-08 08:29:51.000000",1.0,5.08,1.0,N,234.0,88.0,2.0,20.0,0.0,0.5,0.0,0.0,0.3,23.3,2.5
2.0,"2019-08-08 08:30:43.000000","2019-08-08 08:46:04.000000",1.0,4.85,1.0,N,234.0,88.0,2.0,17.0,0.0,0.5,0.0,0.0,0.3,20.3,2.5
2.0,"2019-08-08 08:06:06.000000","2019-08-08 08:26:35.000000",1.0,5.18,1.0,N,234.0,88.0,2.0,19.5,0.0,0.5,0.0,0.0,0.3,22.8,2.5
1.0,"2019-08-08 09:19:29.000000","2019-08-08 09:40:20.000000",1.0,4.7,1.0,N,234.0,88.0,1.0,19.0,2.5,0.5,3.0,0.0,0.3,25.3,2.5
2.0,"2019-08-08 10:07:27.000000","2019-08-08 10:33:30.000000",1.0,5.37,1.0,N,234.0,88.0,1.0,21.5,0.0,0.5,4.96,0.0,0.3,29.76,2.5
2.0,"2019-08-08 10:57:11.000000","2019-08-08 11:16:35.000000",2.0,4.63,1.0,N,234.0,88.0,1.0,18.0,0.0,0.5,6.39,0.0,0.3,27.69,2.5
2.0,"2019-08-08 10:03:55.000000","2019-08-08 10:17:00.000000",1.0,4.68,1.0,N,234.0,88.0,1.0,16.0,0.0,0.5,3.86,0.0,0.3,23.16,2.5
2.0,"2019-08-08 10:35:22.000000","2019-08-08 10:57:44.000000",3.0,4.83,1.0,N,234.0,88.0,1.0,20.0,0.0,0.5,2.0,0.0,0.3,25.3,2.5
2.0,"2019-08-08 10:05:24.000000","2019-08-08 10:29:33.000000",2.0,5.16,1.0,N,234.0,88.0,1.0,21.0,0.0,0.5,4.86,0.0,0.3,29.16,2.5
1.0,"2019-08-08 11:23:49.000000","2019-08-08 11:51:40.000000",1.0,5.2,1.0,N,234.0,88.0,2.0,23.0,2.5,0.5,0.0,0.0,0.3,26.3,2.5
2.0,"2019-08-08 13:42:36.000000","2019-08-08 14:11:15.000000",1.0,3.6,1.0,N,234.0,88.0,1.0,19.5,0.0,0.5,4.56,0.0,0.3,27.36,2.5
2.0,"2019-08-08 12:58:31.000000","2019-08-08 13:26:09.000000",1.0,2.83,1.0,N,234.0,88.0,2.0,17.0,0.0,0.5,0.0,0.0,0.3,20.3,2.5
2.0,"2019-08-08 12:58:58.000000","2019-08-08 13:31:55.000000",4.0,2.99,1.0,N,234.0,88.0,2.0,19.5,0.0,0.5,0.0,0.0,0.3,22.8,2.5
2.0,"2019-08-08 15:04:09.000000","2019-08-08 15:22:01.000000",2.0,4.71,1.0,N,234.0,88.0,1.0,17.5,0.0,0.5,4.0,0.0,0.3,24.8,2.5
1.0,"2019-08-08 15:41:28.000000","2019-08-08 16:12:01.000000",0.0,4.9,1.0,N,234.0,88.0,1.0,22.0,2.5,0.5,5.05,0.0,0.3,30.35,2.5
2.0,"2019-08-08 16:37:15.000000","2019-08-08 17:15:39.000000",1.0,2.87,1.0,N,234.0,88.0,1.0,22.5,1.0,0.5,5.36,0.0,0.3,32.16,2.5
1.0,"2019-08-08 17:59:07.000000","2019-08-08 18:33:16.000000",1.0,3.9,1.0,N,234.0,88.0,1.0,22.5,3.5,0.5,2.2,0.0,0.3,29.0,2.5
2.0,"2019-08-08 20:39:54.000000","2019-08-08 20:56:42.000000",5.0,3.19,1.0,N,234.0,88.0,2.0,13.0,0.5,0.5,0.0,0.0,0.3,16.8,2.5
2.0,"2019-08-08 20:29:28.000000","2019-08-08 20:43:48.000000",1.0,5.08,1.0,N,234.0,88.0,2.0,16.5,0.5,0.5,0.0,0.0,0.3,20.3,2.5
2.0,"2019-08-08 21:39:09.000000","2019-08-08 21:54:42.000000",1.0,4.7,1.0,N,234.0,88.0,2.0,16.5,0.5,0.5,0.0,0.0,0.3,20.3,2.5
2.0,"2019-08-08 22:18:17.000000","2019-08-08 22:43:02.000000",1.0,4.67,1.0,N,234.0,88.0,2.0,21.0,0.5,0.5,0.0,0.0,0.3,24.8,2.5
2.0,"2019-08-09 00:34:31.000000","2019-08-09 00:49:58.000000",1.0,4.34,1.0,N,234.0,88.0,1.0,15.0,0.5,0.5,3.76,0.0,0.3,22.56,2.5
1.0,"2019-08-09 00:35:48.000000","2019-08-09 00:46:26.000000",1.0,4.8,1.0,N,234.0,88.0,1.0,15.5,3.0,0.5,2.0,0.0,0.3,21.3,2.5
2.0,"2019-08-09 01:56:16.000000","2019-08-09 02:09:34.000000",1.0,3.08,1.0,N,234.0,88.0,2.0,12.0,0.5,0.5,0.0,0.0,0.3,15.8,2.5
1.0,"2019-08-09 02:42:28.000000","2019-08-09 02:50:09.000000",1.0,2.6,1.0,N,234.0,88.0,1.0,9.5,3.0,0.5,2.65,0.0,0.3,15.95,2.5
2.0,"2019-08-09 08:06:31.000000","2019-08-09 08:21:57.000000",5.0,4.71,1.0,N,234.0,88.0,1.0,17.0,0.0,0.5,2.0,0.0,0.3,22.3,2.5
2.0,"2019-08-09 09:03:22.000000","2019-08-09 09:18:03.000000",1.0,4.66,1.0,N,234.0,88.0,2.0,16.5,0.0,0.5,0.0,0.0,0.3,19.8,2.5
2.0,"2019-08-09 09:43:07.000000","2019-08-09 10:11:34.000000",1.0,2.99,1.0,N,234.0,88.0,2.0,17.5,0.0,0.5,0.0,0.0,0.3,20.8,2.5
1.0,"2019-08-09 09:43:18.000000","2019-08-09 09:59:16.000000",1.0,4.6,1.0,N,234.0,88.0,1.0,16.5,2.5,0.5,3.96,0.0,0.3,23.76,2.5
2.0,"2019-08-09 09:26:13.000000","2019-08-09 09:46:20.000000",1.0,4.97,1.0,N,234.0,88.0,1.0,19.0,0.0,0.5,5.58,0.0,0.3,27.88,2.5
2.0,"2019-08-09 10:06:27.000000","2019-08-09 10:27:48.000000",1.0,2.4,1.0,N,234.0,88.0,2.0,14.0,0.0,0.5,0.0,0.0,0.3,17.3,2.5
2.0,"2019-08-09 10:56:03.000000","2019-08-09 11:14:08.000000",2.0,5.08,1.0,N,234.0,88.0,2.0,18.5,0.0,0.5,0.0,0.0,0.3,21.8,2.5
1.0,"2019-08-09 11:05:12.000000","2019-08-09 11:26:37.000000",1.0,5.0,1.0,N,234.0,88.0,1.0,20.0,2.5,0.5,4.65,0.0,0.3,27.95,2.5
1.0,"2019-08-09 12:35:48.000000","2019-08-09 13:08:25.000000",1.0,3.9,1.0,N,234.0,88.0,1.0,21.5,2.5,0.5,1.0,0.0,0.3,25.8,2.5
2.0,"2019-08-09 12:40:53.000000","2019-08-09 12:56:07.000000",1.0,4.53,1.0,N,234.0,88.0,1.0,16.5,0.0,0.5,3.96,0.0,0.3,23.76,2.5
2.0,"2019-08-09 13:16:07.000000","2019-08-09 13:44:30.000000",1.0,4.7,1.0,N,234.0,88.0,1.0,21.5,0.0,0.5,4.96,0.0,0.3,29.76,2.5
2.0,"2019-08-09 14:33:54.000000","2019-08-09 14:53:34.000000",3.0,4.37,1.0,N,234.0,88.0,1.0,17.5,0.0,0.5,3.0,0.0,0.3,23.8,2.5
2.0,"2019-08-09 20:15:37.000000","2019-08-09 20:32:22.000000",4.0,5.01,1.0,N,234.0,88.0,1.0,17.0,0.5,0.5,4.16,0.0,0.3,24.96,2.5
1.0,"2019-08-09 21:28:57.000000","2019-08-09 21:43:04.000000",1.0,4.7,1.0,N,234.0,88.0,2.0,16.0,3.0,0.5,0.0,0.0,0.3,19.8,2.5
2.0,"2019-08-09 22:04:49.000000","2019-08-09 22:18:45.000000",2.0,2.97,1.0,N,234.0,88.0,1.0,12.0,0.5,0.5,1.0,0.0,0.3,16.8,2.5
1.0,"2019-08-09 22:18:56.000000","2019-08-09 22:33:16.000000",2.0,2.5,1.0,Y,234.0,88.0,1.0,11.5,3.0,0.5,3.05,0.0,0.3,18.35,2.5
1.0,"2019-08-09 23:41:35.000000","2019-08-09 23:58:22.000000",1.0,3.9,1.0,N,234.0,88.0,1.0,15.0,3.0,0.5,3.75,0.0,0.3,22.55,2.5
2.0,"2019-08-10 00:27:36.000000","2019-08-10 00:44:37.000000",4.0,3.17,1.0,N,234.0,88.0,2.0,13.0,0.5,0.5,0.0,0.0,0.3,16.8,2.5
2.0,"2019-08-10 01:26:00.000000","2019-08-10 01:41:05.000000",4.0,5.31,1.0,N,234.0,88.0,1.0,17.5,0.5,0.5,0.08,0.0,0.3,21.38,2.5
1.0,"2019-08-10 01:24:37.000000","2019-08-10 01:36:38.000000",2.0,4.5,1.0,N,234.0,88.0,1.0,15.0,3.0,0.5,5.6,0.0,0.3,24.4,2.5
2.0,"2019-08-10 02:29:16.000000","2019-08-10 02:43:03.000000",6.0,4.8,1.0,N,234.0,88.0,1.0,16.0,0.5,0.5,3.96,0.0,0.3,23.76,2.5
2.0,"2019-08-10 03:06:07.000000","2019-08-10 03:16:47.000000",1.0,3.07,1.0,N,234.0,88.0,2.0,11.5,0.5,0.5,0.0,0.0,0.3,15.3,2.5
2.0,"2019-08-10 04:09:34.000000","2019-08-10 04:25:58.000000",2.0,4.98,1.0,N,234.0,88.0,2.0,17.5,0.5,0.5,0.0,0.0,0.3,21.3,2.5
2.0,"2019-08-10 04:50:56.000000","2019-08-10 05:04:35.000000",1.0,5.02,1.0,N,234.0,88.0,1.0,16.5,0.5,0.5,3.04,0.0,0.3,23.34,2.5
2.0,"2019-08-10 06:43:39.000000","2019-08-10 06:53:02.000000",1.0,4.55,1.0,N,234.0,88.0,1.0,14.5,0.0,0.5,2.0,0.0,0.3,19.8,2.5
2.0,"2019-08-10 09:41:53.000000","2019-08-10 09:57:54.000000",1.0,3.92,1.0,N,234.0,88.0,1.0,14.5,0.0,0.5,2.2,0.0,0.3,20.0,2.5
2.0,"2019-08-10 10:15:05.000000","2019-08-10 10:37:45.000000",1.0,5.27,1.0,N,234.0,88.0,1.0,20.5,0.0,0.5,4.76,0.0,0.3,28.56,2.5
2.0,"2019-08-10 11:29:10.000000","2019-08-10 11:46:38.000000",2.0,4.89,1.0,N,234.0,88.0,1.0,18.0,0.0,0.5,0.0,0.0,0.3,21.3,2.5
1.0,"2019-08-10 12:59:47.000000","2019-08-10 13:21:33.000000",1.0,4.1,1.0,N,234.0,88.0,2.0,17.5,2.5,0.5,0.0,0.0,0.3,20.8,2.5
2.0,"2019-08-10 13:59:04.000000","2019-08-10 14:26:29.000000",1.0,3.66,1.0,N,234.0,88.0,1.0,19.0,0.0,0.5,3.35,0.0,0.3,25.65,2.5
2.0,"2019-08-10 16:03:33.000000","2019-08-10 16:19:26.000000",1.0,4.76,1.0,N,234.0,88.0,1.0,16.0,0.0,0.5,3.86,0.0,0.3,23.16,2.5
1.0,"2019-08-10 19:07:57.000000","2019-08-10 19:23:18.000000",1.0,4.8,1.0,N,234.0,88.0,1.0,17.0,2.5,0.5,2.0,0.0,0.3,22.3,2.5
2.0,"2019-08-10 22:17:46.000000","2019-08-10 22:35:13.000000",1.0,3.27,1.0,N,234.0,88.0,1.0,13.5,0.5,0.5,2.5,0.0,0.3,19.8,2.5
1.0,"2019-08-10 23:43:23.000000","2019-08-10 23:59:35.000000",1.0,4.9,1.0,N,234.0,88.0,1.0,17.0,3.0,0.5,4.15,0.0,0.3,24.95,2.5
2.0,"2019-08-10 22:59:57.000000","2019-08-10 23:16:42.000000",2.0,3.17,1.0,N,234.0,88.0,1.0,13.0,0.5,0.5,3.36,0.0,0.3,20.16,2.5
2.0,"2019-08-10 19:55:39.000000","2019-08-10 20:06:44.000000",1.0,2.7,1.0,N,234.0,88.0,2.0,10.5,0.5,0.5,0.0,0.0,0.3,14.3,2.5
2.0,"2019-08-11 01:13:01.000000","2019-08-11 01:34:41.000000",1.0,5.05,1.0,N,234.0,88.0,1.0,19.0,0.5,0.5,4.56,0.0,0.3,27.36,2.5
1.0,"2019-08-11 01:08:24.000000","2019-08-11 01:25:49.000000",2.0,5.7,1.0,N,234.0,88.0,2.0,19.5,3.0,0.5,0.0,0.0,0.3,23.3,2.5
2.0,"2019-08-11 04:36:43.000000","2019-08-11 04:46:56.000000",1.0,2.77,1.0,N,234.0,88.0,1.0,10.5,0.5,0.5,2.0,0.0,0.3,16.3,2.5
1.0,"2019-08-11 11:36:04.000000","2019-08-11 11:50:52.000000",3.0,3.3,1.0,N,234.0,88.0,2.0,13.0,2.5,0.5,0.0,0.0,0.3,16.3,2.5
2.0,"2019-08-11 11:16:19.000000","2019-08-11 11:27:39.000000",2.0,4.43,1.0,N,234.0,88.0,2.0,15.0,0.0,0.5,0.0,0.0,0.3,18.3,2.5
1.0,"2019-08-11 12:14:12.000000","2019-08-11 12:27:30.000000",3.0,2.6,1.0,N,234.0,88.0,1.0,11.0,2.5,0.5,5.0,0.0,0.3,19.3,2.5
2.0,"2019-08-11 12:13:19.000000","2019-08-11 12:35:00.000000",1.0,4.77,1.0,N,234.0,88.0,2.0,19.0,0.0,0.5,0.0,0.0,0.3,22.3,2.5
1.0,"2019-08-11 13:02:48.000000","2019-08-11 13:13:41.000000",1.0,4.6,1.0,N,234.0,88.0,1.0,15.0,2.5,0.5,3.65,0.0,0.3,21.95,2.5
1.0,"2019-08-11 13:57:52.000000","2019-08-11 14:16:37.000000",1.0,3.1,1.0,N,234.0,88.0,1.0,14.0,2.5,0.5,2.0,0.0,0.3,19.3,2.5
2.0,"2019-08-11 14:43:28.000000","2019-08-11 14:59:42.000000",1.0,4.87,1.0,N,234.0,88.0,1.0,16.5,0.0,0.5,3.96,0.0,0.3,23.76,2.5
2.0,"2019-08-11 14:14:58.000000","2019-08-11 14:27:18.000000",1.0,4.78,1.0,N,234.0,88.0,2.0,16.0,0.0,0.5,0.0,0.0,0.3,19.3,2.5
2.0,"2019-08-11 15:44:22.000000","2019-08-11 16:03:50.000000",1.0,4.59,1.0,N,234.0,88.0,1.0,17.5,0.0,0.5,0.0,0.0,0.3,20.8,2.5
1.0,"2019-08-11 15:26:00.000000","2019-08-11 15:41:26.000000",1.0,4.5,1.0,N,234.0,88.0,2.0,17.0,2.5,0.5,0.0,0.0,0.3,20.3,2.5
1.0,"2019-08-11 15:46:36.000000","2019-08-11 16:05:04.000000",2.0,5.0,1.0,N,234.0,88.0,2.0,18.5,2.5,0.5,0.0,0.0,0.3,21.8,2.5
2.0,"2019-08-11 16:32:43.000000","2019-08-11 16:52:03.000000",1.0,3.88,1.0,N,234.0,88.0,1.0,16.0,0.0,0.5,3.86,0.0,0.3,23.16,2.5
1.0,"2019-08-11 19:32:43.000000","2019-08-11 19:46:09.000000",1.0,5.0,1.0,N,234.0,88.0,1.0,16.5,2.5,0.5,4.95,0.0,0.3,24.75,2.5
1.0,"2019-08-11 20:28:14.000000","2019-08-11 20:44:22.000000",2.0,3.1,1.0,N,234.0,88.0,2.0,13.0,3.0,0.5,0.0,0.0,0.3,16.8,2.5
1.0,"2019-08-11 20:42:09.000000","2019-08-11 20:57:18.000000",2.0,3.2,1.0,N,234.0,88.0,1.0,13.5,3.0,0.5,2.0,0.0,0.3,19.3,2.5
2.0,"2019-08-12 08:19:10.000000","2019-08-12 08:34:18.000000",1.0,4.36,1.0,N,234.0,88.0,1.0,16.5,0.0,0.5,1.5,0.0,0.3,21.3,2.5
1.0,"2019-08-12 08:59:34.000000","2019-08-12 09:16:00.000000",1.0,4.5,1.0,N,234.0,88.0,1.0,17.0,2.5,0.5,5.05,0.0,0.3,25.35,2.5
2.0,"2019-08-12 09:18:01.000000","2019-08-12 09:46:02.000000",1.0,3.58,1.0,N,234.0,88.0,1.0,18.5,0.0,0.5,4.36,0.0,0.3,26.16,2.5
2.0,"2019-08-12 09:21:38.000000","2019-08-12 09:36:54.000000",1.0,4.77,1.0,N,234.0,88.0,2.0,17.0,0.0,0.5,0.0,0.0,0.3,20.3,2.5
1.0,"2019-08-12 09:05:00.000000","2019-08-12 09:20:09.000000",2.0,4.7,1.0,N,234.0,88.0,2.0,17.0,2.5,0.5,0.0,0.0,0.3,20.3,2.5
2.0,"2019-08-12 09:58:33.000000","2019-08-12 10:15:21.000000",1.0,4.63,1.0,N,234.0,88.0,1.0,17.5,0.0,0.5,5.2,0.0,0.3,26.0,2.5
1.0,"2019-08-12 10:11:14.000000","2019-08-12 10:27:42.000000",0.0,5.0,1.0,N,234.0,88.0,1.0,17.5,2.5,0.5,4.15,0.0,0.3,24.95,2.5
2.0,"2019-08-12 11:05:34.000000","2019-08-12 11:21:55.000000",4.0,4.92,1.0,N,234.0,88.0,2.0,17.5,0.0,0.5,0.0,0.0,0.3,20.8,2.5
2.0,"2019-08-12 11:53:14.000000","2019-08-12 12:05:32.000000",1.0,4.8,1.0,N,234.0,88.0,1.0,16.0,0.0,0.5,3.0,0.0,0.3,22.3,2.5
2.0,"2019-08-12 12:43:38.000000","2019-08-12 13:03:03.000000",3.0,4.71,1.0,N,234.0,88.0,2.0,19.0,0.0,0.5,0.0,0.0,0.3,22.3,2.5
2.0,"2019-08-12 12:05:59.000000","2019-08-12 12:24:22.000000",1.0,4.58,1.0,N,234.0,88.0,1.0,17.0,0.0,0.5,2.03,0.0,0.3,22.33,2.5
2.0,"2019-08-12 12:53:05.000000","2019-08-12 13:07:21.000000",5.0,4.34,1.0,N,234.0,88.0,1.0,15.5,0.0,0.5,2.82,0.0,0.3,21.62,2.5
1.0,"2019-08-12 13:14:22.000000","2019-08-12 13:40:51.000000",4.0,3.8,1.0,N,234.0,88.0,2.0,18.5,2.5,0.5,0.0,0.0,0.3,21.8,2.5
2.0,"2019-08-12 13:50:12.000000","2019-08-12 14:06:45.000000",1.0,4.84,1.0,N,234.0,88.0,1.0,17.0,0.0,0.5,2.0,0.0,0.3,22.3,2.5
2.0,"2019-08-12 13:15:50.000000","2019-08-12 13:43:13.000000",2.0,4.04,1.0,N,234.0,88.0,1.0,19.5,0.0,0.5,4.0,0.0,0.3,26.8,2.5
1.0,"2019-08-12 14:27:34.000000","2019-08-12 14:56:10.000000",1.0,4.3,1.0,N,234.0,88.0,1.0,20.5,2.5,0.5,3.57,0.0,0.3,27.37,2.5
2.0,"2019-08-12 14:24:09.000000","2019-08-12 14:46:46.000000",1.0,4.82,1.0,N,234.0,88.0,1.0,19.0,0.0,0.5,4.46,0.0,0.3,26.76,2.5
2.0,"2019-08-12 14:47:11.000000","2019-08-12 15:19:38.000000",1.0,4.4,1.0,N,234.0,88.0,1.0,21.5,0.0,0.5,4.96,0.0,0.3,29.76,2.5
1.0,"2019-08-12 15:52:52.000000","2019-08-12 16:15:51.000000",1.0,2.6,1.0,N,234.0,88.0,1.0,15.0,3.5,0.5,3.85,0.0,0.3,23.15,2.5
2.0,"2019-08-12 18:43:19.000000","2019-08-12 19:01:02.000000",1.0,4.93,1.0,N,234.0,88.0,1.0,18.0,1.0,0.5,5.58,0.0,0.3,27.88,2.5
1.0,"2019-08-12 19:37:02.000000","2019-08-12 19:50:46.000000",1.0,4.8,1.0,N,234.0,88.0,1.0,17.0,3.5,0.5,3.5,0.0,0.3,24.8,2.5
2.0,"2019-08-12 20:29:03.000000","2019-08-12 20:42:12.000000",1.0,3.0,1.0,N,234.0,88.0,1.0,11.5,0.5,0.5,3.06,0.0,0.3,18.36,2.5
2.0,"2019-08-12 21:20:20.000000","2019-08-12 21:37:55.000000",1.0,5.18,1.0,N,234.0,88.0,1.0,18.5,0.5,0.5,4.46,0.0,0.3,26.76,2.5
2.0,"2019-08-13 07:54:11.000000","2019-08-13 08:05:15.000000",1.0,4.31,1.0,N,234.0,88.0,1.0,14.0,0.0,0.5,3.0,0.0,0.3,20.3,2.5
2.0,"2019-08-13 07:55:04.000000","2019-08-13 08:08:41.000000",1.0,4.46,1.0,N,234.0,88.0,1.0,15.5,0.0,0.5,4.7,0.0,0.3,23.5,2.5
2.0,"2019-08-13 07:53:11.000000","2019-08-13 08:07:06.000000",1.0,2.99,1.0,N,234.0,88.0,1.0,12.0,0.0,0.5,3.83,0.0,0.3,19.13,2.5
2.0,"2019-08-13 07:35:04.000000","2019-08-13 07:48:40.000000",2.0,4.61,1.0,N,234.0,88.0,1.0,16.0,0.0,0.5,3.86,0.0,0.3,23.16,2.5
2.0,"2019-08-13 08:56:44.000000","2019-08-13 09:22:02.000000",1.0,3.25,1.0,N,234.0,88.0,2.0,17.0,0.0,0.5,0.0,0.0,0.3,20.3,2.5
2.0,"2019-08-13 08:32:30.000000","2019-08-13 08:55:32.000000",3.0,3.35,1.0,N,234.0,88.0,2.0,15.5,0.0,0.5,0.0,0.0,0.3,18.8,2.5
1.0,"2019-08-13 08:05:12.000000","2019-08-13 08:15:52.000000",1.0,4.4,1.0,N,234.0,88.0,1.0,14.5,2.5,0.5,1.5,0.0,0.3,19.3,2.5
2.0,"2019-08-13 10:18:20.000000","2019-08-13 10:35:21.000000",1.0,4.89,1.0,N,234.0,88.0,1.0,18.0,0.0,0.5,4.26,0.0,0.3,25.56,2.5
1.0,"2019-08-13 10:10:18.000000","2019-08-13 10:36:38.000000",1.0,4.1,1.0,N,234.0,88.0,2.0,19.5,2.5,0.5,0.0,0.0,0.3,22.8,2.5
2.0,"2019-08-13 13:57:06.000000","2019-08-13 14:14:39.000000",2.0,4.97,1.0,N,234.0,88.0,1.0,18.0,0.0,0.5,5.32,0.0,0.3,26.62,2.5
1.0,"2019-08-13 13:58:17.000000","2019-08-13 14:23:00.000000",1.0,3.0,1.0,N,234.0,88.0,1.0,16.0,2.5,0.5,3.85,0.0,0.3,23.15,2.5
1.0,"2019-08-13 14:15:06.000000","2019-08-13 14:34:52.000000",1.0,4.6,1.0,N,234.0,88.0,2.0,19.0,2.5,0.5,0.0,0.0,0.3,22.3,2.5
1.0,"2019-08-13 14:28:53.000000","2019-08-13 14:44:36.000000",1.0,4.6,1.0,N,234.0,88.0,1.0,17.0,2.5,0.5,4.05,0.0,0.3,24.35,2.5
2.0,"2019-08-13 14:56:19.000000","2019-08-13 15:20:03.000000",1.0,4.19,1.0,N,234.0,88.0,1.0,18.5,0.0,0.5,2.0,0.0,0.3,23.8,2.5
2.0,"2019-08-13 15:28:59.000000","2019-08-13 15:44:37.000000",1.0,4.75,1.0,N,234.0,88.0,1.0,16.0,0.0,0.5,3.86,0.0,0.3,23.16,2.5
2.0,"2019-08-13 16:06:53.000000","2019-08-13 16:27:01.000000",1.0,4.65,1.0,N,234.0,88.0,2.0,17.5,1.0,0.5,0.0,0.0,0.3,21.8,2.5
1.0,"2019-08-13 17:22:29.000000","2019-08-13 17:41:13.000000",1.0,4.5,1.0,N,234.0,88.0,1.0,16.5,3.5,0.5,4.15,0.0,0.3,24.95,2.5
1.0,"2019-08-13 17:56:22.000000","2019-08-13 18:18:35.000000",0.0,3.5,1.0,N,234.0,88.0,1.0,17.0,3.5,0.5,5.3,0.0,0.3,26.6,2.5
2.0,"2019-08-13 18:17:48.000000","2019-08-13 18:31:36.000000",1.0,4.62,1.0,N,234.0,88.0,1.0,16.0,1.0,0.5,4.06,0.0,0.3,24.36,2.5
2.0,"2019-08-13 19:43:20.000000","2019-08-13 20:01:05.000000",1.0,5.05,1.0,N,234.0,88.0,1.0,18.5,1.0,0.5,4.56,0.0,0.3,27.36,2.5
2.0,"2019-08-13 19:05:42.000000","2019-08-13 19:18:37.000000",1.0,4.74,1.0,N,234.0,88.0,1.0,16.0,1.0,0.5,3.0,0.0,0.3,23.3,2.5
1.0,"2019-08-13 19:27:18.000000","2019-08-13 19:43:30.000000",1.0,4.3,1.0,N,234.0,88.0,1.0,16.5,3.5,0.5,4.15,0.0,0.3,24.95,2.5
2.0,"2019-08-13 20:39:58.000000","2019-08-13 20:54:52.000000",1.0,3.16,1.0,N,234.0,88.0,1.0,12.0,0.5,0.5,3.16,0.0,0.3,18.96,2.5
2.0,"2019-08-13 20:33:54.000000","2019-08-13 20:47:16.000000",2.0,4.52,1.0,N,234.0,88.0,1.0,15.5,0.5,0.5,3.86,0.0,0.3,23.16,2.5
1.0,"2019-08-13 20:32:29.000000","2019-08-13 20:45:39.000000",2.0,2.7,1.0,N,234.0,88.0,1.0,11.5,3.0,0.5,3.05,0.0,0.3,18.35,2.5
2.0,"2019-08-13 20:29:16.000000","2019-08-13 20:46:11.000000",2.0,3.19,1.0,N,234.0,88.0,1.0,13.0,0.5,0.5,2.0,0.0,0.3,18.8,2.5
1.0,"2019-08-13 21:34:34.000000","2019-08-13 21:48:49.000000",1.0,3.1,1.0,N,234.0,88.0,1.0,11.5,3.0,0.5,3.05,0.0,0.3,18.35,2.5
2.0,"2019-08-13 21:57:33.000000","2019-08-13 22:12:15.000000",3.0,3.16,1.0,N,234.0,88.0,1.0,12.0,0.5,0.5,3.16,0.0,0.3,18.96,2.5
2.0,"2019-08-13 22:10:18.000000","2019-08-13 22:22:00.000000",1.0,4.83,1.0,N,234.0,88.0,2.0,15.5,0.5,0.5,0.0,0.0,0.3,19.3,2.5
2.0,"2019-08-13 22:18:54.000000","2019-08-13 22:39:07.000000",1.0,3.9,1.0,N,234.0,88.0,2.0,15.5,0.5,0.5,0.0,0.0,0.3,19.3,2.5
2.0,"2019-08-14 07:51:49.000000","2019-08-14 08:06:40.000000",5.0,4.76,1.0,N,234.0,88.0,1.0,17.0,0.0,0.5,4.06,0.0,0.3,24.36,2.5
2.0,"2019-08-14 08:08:49.000000","2019-08-14 08:27:51.000000",1.0,2.86,1.0,N,234.0,88.0,1.0,14.0,0.0,0.5,3.46,0.0,0.3,20.76,2.5
1.0,"2019-08-14 09:28:36.000000","2019-08-14 09:52:40.000000",1.0,5.0,1.0,N,234.0,88.0,1.0,20.5,2.5,0.5,4.0,0.0,0.3,27.8,2.5
1.0,"2019-08-14 10:10:48.000000","2019-08-14 10:29:38.000000",1.0,3.2,1.0,N,234.0,88.0,1.0,15.0,2.5,0.5,1.0,0.0,0.3,19.3,2.5
2.0,"2019-08-14 09:58:57.000000","2019-08-14 10:18:05.000000",1.0,4.59,1.0,N,234.0,88.0,2.0,17.0,0.0,0.5,0.0,0.0,0.3,20.3,2.5
2.0,"2019-08-14 10:47:00.000000","2019-08-14 11:03:02.000000",1.0,5.15,1.0,N,234.0,88.0,1.0,17.5,0.0,0.5,0.0,0.0,0.3,20.8,2.5
2.0,"2019-08-14 11:43:21.000000","2019-08-14 12:03:03.000000",2.0,4.81,1.0,N,234.0,88.0,1.0,19.0,0.0,0.5,3.34,0.0,0.3,25.64,2.5
2.0,"2019-08-14 11:36:04.000000","2019-08-14 11:54:23.000000",1.0,4.53,1.0,N,234.0,88.0,1.0,18.0,0.0,0.5,4.26,0.0,0.3,25.56,2.5
1.0,"2019-08-14 11:58:28.000000","2019-08-14 12:26:33.000000",1.0,3.9,1.0,N,234.0,88.0,1.0,20.0,2.5,0.5,6.0,0.0,0.3,29.3,2.5
2.0,"2019-08-14 12:46:52.000000","2019-08-14 13:05:38.000000",1.0,4.39,1.0,N,234.0,88.0,2.0,18.0,0.0,0.5,0.0,0.0,0.3,21.3,2.5
2.0,"2019-08-14 13:39:59.000000","2019-08-14 13:56:19.000000",1.0,4.65,1.0,N,234.0,88.0,1.0,17.0,0.0,0.5,4.06,0.0,0.3,24.36,2.5
2.0,"2019-08-14 13:27:12.000000","2019-08-14 13:46:53.000000",2.0,4.83,1.0,N,234.0,88.0,1.0,18.5,0.0,0.5,4.36,0.0,0.3,26.16,2.5
2.0,"2019-08-14 13:17:40.000000","2019-08-14 13:31:26.000000",6.0,4.73,1.0,N,234.0,88.0,2.0,16.0,0.0,0.5,0.0,0.0,0.3,19.3,2.5
2.0,"2019-08-14 14:49:01.000000","2019-08-14 15:02:59.000000",1.0,4.84,1.0,N,234.0,88.0,2.0,16.5,0.0,0.5,0.0,0.0,0.3,19.8,2.5
2.0,"2019-08-14 18:58:43.000000","2019-08-14 19:21:53.000000",1.0,3.37,1.0,N,234.0,88.0,1.0,16.0,1.0,0.5,2.7,0.0,0.3,23.0,2.5
2.0,"2019-08-14 19:40:48.000000","2019-08-14 19:55:31.000000",1.0,4.83,1.0,N,234.0,88.0,1.0,16.5,1.0,0.5,4.16,0.0,0.3,24.96,2.5
1.0,"2019-08-14 19:38:48.000000","2019-08-14 19:57:09.000000",1.0,5.0,1.0,N,234.0,88.0,1.0,18.5,3.5,0.5,4.55,0.0,0.3,27.35,2.5
2.0,"2019-08-14 19:09:13.000000","2019-08-14 19:21:49.000000",1.0,2.95,1.0,N,234.0,88.0,2.0,12.0,1.0,0.5,0.0,0.0,0.3,16.3,2.5
1.0,"2019-08-14 20:07:33.000000","2019-08-14 20:25:54.000000",1.0,3.5,1.0,N,234.0,88.0,1.0,14.0,3.0,0.5,3.55,0.0,0.3,21.35,2.5
1.0,"2019-08-14 21:10:09.000000","2019-08-14 21:23:06.000000",1.0,4.6,1.0,N,234.0,88.0,1.0,15.5,3.0,0.5,4.8,0.0,0.3,24.1,2.5
2.0,"2019-08-15 00:56:41.000000","2019-08-15 01:10:19.000000",2.0,4.55,1.0,N,234.0,88.0,1.0,16.0,0.5,0.5,3.96,0.0,0.3,23.76,2.5
1.0,"2019-08-15 08:07:15.000000","2019-08-15 08:20:47.000000",1.0,4.6,1.0,N,234.0,88.0,1.0,16.0,2.5,0.5,2.0,0.0,0.3,21.3,2.5
2.0,"2019-08-15 09:26:14.000000","2019-08-15 09:45:29.000000",1.0,4.75,1.0,N,234.0,88.0,1.0,18.5,0.0,0.5,4.36,0.0,0.3,26.16,2.5
2.0,"2019-08-15 12:24:34.000000","2019-08-15 12:37:18.000000",1.0,4.42,1.0,N,234.0,88.0,1.0,15.0,0.0,0.5,1.0,0.0,0.3,19.3,2.5
2.0,"2019-08-15 12:26:40.000000","2019-08-15 12:51:15.000000",1.0,4.72,1.0,N,234.0,88.0,1.0,20.0,0.0,0.5,4.66,0.0,0.3,27.96,2.5
2.0,"2019-08-15 12:09:00.000000","2019-08-15 12:25:21.000000",2.0,4.81,1.0,N,234.0,88.0,2.0,17.5,0.0,0.5,0.0,0.0,0.3,20.8,2.5
2.0,"2019-08-15 12:08:44.000000","2019-08-15 12:35:04.000000",1.0,5.09,1.0,N,234.0,88.0,1.0,22.0,0.0,0.5,5.06,0.0,0.3,30.36,2.5
2.0,"2019-08-15 13:46:05.000000","2019-08-15 14:15:13.000000",2.0,5.63,1.0,N,234.0,88.0,1.0,24.0,0.0,0.5,5.0,0.0,0.3,32.3,2.5
2.0,"2019-08-15 13:25:51.000000","2019-08-15 13:38:39.000000",2.0,5.19,1.0,N,234.0,88.0,1.0,16.5,0.0,0.5,3.96,0.0,0.3,23.76,2.5
2.0,"2019-08-15 15:39:30.000000","2019-08-15 16:06:01.000000",1.0,2.93,1.0,N,234.0,88.0,1.0,17.0,0.0,0.5,4.06,0.0,0.3,24.36,2.5
2.0,"2019-08-15 15:29:28.000000","2019-08-15 16:00:38.000000",1.0,2.82,1.0,N,234.0,88.0,1.0,19.0,0.0,0.5,5.58,0.0,0.3,27.88,2.5
2.0,"2019-08-15 16:03:48.000000","2019-08-15 16:28:18.000000",2.0,3.12,1.0,N,234.0,88.0,1.0,16.5,1.0,0.5,1.0,0.0,0.3,21.8,2.5
1.0,"2019-08-15 16:25:58.000000","2019-08-15 16:46:35.000000",2.0,2.9,1.0,N,234.0,88.0,2.0,15.0,3.5,0.5,0.0,0.0,0.3,19.3,2.5
1.0,"2019-08-15 17:58:45.000000","2019-08-15 18:19:14.000000",1.0,4.7,1.0,N,234.0,88.0,1.0,18.0,3.5,0.5,2.0,0.0,0.3,24.3,2.5
2.0,"2019-08-15 17:33:49.000000","2019-08-15 17:54:51.000000",1.0,5.07,1.0,N,234.0,88.0,2.0,18.0,1.0,0.5,0.0,0.0,0.3,22.3,2.5
2.0,"2019-08-15 18:59:59.000000","2019-08-15 19:16:16.000000",2.0,5.39,1.0,N,234.0,88.0,2.0,18.0,1.0,0.5,0.0,0.0,0.3,22.3,2.5
1.0,"2019-08-15 20:23:12.000000","2019-08-15 20:37:24.000000",1.0,4.6,1.0,N,234.0,88.0,1.0,15.5,3.0,0.5,3.85,0.0,0.3,23.15,2.5
2.0,"2019-08-15 20:41:20.000000","2019-08-15 21:00:35.000000",1.0,3.24,1.0,N,234.0,88.0,1.0,14.0,0.5,0.5,3.56,0.0,0.3,21.36,2.5
1.0,"2019-08-15 20:57:34.000000","2019-08-15 21:12:42.000000",1.0,2.9,1.0,N,234.0,88.0,1.0,12.0,3.0,0.5,1.0,0.0,0.3,16.8,2.5
2.0,"2019-08-15 22:20:40.000000","2019-08-15 22:36:15.000000",2.0,3.06,1.0,N,234.0,88.0,1.0,13.0,0.5,0.5,3.36,0.0,0.3,20.16,2.5
2.0,"2019-08-15 22:01:50.000000","2019-08-15 22:17:26.000000",1.0,3.26,1.0,N,234.0,88.0,1.0,12.5,0.5,0.5,3.26,0.0,0.3,19.56,2.5
2.0,"2019-08-15 23:35:49.000000","2019-08-15 23:54:57.000000",1.0,3.51,1.0,N,234.0,88.0,1.0,15.0,0.5,0.5,3.76,0.0,0.3,22.56,2.5
2.0,"2019-08-16 00:25:36.000000","2019-08-16 00:40:47.000000",1.0,3.28,1.0,N,234.0,88.0,1.0,13.0,0.5,0.5,3.36,0.0,0.3,20.16,2.5
2.0,"2019-08-16 01:50:06.000000","2019-08-16 01:58:19.000000",1.0,2.65,1.0,N,234.0,88.0,1.0,9.5,0.5,0.5,2.66,0.0,0.3,15.96,2.5
2.0,"2019-08-16 01:15:00.000000","2019-08-16 01:28:13.000000",1.0,3.35,1.0,N,234.0,88.0,1.0,12.5,0.5,0.5,2.0,0.0,0.3,18.3,2.5
1.0,"2019-08-16 02:39:13.000000","2019-08-16 02:53:32.000000",1.0,4.6,1.0,N,234.0,88.0,1.0,16.5,3.0,0.5,4.05,0.0,0.3,24.35,2.5
2.0,"2019-08-16 08:38:28.000000","2019-08-16 08:53:34.000000",1.0,4.7,1.0,N,234.0,88.0,1.0,16.5,0.0,0.5,2.97,0.0,0.3,22.77,2.5
2.0,"2019-08-16 08:36:28.000000","2019-08-16 08:50:12.000000",1.0,4.41,1.0,N,234.0,88.0,1.0,15.5,0.0,0.5,1.0,0.0,0.3,19.8,2.5
4.0,"2019-08-16 09:40:59.000000","2019-08-16 10:05:49.000000",1.0,5.08,1.0,N,234.0,88.0,1.0,21.5,0.0,0.5,4.96,0.0,0.3,29.76,2.5
2.0,"2019-08-16 10:40:19.000000","2019-08-16 11:08:40.000000",1.0,3.93,1.0,N,234.0,88.0,1.0,20.0,0.0,0.5,2.5,0.0,0.3,25.8,2.5
2.0,"2019-08-16 11:37:59.000000","2019-08-16 11:54:19.000000",5.0,4.76,1.0,N,234.0,88.0,1.0,17.0,0.0,0.5,4.06,0.0,0.3,24.36,2.5
1.0,"2019-08-16 11:34:21.000000","2019-08-16 11:57:00.000000",2.0,5.1,1.0,N,234.0,88.0,2.0,20.5,2.5,0.5,0.0,0.0,0.3,23.8,2.5
2.0,"2019-08-16 15:42:36.000000","2019-08-16 15:59:10.000000",1.0,4.79,1.0,N,234.0,88.0,1.0,17.0,0.0,0.5,2.03,0.0,0.3,22.33,2.5
1.0,"2019-08-16 18:05:38.000000","2019-08-16 18:22:36.000000",1.0,5.2,1.0,N,234.0,88.0,1.0,18.0,3.5,0.5,5.0,0.0,0.3,27.3,2.5
2.0,"2019-08-16 18:01:22.000000","2019-08-16 18:16:55.000000",1.0,5.34,1.0,N,234.0,88.0,1.0,18.0,1.0,0.5,5.58,0.0,0.3,27.88,2.5
2.0,"2019-08-16 19:29:43.000000","2019-08-16 19:56:01.000000",1.0,3.16,1.0,N,234.0,88.0,1.0,17.5,1.0,0.5,4.36,0.0,0.3,26.16,2.5
1.0,"2019-08-16 20:05:26.000000","2019-08-16 20:18:41.000000",1.0,4.4,1.0,N,234.0,88.0,2.0,15.5,3.0,0.5,0.0,0.0,0.3,19.3,2.5
2.0,"2019-08-16 21:56:26.000000","2019-08-16 22:17:12.000000",1.0,3.67,1.0,N,234.0,88.0,2.0,15.5,0.5,0.5,0.0,0.0,0.3,19.3,2.5
2.0,"2019-08-16 11:08:40.000000","2019-08-16 11:26:09.000000",5.0,3.49,1.0,N,234.0,88.0,1.0,14.0,0.5,0.5,3.56,0.0,0.3,21.36,2.5
2.0,"2019-08-16 22:27:08.000000","2019-08-16 22:46:59.000000",1.0,3.96,1.0,N,234.0,88.0,1.0,17.0,0.5,0.5,4.16,0.0,0.3,24.96,2.5
2.0,"2019-08-16 22:59:55.000000","2019-08-16 23:26:20.000000",1.0,4.49,1.0,N,234.0,88.0,1.0,19.5,0.5,0.5,4.66,0.0,0.3,27.96,2.5
2.0,"2019-08-16 23:22:50.000000","2019-08-16 23:36:46.000000",1.0,2.8,1.0,N,234.0,88.0,2.0,12.0,0.5,0.5,0.0,0.0,0.3,15.8,2.5
2.0,"2019-08-17 00:00:12.000000","2019-08-17 00:16:33.000000",1.0,3.36,1.0,N,234.0,88.0,1.0,13.0,0.5,0.5,2.0,0.0,0.3,18.8,2.5
2.0,"2019-08-17 03:01:51.000000","2019-08-17 03:13:21.000000",1.0,3.09,1.0,N,234.0,88.0,1.0,11.5,0.5,0.5,1.0,0.0,0.3,16.3,2.5
1.0,"2019-08-17 03:36:01.000000","2019-08-17 03:47:34.000000",1.0,2.8,1.0,N,234.0,88.0,1.0,11.0,3.0,0.5,1.0,0.0,0.3,15.8,2.5
2.0,"2019-08-17 09:10:47.000000","2019-08-17 09:32:29.000000",1.0,4.35,1.0,N,234.0,88.0,1.0,18.0,0.0,0.5,4.26,0.0,0.3,25.56,2.5
2.0,"2019-08-17 12:52:55.000000","2019-08-17 13:22:49.000000",1.0,5.23,1.0,N,234.0,88.0,1.0,22.5,0.0,0.5,5.16,0.0,0.3,30.96,2.5
1.0,"2019-08-17 15:38:37.000000","2019-08-17 15:58:24.000000",1.0,5.0,1.0,N,234.0,88.0,1.0,19.0,2.5,0.5,3.0,0.0,0.3,25.3,2.5
2.0,"2019-08-17 15:23:09.000000","2019-08-17 15:37:56.000000",1.0,4.72,1.0,N,234.0,88.0,1.0,16.5,0.0,0.5,1.5,0.0,0.3,21.3,2.5
2.0,"2019-08-17 17:08:09.000000","2019-08-17 17:21:43.000000",4.0,2.9,1.0,N,234.0,88.0,1.0,11.5,0.0,0.5,2.96,0.0,0.3,17.76,2.5
1.0,"2019-08-17 19:09:51.000000","2019-08-17 19:28:09.000000",2.0,3.3,1.0,N,234.0,88.0,1.0,14.0,2.5,0.5,2.6,0.0,0.3,19.9,2.5
2.0,"2019-08-17 21:05:05.000000","2019-08-17 21:20:55.000000",3.0,4.72,1.0,N,234.0,88.0,2.0,17.0,0.5,0.5,0.0,0.0,0.3,20.8,2.5
2.0,"2019-08-17 21:58:17.000000","2019-08-17 22:30:52.000000",6.0,5.37,1.0,N,234.0,88.0,1.0,23.5,0.5,0.5,6.82,0.0,0.3,34.12,2.5
2.0,"2019-08-17 22:24:24.000000","2019-08-17 22:40:33.000000",1.0,4.97,1.0,N,234.0,88.0,2.0,17.5,0.5,0.5,0.0,0.0,0.3,21.3,2.5
1.0,"2019-08-17 22:22:57.000000","2019-08-17 22:37:58.000000",1.0,4.9,1.0,N,234.0,88.0,1.0,17.0,3.0,0.5,0.0,0.0,0.3,20.8,2.5
2.0,"2019-08-18 01:19:00.000000","2019-08-18 01:30:21.000000",1.0,3.11,1.0,N,234.0,88.0,1.0,11.5,0.5,0.5,3.06,0.0,0.3,18.36,2.5
2.0,"2019-08-18 08:20:12.000000","2019-08-18 08:35:12.000000",1.0,4.82,1.0,N,234.0,88.0,2.0,17.0,0.0,0.5,0.0,0.0,0.3,20.3,2.5
2.0,"2019-08-18 09:41:22.000000","2019-08-18 09:57:51.000000",2.0,4.82,1.0,N,234.0,88.0,2.0,17.5,0.0,0.5,0.0,0.0,0.3,20.8,2.5
1.0,"2019-08-18 09:23:40.000000","2019-08-18 09:36:33.000000",3.0,4.5,1.0,N,234.0,88.0,2.0,16.0,2.5,0.5,0.0,0.0,0.3,19.3,2.5
2.0,"2019-08-18 10:55:05.000000","2019-08-18 11:11:20.000000",1.0,4.7,1.0,N,234.0,88.0,2.0,18.0,0.0,0.5,0.0,0.0,0.3,21.3,2.5
2.0,"2019-08-18 10:24:53.000000","2019-08-18 10:37:57.000000",1.0,4.65,1.0,N,234.0,88.0,1.0,16.0,0.0,0.5,2.5,0.0,0.3,21.8,2.5
2.0,"2019-08-18 12:08:30.000000","2019-08-18 12:22:44.000000",1.0,4.78,1.0,N,234.0,88.0,1.0,16.5,0.0,0.5,3.96,0.0,0.3,23.76,2.5
1.0,"2019-08-18 13:19:15.000000","2019-08-18 13:35:50.000000",1.0,3.8,1.0,N,234.0,88.0,2.0,14.5,2.5,0.5,0.0,0.0,0.3,17.8,2.5
2.0,"2019-08-18 14:56:09.000000","2019-08-18 15:15:33.000000",2.0,4.44,1.0,N,234.0,88.0,1.0,17.0,0.0,0.5,6.09,0.0,0.3,26.39,2.5
2.0,"2019-08-18 14:45:22.000000","2019-08-18 15:13:07.000000",4.0,4.92,1.0,N,234.0,88.0,1.0,22.0,0.0,0.5,5.06,0.0,0.3,30.36,2.5
2.0,"2019-08-18 15:40:30.000000","2019-08-18 15:58:39.000000",1.0,4.9,1.0,N,234.0,88.0,1.0,18.0,0.0,0.5,4.26,0.0,0.3,25.56,2.5
1.0,"2019-08-18 17:24:45.000000","2019-08-18 17:41:23.000000",1.0,4.8,1.0,N,234.0,88.0,1.0,16.0,2.5,0.5,0.0,0.0,0.3,19.3,2.5
2.0,"2019-08-18 18:16:41.000000","2019-08-18 18:31:28.000000",1.0,4.63,1.0,N,234.0,88.0,1.0,16.5,0.0,0.5,3.96,0.0,0.3,23.76,2.5
1.0,"2019-08-18 19:12:40.000000","2019-08-18 19:25:09.000000",1.0,2.6,1.0,N,234.0,88.0,1.0,11.0,2.5,0.5,2.85,0.0,0.3,17.15,2.5
2.0,"2019-08-18 19:58:03.000000","2019-08-18 20:07:13.000000",1.0,2.44,1.0,N,234.0,88.0,2.0,9.0,0.0,0.5,0.0,0.0,0.3,12.3,2.5
2.0,"2019-08-18 23:34:35.000000","2019-08-18 23:51:53.000000",2.0,3.41,1.0,N,234.0,88.0,1.0,13.0,0.5,0.5,3.36,0.0,0.3,20.16,2.5
2.0,"2019-08-19 07:17:44.000000","2019-08-19 07:32:18.000000",3.0,4.91,1.0,N,234.0,88.0,2.0,16.5,0.0,0.5,0.0,0.0,0.3,19.8,2.5
2.0,"2019-08-19 08:05:51.000000","2019-08-19 08:23:37.000000",1.0,4.77,1.0,N,234.0,88.0,2.0,18.5,0.0,0.5,0.0,0.0,0.3,21.8,2.5
2.0,"2019-08-19 09:50:32.000000","2019-08-19 10:09:35.000000",1.0,4.93,1.0,N,234.0,88.0,2.0,18.5,0.0,0.5,0.0,0.0,0.3,21.8,2.5
2.0,"2019-08-19 10:30:36.000000","2019-08-19 10:45:38.000000",1.0,4.87,1.0,N,234.0,88.0,1.0,17.0,0.0,0.5,2.03,0.0,0.3,22.33,2.5
2.0,"2019-08-19 11:22:23.000000","2019-08-19 11:41:44.000000",1.0,5.17,1.0,N,234.0,88.0,2.0,19.0,0.0,0.5,0.0,0.0,0.3,22.3,2.5
2.0,"2019-08-19 12:46:41.000000","2019-08-19 13:02:05.000000",4.0,2.52,1.0,N,234.0,88.0,2.0,12.0,0.0,0.5,0.0,0.0,0.3,15.3,2.5
1.0,"2019-08-19 16:51:05.000000","2019-08-19 17:11:17.000000",2.0,5.2,1.0,N,234.0,88.0,1.0,19.0,3.5,0.5,3.0,0.0,0.3,26.3,2.5
2.0,"2019-08-19 17:42:45.000000","2019-08-19 17:58:59.000000",1.0,5.51,1.0,N,234.0,88.0,1.0,18.0,1.0,0.5,4.46,0.0,0.3,26.76,2.5
2.0,"2019-08-19 18:48:21.000000","2019-08-19 19:06:52.000000",3.0,3.1,1.0,N,234.0,88.0,1.0,13.5,1.0,0.5,3.56,0.0,0.3,21.36,2.5
1.0,"2019-08-19 21:47:43.000000","2019-08-19 21:59:42.000000",0.0,5.0,1.0,N,234.0,88.0,1.0,16.0,3.0,0.5,3.95,0.0,0.3,23.75,2.5
1.0,"2019-08-19 21:43:49.000000","2019-08-19 21:53:15.000000",1.0,2.8,1.0,N,234.0,88.0,1.0,10.0,3.0,0.5,2.75,0.0,0.3,16.55,2.5
2.0,"2019-08-20 05:52:30.000000","2019-08-20 06:03:28.000000",1.0,3.34,1.0,N,234.0,88.0,2.0,12.0,0.5,0.5,0.0,0.0,0.3,15.8,2.5
1.0,"2019-08-20 08:32:11.000000","2019-08-20 09:02:07.000000",1.0,3.2,1.0,N,234.0,88.0,1.0,19.0,2.5,0.5,2.0,0.0,0.3,24.3,2.5
1.0,"2019-08-20 08:39:14.000000","2019-08-20 08:52:32.000000",1.0,4.4,1.0,N,234.0,88.0,1.0,15.5,2.5,0.5,3.75,0.0,0.3,22.55,2.5
2.0,"2019-08-20 10:11:58.000000","2019-08-20 10:36:59.000000",2.0,4.49,1.0,N,234.0,88.0,2.0,20.0,0.0,0.5,0.0,0.0,0.3,23.3,2.5
2.0,"2019-08-20 11:08:05.000000","2019-08-20 11:29:30.000000",1.0,4.87,1.0,N,234.0,88.0,1.0,19.5,0.0,0.5,4.56,0.0,0.3,27.36,2.5
2.0,"2019-08-20 12:04:33.000000","2019-08-20 12:19:42.000000",2.0,4.63,1.0,N,234.0,88.0,1.0,17.0,0.0,0.5,0.0,0.0,0.3,20.3,2.5
2.0,"2019-08-20 15:30:27.000000","2019-08-20 15:53:55.000000",2.0,2.54,1.0,N,234.0,88.0,1.0,15.0,0.0,0.5,3.66,0.0,0.3,21.96,2.5
1.0,"2019-08-20 15:36:36.000000","2019-08-20 15:57:22.000000",1.0,4.3,1.0,N,234.0,88.0,1.0,18.0,2.5,0.5,4.25,0.0,0.3,25.55,2.5
1.0,"2019-08-20 16:17:03.000000","2019-08-20 16:38:07.000000",3.0,3.2,1.0,N,234.0,88.0,2.0,15.5,3.5,0.5,0.0,0.0,0.3,19.8,2.5
1.0,"2019-08-20 16:20:08.000000","2019-08-20 16:49:41.000000",1.0,5.6,1.0,N,234.0,88.0,1.0,23.5,3.5,0.5,6.95,0.0,0.3,34.75,2.5
2.0,"2019-08-20 16:09:06.000000","2019-08-20 16:29:36.000000",2.0,2.91,1.0,N,234.0,88.0,2.0,14.5,1.0,0.5,0.0,0.0,0.3,18.8,2.5
2.0,"2019-08-20 17:06:41.000000","2019-08-20 17:37:52.000000",2.0,4.04,1.0,N,234.0,88.0,1.0,21.0,1.0,0.5,7.59,0.0,0.3,32.89,2.5
2.0,"2019-08-20 17:05:58.000000","2019-08-20 17:25:30.000000",5.0,5.2,1.0,N,234.0,88.0,1.0,18.5,1.0,0.5,4.56,0.0,0.3,27.36,2.5
2.0,"2020-04-10 06:48:49.000000","2020-04-10 07:04:43.000000",1.0,4.82,1.0,N,234.0,88.0,1.0,16.0,1.0,0.5,5.08,0.0,0.3,25.38,2.5
1.0,"2019-08-20 18:18:54.000000","2019-08-20 18:37:07.000000",1.0,5.0,1.0,N,234.0,88.0,2.0,18.0,3.5,0.5,0.0,0.0,0.3,22.3,2.5
2.0,"2019-08-20 20:05:14.000000","2019-08-20 20:32:48.000000",2.0,3.97,1.0,N,234.0,88.0,2.0,19.5,0.5,0.5,0.0,0.0,0.3,23.3,2.5
2.0,"2019-08-20 21:01:47.000000","2019-08-20 21:14:48.000000",1.0,4.83,1.0,N,234.0,88.0,1.0,16.0,0.5,0.5,3.96,0.0,0.3,23.76,2.5
2.0,"2019-08-20 22:49:48.000000","2019-08-20 23:04:12.000000",2.0,3.57,1.0,N,234.0,88.0,1.0,13.0,0.5,0.5,3.36,0.0,0.3,20.16,2.5
2.0,"2019-08-20 23:14:28.000000","2019-08-20 23:26:56.000000",3.0,4.52,1.0,N,234.0,88.0,2.0,15.5,0.5,0.5,0.0,0.0,0.3,19.3,2.5
1.0,"2019-08-20 23:22:01.000000","2019-08-20 23:45:01.000000",1.0,11.8,5.0,N,234.0,88.0,2.0,48.0,0.0,0.0,0.0,0.0,0.3,48.3,0.0
2.0,"2019-08-20 23:20:34.000000","2019-08-20 23:33:18.000000",3.0,4.95,1.0,N,234.0,88.0,1.0,16.0,0.5,0.5,3.96,0.0,0.3,23.76,2.5
2.0,"2019-08-20 23:02:41.000000","2019-08-21 00:00:00.000000",1.0,4.29,1.0,N,234.0,88.0,1.0,18.0,0.5,0.5,5.45,0.0,0.3,27.25,2.5
2.0,"2019-08-21 00:16:51.000000","2019-08-21 00:27:48.000000",1.0,2.82,1.0,N,234.0,88.0,2.0,11.0,0.5,0.5,0.0,0.0,0.3,14.8,2.5
2.0,"2019-08-21 07:14:45.000000","2019-08-21 07:25:43.000000",6.0,4.92,1.0,N,234.0,88.0,1.0,15.5,0.0,0.5,1.88,0.0,0.3,20.68,2.5
1.0,"2019-08-21 08:31:23.000000","2019-08-21 08:43:20.000000",1.0,4.2,1.0,N,234.0,88.0,1.0,14.5,2.5,0.5,1.0,0.0,0.3,18.8,2.5
2.0,"2019-08-21 08:52:08.000000","2019-08-21 09:16:16.000000",1.0,4.79,1.0,N,234.0,88.0,1.0,19.5,0.0,0.5,3.0,0.0,0.3,25.8,2.5
1.0,"2019-08-21 09:15:17.000000","2019-08-21 09:40:06.000000",1.0,5.1,1.0,N,234.0,88.0,1.0,21.5,2.5,0.5,0.0,0.0,0.3,24.8,2.5
1.0,"2019-08-21 10:26:21.000000","2019-08-21 10:53:02.000000",1.0,5.2,1.0,N,234.0,88.0,1.0,22.5,2.5,0.5,5.15,0.0,0.3,30.95,2.5
2.0,"2019-08-21 10:03:27.000000","2019-08-21 10:21:14.000000",3.0,4.91,1.0,N,234.0,88.0,2.0,18.0,0.0,0.5,0.0,0.0,0.3,21.3,2.5
2.0,"2019-08-21 11:13:51.000000","2019-08-21 11:27:22.000000",1.0,4.82,1.0,N,234.0,88.0,1.0,16.0,0.0,0.5,3.86,0.0,0.3,23.16,2.5
2.0,"2019-08-21 11:37:34.000000","2019-08-21 11:54:09.000000",1.0,4.64,1.0,N,234.0,88.0,1.0,16.5,0.0,0.5,2.97,0.0,0.3,22.77,2.5
2.0,"2019-08-21 12:14:19.000000","2019-08-21 12:40:13.000000",1.0,5.18,1.0,N,234.0,88.0,2.0,21.5,0.0,0.5,0.0,0.0,0.3,24.8,2.5
1.0,"2019-08-21 12:48:59.000000","2019-08-21 13:11:55.000000",2.0,4.8,1.0,N,234.0,88.0,1.0,20.5,2.5,0.5,7.1,0.0,0.3,30.9,2.5
2.0,"2019-08-21 12:42:45.000000","2019-08-21 12:57:11.000000",6.0,4.82,1.0,N,234.0,88.0,2.0,16.5,0.0,0.5,0.0,0.0,0.3,19.8,2.5
2.0,"2019-08-21 15:29:23.000000","2019-08-21 15:57:24.000000",1.0,4.38,1.0,N,234.0,88.0,2.0,21.5,0.0,0.5,0.0,0.0,0.3,24.8,2.5
1.0,"2019-08-21 16:57:57.000000","2019-08-21 17:15:30.000000",1.0,4.9,1.0,N,234.0,88.0,2.0,18.0,3.5,0.5,0.0,0.0,0.3,22.3,2.5
2.0,"2019-08-21 19:27:10.000000","2019-08-21 19:46:50.000000",1.0,3.11,1.0,N,234.0,88.0,1.0,14.0,1.0,0.5,3.66,0.0,0.3,21.96,2.5
2.0,"2019-08-21 20:23:36.000000","2019-08-21 20:35:37.000000",1.0,4.79,1.0,N,234.0,88.0,2.0,15.5,0.5,0.5,0.0,0.0,0.3,19.3,2.5
1.0,"2019-08-21 21:42:32.000000","2019-08-21 21:56:47.000000",1.0,5.0,1.0,N,234.0,88.0,1.0,17.0,3.0,0.5,2.7,0.0,0.3,23.5,2.5
1.0,"2019-08-21 22:26:42.000000","2019-08-21 22:43:21.000000",1.0,3.2,1.0,N,234.0,88.0,1.0,13.5,3.0,0.5,3.45,0.0,0.3,20.75,2.5
2.0,"2019-08-21 22:05:28.000000","2019-08-21 22:19:58.000000",1.0,4.59,1.0,N,234.0,88.0,1.0,16.0,0.5,0.5,5.94,0.0,0.3,25.74,2.5
2.0,"2019-08-22 00:45:32.000000","2019-08-22 00:56:08.000000",1.0,2.85,1.0,N,234.0,88.0,1.0,10.5,0.5,0.5,1.5,0.0,0.3,15.8,2.5
2.0,"2019-08-22 09:22:46.000000","2019-08-22 09:45:25.000000",1.0,2.8,1.0,N,234.0,88.0,1.0,15.0,0.0,0.5,2.0,0.0,0.3,20.3,2.5
2.0,"2019-08-22 09:54:39.000000","2019-08-22 10:19:21.000000",1.0,5.52,1.0,N,234.0,88.0,2.0,22.5,0.0,0.5,0.0,0.0,0.3,25.8,2.5
2.0,"2019-08-22 11:27:44.000000","2019-08-22 11:50:47.000000",1.0,4.96,1.0,N,234.0,88.0,1.0,20.5,0.0,0.5,4.76,0.0,0.3,28.56,2.5
2.0,"2019-08-22 10:58:33.000000","2019-08-22 11:20:51.000000",1.0,4.68,1.0,N,234.0,88.0,1.0,19.5,0.0,0.5,4.56,0.0,0.3,27.36,2.5
2.0,"2019-08-22 12:30:48.000000","2019-08-22 13:00:33.000000",3.0,3.08,1.0,N,234.0,88.0,2.0,18.5,0.0,0.5,0.0,0.0,0.3,21.8,2.5
1.0,"2019-08-22 12:48:10.000000","2019-08-22 13:07:20.000000",0.0,4.9,1.0,N,234.0,88.0,1.0,19.0,2.5,0.5,5.0,0.0,0.3,27.3,2.5
1.0,"2019-08-22 13:16:09.000000","2019-08-22 13:30:27.000000",3.0,4.8,1.0,N,234.0,88.0,1.0,16.5,2.5,0.5,1.0,0.0,0.3,20.8,2.5
2.0,"2019-08-22 13:10:34.000000","2019-08-22 13:30:22.000000",1.0,4.81,1.0,N,234.0,88.0,1.0,19.5,0.0,0.5,4.0,0.0,0.3,26.8,2.5
2.0,"2019-08-22 14:24:32.000000","2019-08-22 14:46:50.000000",2.0,2.89,1.0,N,234.0,88.0,2.0,15.5,0.0,0.5,0.0,0.0,0.3,18.8,2.5
2.0,"2019-08-22 14:05:54.000000","2019-08-22 14:24:02.000000",5.0,4.69,1.0,N,234.0,88.0,1.0,18.0,0.0,0.5,4.26,0.0,0.3,25.56,2.5
1.0,"2019-08-22 14:55:11.000000","2019-08-22 15:21:31.000000",4.0,2.9,1.0,N,234.0,88.0,1.0,16.5,2.5,0.5,0.0,0.0,0.3,19.8,2.5
1.0,"2019-08-22 17:11:46.000000","2019-08-22 17:47:28.000000",0.0,4.7,1.0,N,234.0,88.0,1.0,24.0,3.5,0.5,3.0,0.0,0.3,31.3,2.5
2.0,"2019-08-22 18:47:10.000000","2019-08-22 19:03:37.000000",1.0,3.1,1.0,N,234.0,88.0,1.0,13.0,1.0,0.5,3.46,0.0,0.3,20.76,2.5
2.0,"2019-08-22 19:51:04.000000","2019-08-22 20:07:03.000000",1.0,3.39,1.0,N,234.0,88.0,1.0,13.5,1.0,0.5,3.56,0.0,0.3,21.36,2.5
2.0,"2019-08-22 19:10:32.000000","2019-08-22 19:23:15.000000",1.0,4.4,1.0,N,234.0,88.0,2.0,15.0,1.0,0.5,0.0,0.0,0.3,19.3,2.5
1.0,"2019-08-22 19:37:48.000000","2019-08-22 19:53:10.000000",1.0,4.8,1.0,N,234.0,88.0,1.0,17.0,3.5,0.5,4.25,0.0,0.3,25.55,2.5
1.0,"2019-08-22 21:12:04.000000","2019-08-22 21:27:26.000000",2.0,3.1,1.0,N,234.0,88.0,1.0,12.5,3.0,0.5,2.5,0.0,0.3,18.8,2.5
1.0,"2019-08-22 22:23:17.000000","2019-08-22 22:39:07.000000",1.0,3.5,1.0,N,234.0,88.0,1.0,13.0,3.0,0.5,3.35,0.0,0.3,20.15,2.5
2.0,"2019-08-22 22:32:02.000000","2019-08-22 22:51:19.000000",2.0,3.93,1.0,N,234.0,88.0,2.0,16.0,0.5,0.5,0.0,0.0,0.3,19.8,2.5
2.0,"2019-08-22 23:05:33.000000","2019-08-22 23:18:27.000000",2.0,4.61,1.0,N,234.0,88.0,1.0,15.5,0.5,0.5,3.86,0.0,0.3,23.16,2.5
2.0,"2019-08-22 23:28:56.000000","2019-08-22 23:42:29.000000",1.0,4.92,1.0,N,234.0,88.0,1.0,16.0,0.5,0.5,4.95,0.0,0.3,24.75,2.5
2.0,"2019-08-22 23:47:32.000000","2019-08-23 00:05:01.000000",1.0,3.52,1.0,N,234.0,88.0,1.0,14.0,0.5,0.5,2.0,0.0,0.3,19.8,2.5
1.0,"2019-08-23 00:43:34.000000","2019-08-23 00:55:33.000000",1.0,2.6,1.0,N,234.0,88.0,1.0,11.0,3.0,0.5,2.95,0.0,0.3,17.75,2.5
1.0,"2019-08-23 08:34:29.000000","2019-08-23 08:58:37.000000",1.0,2.7,1.0,N,234.0,88.0,3.0,16.0,2.5,0.5,0.0,0.0,0.3,19.3,2.5
2.0,"2019-08-23 09:53:48.000000","2019-08-23 10:08:29.000000",1.0,4.26,1.0,N,234.0,88.0,1.0,15.5,0.0,0.5,3.76,0.0,0.3,22.56,2.5
2.0,"2019-08-23 09:32:41.000000","2019-08-23 09:51:09.000000",1.0,4.69,1.0,N,234.0,88.0,1.0,18.0,0.0,0.5,4.26,0.0,0.3,25.56,2.5
1.0,"2019-08-23 12:03:29.000000","2019-08-23 12:36:35.000000",1.0,5.2,1.0,N,234.0,88.0,1.0,24.5,2.5,0.5,5.55,0.0,0.3,33.35,2.5
1.0,"2019-08-23 13:42:19.000000","2019-08-23 14:13:46.000000",1.0,3.4,1.0,N,234.0,88.0,1.0,19.5,3.0,0.5,6.95,0.0,0.3,30.25,2.5
2.0,"2019-08-23 14:23:49.000000","2019-08-23 14:45:58.000000",1.0,4.53,1.0,N,234.0,88.0,2.0,18.5,0.0,0.5,0.0,0.0,0.3,21.8,2.5
2.0,"2019-08-23 14:02:30.000000","2019-08-23 14:22:09.000000",1.0,5.28,1.0,N,234.0,88.0,1.0,19.5,0.0,0.5,4.56,0.0,0.3,27.36,2.5
2.0,"2019-08-23 15:39:52.000000","2019-08-23 16:04:45.000000",2.0,4.84,1.0,N,234.0,88.0,1.0,20.5,0.0,0.5,4.76,0.0,0.3,28.56,2.5
2.0,"2019-08-23 20:45:38.000000","2019-08-23 21:10:30.000000",2.0,4.63,1.0,N,234.0,88.0,1.0,19.5,0.5,0.5,2.2,0.0,0.3,25.5,2.5
2.0,"2019-08-23 20:56:52.000000","2019-08-23 21:12:58.000000",1.0,4.91,1.0,N,234.0,88.0,2.0,17.0,0.5,0.5,0.0,0.0,0.3,20.8,2.5
2.0,"2019-08-23 20:56:07.000000","2019-08-23 21:18:17.000000",1.0,3.3,1.0,N,234.0,88.0,2.0,15.0,0.5,0.5,0.0,0.0,0.3,18.8,2.5
2.0,"2019-08-23 21:46:36.000000","2019-08-23 21:56:37.000000",1.0,4.83,1.0,N,234.0,88.0,1.0,15.0,0.5,0.5,2.5,0.0,0.3,21.3,2.5
2.0,"2019-08-23 21:48:58.000000","2019-08-23 22:02:42.000000",4.0,4.83,1.0,N,234.0,88.0,2.0,16.5,0.5,0.5,0.0,0.0,0.3,20.3,2.5
2.0,"2019-08-23 22:46:02.000000","2019-08-23 23:01:15.000000",2.0,4.79,1.0,N,234.0,88.0,1.0,17.0,0.5,0.5,4.16,0.0,0.3,24.96,2.5
1.0,"2019-08-23 22:23:17.000000","2019-08-23 22:38:01.000000",1.0,4.8,1.0,N,234.0,88.0,2.0,17.0,3.0,0.5,0.0,0.0,0.3,20.8,2.5
2.0,"2019-08-23 22:48:35.000000","2019-08-23 23:04:15.000000",1.0,5.14,1.0,N,234.0,88.0,2.0,17.5,0.5,0.5,0.0,0.0,0.3,21.3,2.5
1.0,"2019-08-23 23:05:03.000000","2019-08-23 23:21:25.000000",1.0,4.9,1.0,N,234.0,88.0,1.0,17.0,3.0,0.5,4.15,0.0,0.3,24.95,2.5
2.0,"2019-08-23 23:41:56.000000","2019-08-24 00:00:41.000000",1.0,3.87,1.0,N,234.0,88.0,2.0,16.0,0.5,0.5,0.0,0.0,0.3,19.8,2.5
1.0,"2019-08-24 02:23:29.000000","2019-08-24 02:43:36.000000",2.0,4.9,1.0,N,234.0,88.0,1.0,18.5,3.0,0.5,4.45,0.0,0.3,26.75,2.5
1.0,"2019-08-24 06:32:42.000000","2019-08-24 06:46:04.000000",1.0,4.0,1.0,Y,234.0,88.0,1.0,15.0,2.5,0.5,1.83,0.0,0.3,20.13,2.5
2.0,"2019-08-24 08:21:55.000000","2019-08-24 08:38:48.000000",1.0,5.02,1.0,N,234.0,88.0,1.0,17.5,0.0,0.5,79.65,0.0,0.3,100.45,2.5
1.0,"2019-08-24 09:58:47.000000","2019-08-24 10:13:17.000000",2.0,3.5,1.0,N,234.0,88.0,2.0,13.5,2.5,0.5,0.0,0.0,0.3,16.8,2.5
2.0,"2019-08-24 11:12:19.000000","2019-08-24 11:28:10.000000",3.0,4.54,1.0,N,234.0,88.0,1.0,16.0,0.0,0.5,3.86,0.0,0.3,23.16,2.5
2.0,"2019-08-24 12:07:48.000000","2019-08-25 11:42:15.000000",1.0,2.74,1.0,N,234.0,88.0,2.0,13.5,0.0,0.5,0.0,0.0,0.3,16.8,2.5
2.0,"2019-08-24 12:14:02.000000","2019-08-24 12:28:41.000000",1.0,4.69,1.0,N,234.0,88.0,2.0,16.5,0.0,0.5,0.0,0.0,0.3,19.8,2.5
1.0,"2019-08-24 12:41:41.000000","2019-08-24 13:00:09.000000",4.0,4.8,1.0,N,234.0,88.0,2.0,18.0,2.5,0.5,0.0,0.0,0.3,21.3,2.5
1.0,"2019-08-24 13:31:47.000000","2019-08-24 13:47:04.000000",0.0,2.7,1.0,N,234.0,88.0,1.0,12.0,2.5,0.5,2.3,0.0,0.3,17.6,2.5
2.0,"2019-08-24 13:39:07.000000","2019-08-24 13:55:42.000000",1.0,4.73,1.0,N,234.0,88.0,1.0,17.5,0.0,0.5,1.0,0.0,0.3,21.8,2.5
2.0,"2019-08-24 15:01:18.000000","2019-08-24 15:18:12.000000",1.0,4.97,1.0,N,234.0,88.0,2.0,18.0,0.0,0.5,0.0,0.0,0.3,21.3,2.5
1.0,"2019-08-24 15:38:28.000000","2019-08-24 16:03:42.000000",4.0,3.1,1.0,N,234.0,88.0,1.0,17.0,2.5,0.5,1.0,0.0,0.3,21.3,2.5
2.0,"2019-08-24 15:12:36.000000","2019-08-24 15:35:34.000000",1.0,4.12,1.0,N,234.0,88.0,2.0,18.5,0.0,0.5,0.0,0.0,0.3,21.8,2.5
2.0,"2019-08-24 16:05:37.000000","2019-08-24 16:21:07.000000",1.0,4.52,1.0,N,234.0,88.0,1.0,16.0,0.0,0.5,3.86,0.0,0.3,23.16,2.5
2.0,"2019-08-24 17:38:51.000000","2019-08-24 17:56:15.000000",3.0,3.88,1.0,N,234.0,88.0,2.0,15.0,0.0,0.5,0.0,0.0,0.3,18.3,2.5
2.0,"2019-08-24 17:46:23.000000","2019-08-24 18:03:12.000000",1.0,4.97,1.0,N,234.0,88.0,1.0,18.0,0.0,0.5,4.26,0.0,0.3,25.56,2.5
1.0,"2019-08-24 18:32:16.000000","2019-08-24 18:50:22.000000",1.0,3.4,1.0,N,234.0,88.0,2.0,14.0,2.5,0.5,0.0,0.0,0.3,17.3,2.5
2.0,"2019-08-24 18:31:00.000000","2019-08-24 18:46:28.000000",1.0,5.13,1.0,N,234.0,88.0,1.0,18.0,0.0,0.5,5.0,0.0,0.3,26.3,2.5
1.0,"2019-08-24 19:36:09.000000","2019-08-24 19:58:43.000000",3.0,3.3,1.0,N,234.0,88.0,1.0,15.5,2.5,0.5,3.75,0.0,0.3,22.55,2.5
2.0,"2019-08-24 22:58:18.000000","2019-08-24 23:15:28.000000",1.0,4.5,1.0,N,234.0,88.0,2.0,17.0,0.5,0.5,0.0,0.0,0.3,20.8,2.5
2.0,"2019-08-24 15:53:29.000000","2019-08-25 15:13:25.000000",1.0,3.85,1.0,N,234.0,88.0,1.0,15.5,0.5,0.5,3.86,0.0,0.3,23.16,2.5
2.0,"2019-08-24 23:06:32.000000","2019-08-24 23:23:07.000000",1.0,2.96,1.0,N,234.0,88.0,2.0,13.0,0.5,0.5,0.0,0.0,0.3,16.8,2.5
2.0,"2019-08-25 06:13:43.000000","2019-08-25 06:28:18.000000",5.0,4.92,1.0,N,234.0,88.0,2.0,17.5,0.0,0.5,0.0,0.0,0.3,20.8,2.5
2.0,"2019-08-25 09:35:42.000000","2019-08-25 09:50:03.000000",1.0,4.96,1.0,N,234.0,88.0,1.0,17.0,0.0,0.5,6.09,0.0,0.3,26.39,2.5
1.0,"2019-08-25 11:16:49.000000","2019-08-25 11:29:28.000000",2.0,4.5,1.0,N,234.0,88.0,1.0,16.0,2.5,0.5,3.85,0.0,0.3,23.15,2.5
2.0,"2019-08-25 11:27:38.000000","2019-08-25 11:40:42.000000",5.0,4.77,1.0,N,234.0,88.0,2.0,16.0,0.0,0.5,0.0,0.0,0.3,19.3,2.5
2.0,"2019-08-25 13:06:31.000000","2019-08-25 13:29:00.000000",3.0,3.53,1.0,N,234.0,88.0,1.0,16.5,0.0,0.5,1.98,0.0,0.3,21.78,2.5
2.0,"2019-08-25 13:29:23.000000","2019-08-25 13:45:55.000000",1.0,4.63,1.0,N,234.0,88.0,2.0,17.0,0.0,0.5,0.0,0.0,0.3,20.3,2.5
2.0,"2019-08-25 15:32:12.000000","2019-08-25 15:44:49.000000",3.0,4.67,1.0,N,234.0,88.0,2.0,15.5,0.0,0.5,0.0,0.0,0.3,18.8,2.5
2.0,"2019-08-25 15:45:53.000000","2019-08-25 16:06:25.000000",3.0,4.48,1.0,N,234.0,88.0,2.0,17.0,0.0,0.5,0.0,0.0,0.3,20.3,2.5
1.0,"2019-08-25 20:05:00.000000","2019-08-25 20:23:57.000000",4.0,4.6,1.0,N,234.0,88.0,2.0,18.5,3.0,0.5,0.0,0.0,0.3,22.3,2.5
1.0,"2019-08-25 22:54:43.000000","2019-08-25 23:07:42.000000",1.0,4.9,1.0,N,234.0,88.0,2.0,16.0,3.0,0.5,0.0,0.0,0.3,19.8,2.5
2.0,"2019-08-26 07:27:05.000000","2019-08-26 07:40:08.000000",2.0,2.61,1.0,N,234.0,88.0,1.0,11.0,0.0,0.5,2.86,0.0,0.3,17.16,2.5
1.0,"2019-08-26 07:30:20.000000","2019-08-26 07:41:21.000000",1.0,4.9,1.0,N,234.0,88.0,1.0,15.5,2.5,0.5,1.88,0.0,0.3,20.68,2.5
2.0,"2019-08-26 08:47:33.000000","2019-08-26 09:15:18.000000",1.0,3.04,1.0,N,234.0,88.0,1.0,17.5,0.0,0.5,4.16,0.0,0.3,24.96,2.5
2.0,"2019-08-26 09:57:47.000000","2019-08-26 10:13:46.000000",1.0,5.01,1.0,N,234.0,88.0,2.0,17.5,0.0,0.5,0.0,0.0,0.3,20.8,2.5
2.0,"2019-08-26 09:48:42.000000","2019-08-26 10:07:26.000000",1.0,4.76,1.0,N,234.0,88.0,1.0,18.5,0.0,0.5,4.36,0.0,0.3,26.16,2.5
2.0,"2019-08-26 09:13:10.000000","2019-08-26 09:30:17.000000",1.0,4.69,1.0,N,234.0,88.0,1.0,18.0,0.0,0.5,4.26,0.0,0.3,25.56,2.5
2.0,"2019-08-26 10:49:43.000000","2019-08-26 11:08:55.000000",1.0,5.11,1.0,N,234.0,88.0,1.0,19.0,0.0,0.5,4.46,0.0,0.3,26.76,2.5
2.0,"2019-08-26 11:37:20.000000","2019-08-26 11:51:33.000000",1.0,4.54,1.0,N,234.0,88.0,1.0,16.0,0.0,0.5,5.79,0.0,0.3,25.09,2.5
2.0,"2019-08-26 11:01:08.000000","2019-08-26 11:19:14.000000",1.0,2.57,1.0,N,234.0,88.0,2.0,13.0,0.0,0.5,0.0,0.0,0.3,16.3,2.5
2.0,"2019-08-26 13:18:44.000000","2019-08-26 13:33:17.000000",1.0,4.8,1.0,N,234.0,88.0,1.0,17.0,0.0,0.5,5.08,0.0,0.3,25.38,2.5
1.0,"2019-08-26 13:10:03.000000","2019-08-26 13:26:11.000000",0.0,4.8,1.0,N,234.0,88.0,2.0,18.0,2.5,0.5,0.0,0.0,0.3,21.3,2.5
1.0,"2019-08-26 14:31:58.000000","2019-08-26 14:46:51.000000",1.0,4.6,1.0,N,234.0,88.0,2.0,16.0,2.5,0.5,0.0,0.0,0.3,19.3,2.5
1.0,"2019-08-26 14:45:03.000000","2019-08-26 15:03:25.000000",1.0,4.8,1.0,N,234.0,88.0,1.0,17.5,2.5,0.5,4.15,0.0,0.3,24.95,2.5
2.0,"2019-08-26 15:26:01.000000","2019-08-26 15:40:17.000000",1.0,4.78,1.0,N,234.0,88.0,2.0,16.0,0.0,0.5,0.0,0.0,0.3,19.3,2.5
1.0,"2019-08-26 17:52:47.000000","2019-08-26 18:11:00.000000",2.0,2.8,1.0,N,234.0,88.0,1.0,13.0,3.5,0.5,2.6,0.0,0.3,19.9,2.5
1.0,"2019-08-26 17:03:52.000000","2019-08-26 17:30:26.000000",0.0,3.5,1.0,N,234.0,88.0,1.0,18.5,3.5,0.5,4.55,0.0,0.3,27.35,2.5
2.0,"2019-08-26 18:40:57.000000","2019-08-26 19:00:31.000000",1.0,3.11,1.0,N,234.0,88.0,1.0,14.5,1.0,0.5,1.5,0.0,0.3,20.3,2.5
2.0,"2019-08-26 19:42:29.000000","2019-08-26 19:56:47.000000",1.0,4.52,1.0,N,234.0,88.0,1.0,15.5,1.0,0.5,2.0,0.0,0.3,21.8,2.5
1.0,"2019-08-26 19:42:04.000000","2019-08-26 19:54:19.000000",1.0,4.4,1.0,N,234.0,88.0,1.0,15.0,3.5,0.5,2.9,0.0,0.3,22.2,2.5
2.0,"2019-08-26 20:05:03.000000","2019-08-26 20:21:28.000000",1.0,3.39,1.0,N,234.0,88.0,1.0,13.5,0.5,0.5,4.32,0.0,0.3,21.62,2.5
2.0,"2019-08-26 20:21:08.000000","2019-08-26 20:33:12.000000",1.0,2.8,1.0,N,234.0,88.0,1.0,11.0,0.5,0.5,3.7,0.0,0.3,18.5,2.5
2.0,"2019-08-26 20:56:38.000000","2019-08-26 21:26:55.000000",1.0,6.99,1.0,N,234.0,88.0,1.0,26.5,0.5,0.5,6.06,0.0,0.3,36.36,2.5
2.0,"2019-08-26 21:15:36.000000","2019-08-26 21:30:00.000000",2.0,5.02,1.0,N,234.0,88.0,1.0,17.0,0.5,0.5,4.16,0.0,0.3,24.96,2.5
2.0,"2019-08-26 21:27:25.000000","2019-08-26 21:43:56.000000",1.0,3.42,1.0,N,234.0,88.0,1.0,13.5,0.5,0.5,2.5,0.0,0.3,19.8,2.5
2.0,"2019-08-26 22:34:24.000000","2019-08-26 22:49:34.000000",1.0,5.1,1.0,N,234.0,88.0,1.0,17.0,0.5,0.5,5.2,0.0,0.3,26.0,2.5
2.0,"2019-08-26 22:29:13.000000","2019-08-26 22:41:49.000000",2.0,4.67,1.0,N,234.0,88.0,2.0,15.5,0.5,0.5,0.0,0.0,0.3,19.3,2.5
2.0,"2019-08-26 23:51:22.000000","2019-08-27 00:08:44.000000",2.0,4.74,1.0,N,234.0,88.0,2.0,17.0,0.5,0.5,0.0,0.0,0.3,20.8,2.5
2.0,"2019-08-27 02:46:42.000000","2019-08-27 02:54:49.000000",1.0,3.15,1.0,N,234.0,88.0,1.0,10.5,0.5,0.5,1.0,0.0,0.3,15.3,2.5
2.0,"2019-08-27 02:32:23.000000","2019-08-27 02:42:41.000000",2.0,4.59,1.0,N,234.0,88.0,1.0,14.5,0.5,0.5,5.49,0.0,0.3,23.79,2.5
2.0,"2019-08-27 08:47:40.000000","2019-08-27 09:00:56.000000",1.0,4.27,1.0,N,234.0,88.0,1.0,15.5,0.0,0.5,3.76,0.0,0.3,22.56,2.5
2.0,"2019-08-27 08:30:19.000000","2019-08-27 08:47:45.000000",2.0,4.77,1.0,N,234.0,88.0,2.0,17.5,0.0,0.5,0.0,0.0,0.3,20.8,2.5
1.0,"2019-08-27 08:24:14.000000","2019-08-27 08:47:20.000000",1.0,4.6,1.0,N,234.0,88.0,2.0,20.5,2.5,0.5,0.0,0.0,0.3,23.8,2.5
2.0,"2019-08-27 09:59:42.000000","2019-08-27 10:22:10.000000",1.0,4.7,1.0,N,234.0,88.0,1.0,20.0,0.0,0.5,4.66,0.0,0.3,27.96,2.5
2.0,"2019-08-27 09:38:46.000000","2019-08-27 09:59:11.000000",1.0,4.91,1.0,N,234.0,88.0,2.0,19.0,0.0,0.5,0.0,0.0,0.3,22.3,2.5
1.0,"2019-08-27 10:43:05.000000","2019-08-27 11:05:01.000000",1.0,5.1,1.0,N,234.0,88.0,2.0,20.0,2.5,0.5,0.0,0.0,0.3,23.3,2.5
2.0,"2019-08-27 12:43:00.000000","2019-08-27 13:01:45.000000",1.0,4.16,1.0,N,234.0,88.0,2.0,16.0,0.0,0.5,0.0,0.0,0.3,19.3,2.5
1.0,"2019-08-27 12:12:31.000000","2019-08-27 12:31:22.000000",1.0,4.3,1.0,N,234.0,88.0,1.0,18.0,2.5,0.5,2.0,0.0,0.3,23.3,2.5
2.0,"2019-08-27 12:11:34.000000","2019-08-27 12:29:24.000000",1.0,4.96,1.0,N,234.0,88.0,1.0,18.0,0.0,0.5,4.26,0.0,0.3,25.56,2.5
2.0,"2019-08-27 13:43:26.000000","2019-08-27 13:59:20.000000",1.0,4.94,1.0,N,234.0,88.0,2.0,17.5,0.0,0.5,0.0,0.0,0.3,20.8,2.5
1.0,"2019-08-27 14:14:10.000000","2019-08-27 14:29:08.000000",1.0,4.5,1.0,N,234.0,88.0,1.0,16.5,2.5,0.5,0.0,0.0,0.3,19.8,2.5
1.0,"2019-08-27 15:29:39.000000","2019-08-27 15:50:30.000000",1.0,4.9,1.0,N,234.0,88.0,1.0,18.5,2.5,0.5,3.0,0.0,0.3,24.8,2.5
2.0,"2019-08-27 17:43:35.000000","2019-08-27 18:13:16.000000",1.0,4.5,1.0,N,234.0,88.0,1.0,20.0,1.0,0.5,4.86,0.0,0.3,29.16,2.5
2.0,"2019-08-27 17:43:38.000000","2019-08-27 18:09:29.000000",2.0,3.56,1.0,N,234.0,88.0,2.0,17.5,1.0,0.5,0.0,0.0,0.3,21.8,2.5
2.0,"2019-08-27 18:11:31.000000","2019-08-27 18:33:36.000000",2.0,4.99,1.0,N,234.0,88.0,1.0,18.0,1.0,0.5,4.46,0.0,0.3,26.76,2.5
2.0,"2019-08-27 18:01:47.000000","2019-08-27 18:26:19.000000",1.0,4.62,1.0,N,234.0,88.0,1.0,18.0,1.0,0.5,1.2,0.0,0.3,23.5,2.5
2.0,"2019-08-27 19:24:07.000000","2019-08-27 19:40:30.000000",1.0,4.5,1.0,N,234.0,88.0,1.0,17.0,1.0,0.5,5.32,0.0,0.3,26.62,2.5
2.0,"2019-08-27 19:41:45.000000","2019-08-27 20:01:06.000000",1.0,5.04,1.0,N,234.0,88.0,1.0,19.5,1.0,0.5,4.76,0.0,0.3,28.56,2.5
1.0,"2019-08-27 20:00:55.000000","2019-08-27 20:17:17.000000",1.0,3.1,1.0,N,234.0,88.0,1.0,13.0,3.0,0.5,3.35,0.0,0.3,20.15,2.5
2.0,"2019-08-27 21:42:01.000000","2019-08-27 21:57:00.000000",4.0,3.38,1.0,N,234.0,88.0,1.0,12.5,0.5,0.5,4.08,0.0,0.3,20.38,2.5
2.0,"2019-08-27 22:38:52.000000","2019-08-27 23:00:53.000000",2.0,3.94,1.0,N,234.0,88.0,1.0,16.5,0.5,0.5,2.0,0.0,0.3,22.3,2.5
1.0,"2019-08-27 23:14:36.000000","2019-08-27 23:33:47.000000",1.0,5.1,1.0,N,234.0,88.0,1.0,19.0,3.0,0.5,4.0,0.0,0.3,26.8,2.5
2.0,"2019-08-28 08:29:07.000000","2019-08-28 08:52:03.000000",1.0,2.8,1.0,N,234.0,88.0,1.0,15.5,0.0,0.5,1.2,0.0,0.3,20.0,2.5
2.0,"2019-08-28 08:15:53.000000","2019-08-28 08:35:54.000000",1.0,4.87,1.0,N,234.0,88.0,1.0,19.0,0.0,0.5,4.46,0.0,0.3,26.76,2.5
1.0,"2019-08-28 09:20:50.000000","2019-08-28 09:42:40.000000",3.0,4.9,1.0,N,234.0,88.0,1.0,20.0,2.5,0.5,4.65,0.0,0.3,27.95,2.5
2.0,"2019-08-28 10:53:27.000000","2019-08-28 11:13:56.000000",6.0,5.26,1.0,N,234.0,88.0,1.0,19.5,0.0,0.5,0.0,0.0,0.3,22.8,2.5
1.0,"2019-08-28 10:45:30.000000","2019-08-28 11:07:45.000000",1.0,3.7,1.0,N,234.0,88.0,1.0,17.0,2.5,0.5,4.05,0.0,0.3,24.35,2.5
2.0,"2019-08-28 11:03:04.000000","2019-08-28 11:16:50.000000",1.0,4.62,1.0,N,234.0,88.0,1.0,16.5,0.0,0.5,2.97,0.0,0.3,22.77,2.5
2.0,"2019-08-28 13:58:24.000000","2019-08-28 14:17:14.000000",1.0,5.17,1.0,N,234.0,88.0,2.0,18.5,0.0,0.5,0.0,0.0,0.3,21.8,2.5
1.0,"2019-08-28 14:04:16.000000","2019-08-28 14:33:53.000000",1.0,4.5,1.0,N,234.0,88.0,1.0,21.5,2.5,0.5,4.95,0.0,0.3,29.75,2.5
2.0,"2019-08-28 14:35:49.000000","2019-08-28 14:53:53.000000",1.0,4.93,1.0,N,234.0,88.0,1.0,17.5,0.0,0.5,4.16,0.0,0.3,24.96,2.5
2.0,"2019-08-28 16:18:08.000000","2019-08-28 16:53:45.000000",1.0,3.2,1.0,N,234.0,88.0,1.0,20.0,1.0,0.5,6.08,0.0,0.3,30.38,2.5
1.0,"2019-08-28 20:53:02.000000","2019-08-28 21:14:56.000000",0.0,4.7,1.0,N,234.0,88.0,1.0,18.0,3.0,0.5,4.0,0.0,0.3,25.8,2.5
2.0,"2019-08-28 21:55:47.000000","2019-08-28 22:12:39.000000",2.0,3.15,1.0,N,234.0,88.0,1.0,13.5,0.5,0.5,1.1,0.0,0.3,18.4,2.5
2.0,"2019-08-28 22:28:10.000000","2019-08-28 22:40:10.000000",1.0,3.14,1.0,N,234.0,88.0,1.0,11.5,0.5,0.5,2.7,0.0,0.3,18.0,2.5
2.0,"2019-08-29 07:50:35.000000","2019-08-29 08:01:32.000000",1.0,4.33,1.0,N,234.0,88.0,2.0,14.5,0.0,0.5,0.0,0.0,0.3,17.8,2.5
2.0,"2019-08-29 08:24:05.000000","2019-08-29 08:37:14.000000",1.0,4.81,1.0,N,234.0,88.0,1.0,15.5,0.0,0.5,3.76,0.0,0.3,22.56,2.5
2.0,"2019-08-29 08:45:34.000000","2019-08-29 09:12:58.000000",1.0,5.66,1.0,N,234.0,88.0,1.0,24.0,0.0,0.5,5.46,0.0,0.3,32.76,2.5
2.0,"2019-08-29 10:59:37.000000","2019-08-29 11:15:34.000000",5.0,4.43,1.0,N,234.0,88.0,1.0,16.5,0.0,0.5,5.94,0.0,0.3,25.74,2.5
2.0,"2019-08-29 10:48:30.000000","2019-08-29 11:07:55.000000",5.0,4.86,1.0,N,234.0,88.0,1.0,18.0,0.0,0.5,5.32,0.0,0.3,26.62,2.5
1.0,"2019-08-29 10:44:27.000000","2019-08-29 11:05:35.000000",1.0,5.2,1.0,N,234.0,88.0,1.0,19.5,2.5,0.5,6.8,0.0,0.3,29.6,2.5
2.0,"2019-08-29 11:04:26.000000","2019-08-29 11:27:05.000000",1.0,5.03,1.0,N,234.0,88.0,1.0,20.0,0.0,0.5,1.11,0.0,0.3,24.41,2.5
1.0,"2019-08-29 12:49:24.000000","2019-08-29 13:06:21.000000",1.0,4.6,1.0,N,234.0,88.0,1.0,16.5,2.5,0.5,3.95,0.0,0.3,23.75,2.5
2.0,"2019-08-29 12:26:14.000000","2019-08-29 12:43:31.000000",2.0,4.79,1.0,N,234.0,88.0,1.0,17.5,0.0,0.5,4.16,0.0,0.3,24.96,2.5
2.0,"2019-08-29 13:36:42.000000","2019-08-29 14:03:08.000000",1.0,4.98,1.0,N,234.0,88.0,2.0,21.5,0.0,0.5,0.0,0.0,0.3,24.8,2.5
2.0,"2019-08-29 13:39:46.000000","2019-08-29 14:00:15.000000",2.0,4.92,1.0,N,234.0,88.0,1.0,19.0,0.0,0.5,3.0,0.0,0.3,25.3,2.5
1.0,"2019-08-29 13:49:13.000000","2019-08-29 14:06:28.000000",0.0,4.1,1.0,N,234.0,88.0,1.0,16.0,2.5,0.5,3.85,0.0,0.3,23.15,2.5
2.0,"2019-08-29 17:35:40.000000","2019-08-29 18:10:32.000000",5.0,4.77,1.0,N,234.0,88.0,1.0,23.0,1.0,0.5,1.0,0.0,0.3,28.3,2.5
2.0,"2019-08-29 22:13:00.000000","2019-08-29 22:26:32.000000",2.0,4.72,1.0,N,234.0,88.0,1.0,15.5,0.5,0.5,3.86,0.0,0.3,23.16,2.5
1.0,"2019-08-29 23:59:20.000000","2019-08-30 00:20:06.000000",1.0,4.6,1.0,N,234.0,88.0,1.0,18.0,3.0,0.5,4.35,0.0,0.3,26.15,2.5
1.0,"2019-08-30 00:30:40.000000","2019-08-30 00:49:38.000000",1.0,4.0,1.0,N,234.0,88.0,1.0,15.5,3.0,0.5,3.0,0.0,0.3,22.3,2.5
2.0,"2019-08-30 05:37:18.000000","2019-08-30 06:00:27.000000",1.0,7.1,1.0,N,234.0,88.0,2.0,23.0,0.5,0.5,0.0,0.0,0.3,26.8,2.5
2.0,"2019-08-30 07:50:16.000000","2019-08-30 08:11:13.000000",1.0,3.52,1.0,N,234.0,88.0,1.0,15.0,0.0,0.5,2.0,0.0,0.3,20.3,2.5
1.0,"2019-08-30 07:48:44.000000","2019-08-30 08:02:24.000000",1.0,4.4,1.0,N,234.0,88.0,1.0,15.5,2.5,0.5,3.75,0.0,0.3,22.55,2.5
1.0,"2019-08-30 07:50:00.000000","2019-08-30 08:02:24.000000",1.0,4.1,1.0,N,234.0,88.0,2.0,14.5,2.5,0.5,0.0,0.0,0.3,17.8,2.5
2.0,"2019-08-30 08:31:27.000000","2019-08-30 08:48:55.000000",1.0,4.76,1.0,N,234.0,88.0,2.0,18.0,0.0,0.5,0.0,0.0,0.3,21.3,2.5
2.0,"2019-08-30 11:59:26.000000","2019-08-30 12:21:25.000000",1.0,4.88,1.0,N,234.0,88.0,2.0,20.0,0.0,0.5,0.0,0.0,0.3,23.3,2.5
1.0,"2019-08-30 12:38:28.000000","2019-08-30 12:54:01.000000",1.0,4.9,1.0,N,234.0,88.0,1.0,17.0,2.5,0.5,3.0,0.0,0.3,23.3,2.5
2.0,"2019-08-30 12:29:17.000000","2019-08-30 12:47:36.000000",2.0,4.83,1.0,N,234.0,88.0,2.0,18.0,0.0,0.5,0.0,0.0,0.3,21.3,2.5
1.0,"2019-08-30 13:12:44.000000","2019-08-30 13:32:08.000000",1.0,4.8,1.0,N,234.0,88.0,1.0,17.5,2.5,0.5,5.2,0.0,0.3,26.0,2.5
1.0,"2019-08-30 15:33:08.000000","2019-08-30 15:52:20.000000",1.0,5.0,1.0,N,234.0,88.0,1.0,19.0,2.5,0.5,4.45,0.0,0.3,26.75,2.5
1.0,"2019-08-30 16:17:39.000000","2019-08-30 16:35:17.000000",1.0,4.5,1.0,N,234.0,88.0,1.0,17.0,3.5,0.5,5.3,0.0,0.3,26.6,2.5
2.0,"2019-08-30 17:32:53.000000","2019-08-30 17:50:39.000000",1.0,3.64,1.0,N,234.0,88.0,2.0,14.5,1.0,0.5,0.0,0.0,0.3,18.8,2.5
1.0,"2019-08-30 18:16:32.000000","2019-08-30 18:40:10.000000",1.0,3.2,1.0,N,234.0,88.0,1.0,16.0,3.5,0.5,4.05,0.0,0.3,24.35,2.5
1.0,"2019-08-30 20:38:10.000000","2019-08-30 20:52:26.000000",1.0,4.9,1.0,N,234.0,88.0,1.0,16.5,3.0,0.5,4.05,0.0,0.3,24.35,2.5
2.0,"2019-08-30 22:21:06.000000","2019-08-30 22:33:17.000000",1.0,4.53,1.0,N,234.0,88.0,1.0,15.5,0.5,0.5,4.82,0.0,0.3,24.12,2.5
1.0,"2019-08-30 22:42:50.000000","2019-08-30 23:04:35.000000",2.0,4.9,1.0,N,234.0,88.0,1.0,19.0,3.0,0.5,0.0,0.0,0.3,22.8,2.5
1.0,"2019-08-30 23:31:35.000000","2019-08-30 23:47:50.000000",1.0,4.6,1.0,N,234.0,88.0,1.0,17.0,3.0,0.5,2.0,0.0,0.3,22.8,2.5
2.0,"2019-08-31 03:50:49.000000","2019-08-31 04:04:46.000000",2.0,3.45,1.0,N,234.0,88.0,2.0,12.5,0.5,0.5,0.0,0.0,0.3,16.3,2.5
2.0,"2019-08-31 03:37:54.000000","2019-08-31 03:51:07.000000",1.0,4.7,1.0,N,234.0,88.0,2.0,15.5,0.5,0.5,0.0,0.0,0.3,19.3,2.5
2.0,"2019-08-31 09:34:30.000000","2019-08-31 09:47:29.000000",2.0,4.79,1.0,N,234.0,88.0,1.0,16.5,0.0,0.5,3.96,0.0,0.3,23.76,2.5
2.0,"2019-08-31 09:19:28.000000","2019-08-31 09:32:09.000000",1.0,3.0,1.0,N,234.0,88.0,1.0,11.5,0.0,0.5,2.0,0.0,0.3,16.8,2.5
2.0,"2019-08-31 10:46:05.000000","2019-08-31 11:07:03.000000",2.0,4.61,1.0,N,234.0,88.0,2.0,18.5,0.0,0.5,0.0,0.0,0.3,21.8,2.5
2.0,"2019-08-31 10:42:41.000000","2019-08-31 10:55:04.000000",2.0,4.69,1.0,N,234.0,88.0,2.0,15.0,0.0,0.5,0.0,0.0,0.3,18.3,2.5
2.0,"2019-08-31 10:45:27.000000","2019-08-31 11:01:00.000000",6.0,4.35,1.0,N,234.0,88.0,2.0,16.0,0.0,0.5,0.0,0.0,0.3,19.3,2.5
1.0,"2019-08-31 11:25:05.000000","2019-08-31 11:39:40.000000",2.0,4.8,1.0,N,234.0,88.0,1.0,17.0,2.5,0.5,4.05,0.0,0.3,24.35,2.5
2.0,"2019-08-31 11:42:45.000000","2019-08-31 11:55:30.000000",1.0,5.28,1.0,N,234.0,88.0,1.0,17.0,0.0,0.5,0.0,0.0,0.3,20.3,2.5
1.0,"2019-08-31 15:37:40.000000","2019-08-31 15:56:07.000000",1.0,3.7,1.0,N,234.0,88.0,1.0,15.0,2.5,0.5,2.0,0.0,0.3,20.3,2.5
1.0,"2019-08-31 16:24:22.000000","2019-08-31 16:40:47.000000",2.0,2.8,1.0,N,234.0,88.0,2.0,12.5,2.5,0.5,0.0,0.0,0.3,15.8,2.5
2.0,"2019-08-31 17:09:30.000000","2019-08-31 17:29:51.000000",4.0,3.99,1.0,N,234.0,88.0,2.0,16.5,0.0,0.5,0.0,0.0,0.3,19.8,2.5
2.0,"2019-08-31 17:02:33.000000","2019-08-31 17:13:51.000000",1.0,4.61,1.0,N,234.0,88.0,1.0,15.0,0.0,0.5,3.66,0.0,0.3,21.96,2.5
1.0,"2019-08-31 19:36:12.000000","2019-08-31 19:52:41.000000",1.0,4.9,1.0,N,234.0,88.0,2.0,17.5,2.5,0.5,0.0,0.0,0.3,20.8,2.5
2.0,"2019-08-31 21:35:09.000000","2019-08-31 21:48:59.000000",3.0,4.63,1.0,N,234.0,88.0,1.0,16.0,0.5,0.5,3.96,0.0,0.3,23.76,2.5
2.0,"2019-08-31 22:26:23.000000","2019-08-31 22:40:22.000000",2.0,4.85,1.0,N,234.0,88.0,1.0,16.5,0.5,0.5,4.06,0.0,0.3,24.36,2.5
2.0,"2019-08-31 22:03:33.000000","2019-08-31 22:17:23.000000",1.0,4.73,1.0,N,234.0,88.0,1.0,16.5,0.5,0.5,1.0,0.0,0.3,21.3,2.5
2.0,"2019-08-31 23:33:22.000000","2019-08-31 23:45:18.000000",2.0,3.07,1.0,N,234.0,88.0,1.0,11.5,0.5,0.5,3.82,0.0,0.3,19.12,2.5
2.0,"2019-08-31 23:08:58.000000","2019-09-01 22:58:46.000000",5.0,4.8,1.0,N,234.0,88.0,1.0,16.5,0.5,0.5,0.0,0.0,0.3,20.3,2.5
2.0,"2019-08-31 23:48:22.000000","2019-09-01 00:01:38.000000",1.0,2.88,1.0,N,234.0,88.0,1.0,11.0,0.5,0.5,4.44,0.0,0.3,19.24,2.5
