2.0,"2019-08-01 11:08:55.000000","2019-08-01 11:33:52.000000",3.0,4.63,1.0,N,234.0,97.0,1.0,19.0,0.0,0.5,4.0,0.0,0.3,26.3,2.5
2.0,"2019-08-01 13:38:14.000000","2019-08-01 14:12:46.000000",1.0,4.89,1.0,N,234.0,97.0,1.0,24.0,0.0,0.5,6.82,0.0,0.3,34.12,2.5
1.0,"2019-08-01 15:14:36.000000","2019-08-01 15:43:05.000000",1.0,4.0,1.0,N,234.0,97.0,2.0,20.0,2.5,0.5,0.0,0.0,0.3,23.3,2.5
2.0,"2019-08-01 16:32:26.000000","2019-08-01 17:07:21.000000",1.0,4.53,1.0,N,234.0,97.0,1.0,22.5,1.0,0.5,5.36,0.0,0.3,32.16,2.5
1.0,"2019-08-01 16:46:11.000000","2019-08-01 17:13:50.000000",1.0,3.7,1.0,N,234.0,97.0,1.0,18.5,3.5,0.5,3.2,0.0,0.3,26.0,2.5
2.0,"2019-08-01 16:52:08.000000","2019-08-01 17:30:55.000000",1.0,4.3,1.0,N,234.0,97.0,2.0,24.5,1.0,0.5,0.0,0.0,0.3,28.8,2.5
2.0,"2019-08-01 21:01:32.000000","2019-08-01 21:23:56.000000",1.0,4.68,1.0,N,234.0,97.0,2.0,18.0,0.5,0.5,0.0,0.0,0.3,21.8,2.5
2.0,"2019-08-01 21:27:53.000000","2019-08-01 21:53:48.000000",1.0,4.93,1.0,N,234.0,97.0,1.0,20.0,0.5,0.5,4.76,0.0,0.3,28.56,2.5
2.0,"2019-08-01 21:25:42.000000","2019-08-01 21:44:55.000000",1.0,4.01,1.0,N,234.0,97.0,1.0,15.5,0.5,0.5,1.8,0.0,0.3,21.1,2.5
2.0,"2019-08-01 22:33:21.000000","2019-08-01 22:59:30.000000",5.0,4.6,1.0,N,234.0,97.0,1.0,19.0,0.5,0.5,3.08,0.0,0.3,25.88,2.5
1.0,"2019-08-01 23:02:33.000000","2019-08-01 23:24:44.000000",1.0,4.7,1.0,N,234.0,97.0,1.0,18.5,3.0,0.5,4.45,0.0,0.3,26.75,2.5
1.0,"2019-08-01 23:06:47.000000","2019-08-01 23:30:01.000000",1.0,4.9,1.0,N,234.0,97.0,1.0,18.5,3.0,0.5,4.45,0.0,0.3,26.75,2.5
1.0,"2019-08-02 02:02:49.000000","2019-08-02 02:22:14.000000",1.0,4.6,1.0,N,234.0,97.0,1.0,17.5,3.0,0.5,2.7,0.0,0.3,24.0,2.5
1.0,"2019-08-02 10:39:00.000000","2019-08-02 11:07:42.000000",1.0,4.6,1.0,Y,234.0,97.0,1.0,20.5,2.5,0.5,3.0,0.0,0.3,26.8,2.5
2.0,"2019-08-02 22:04:17.000000","2019-08-02 22:33:27.000000",2.0,4.53,1.0,N,234.0,97.0,1.0,20.5,0.5,0.5,6.08,0.0,0.3,30.38,2.5
1.0,"2019-08-02 23:19:32.000000","2019-08-02 23:43:06.000000",1.0,4.4,1.0,N,234.0,97.0,1.0,18.5,3.0,0.5,4.45,0.0,0.3,26.75,2.5
1.0,"2019-08-03 00:22:41.000000","2019-08-03 00:43:46.000000",1.0,4.7,1.0,N,234.0,97.0,1.0,18.0,3.0,0.5,4.35,0.0,0.3,26.15,2.5
1.0,"2019-08-03 02:01:41.000000","2019-08-03 02:18:34.000000",1.0,3.9,1.0,N,234.0,97.0,1.0,15.5,3.0,0.5,1.0,0.0,0.3,20.3,2.5
1.0,"2019-08-03 23:06:08.000000","2019-08-03 23:31:20.000000",1.0,4.0,1.0,N,234.0,97.0,1.0,18.0,3.0,0.5,4.35,0.0,0.3,26.15,2.5
1.0,"2019-08-04 03:25:10.000000","2019-08-04 03:47:18.000000",1.0,4.6,1.0,N,234.0,97.0,1.0,18.5,3.0,0.5,2.7,0.0,0.3,25.0,2.5
2.0,"2019-08-04 10:26:40.000000","2019-08-04 10:49:52.000000",2.0,6.79,1.0,N,234.0,97.0,1.0,23.5,0.0,0.5,5.36,0.0,0.3,32.16,2.5
1.0,"2019-08-04 18:29:43.000000","2019-08-04 18:57:18.000000",1.0,4.3,1.0,Y,234.0,97.0,2.0,19.5,2.5,0.5,0.0,0.0,0.3,22.8,2.5
1.0,"2019-08-04 22:59:37.000000","2019-08-04 23:24:41.000000",1.0,5.0,1.0,N,234.0,97.0,1.0,19.5,3.0,0.5,3.0,0.0,0.3,26.3,2.5
2.0,"2019-08-04 22:15:16.000000","2019-08-04 22:38:12.000000",6.0,4.34,1.0,N,234.0,97.0,1.0,18.5,0.5,0.5,5.58,0.0,0.3,27.88,2.5
2.0,"2019-08-04 23:56:20.000000","2019-08-05 00:13:34.000000",3.0,4.97,1.0,N,234.0,97.0,1.0,17.5,0.5,0.5,2.7,0.0,0.3,24.0,2.5
2.0,"2019-08-05 11:41:27.000000","2019-08-05 12:11:16.000000",6.0,4.81,1.0,N,234.0,97.0,1.0,21.5,0.0,0.5,3.0,0.0,0.3,27.8,2.5
1.0,"2019-08-05 16:50:34.000000","2019-08-05 17:20:10.000000",1.0,4.5,1.0,N,234.0,97.0,1.0,20.0,3.5,0.5,2.0,0.0,0.3,26.3,2.5
2.0,"2019-08-05 20:09:41.000000","2019-08-05 20:29:54.000000",2.0,4.69,1.0,N,234.0,97.0,1.0,18.0,0.5,0.5,5.45,0.0,0.3,27.25,2.5
1.0,"2019-08-05 23:55:55.000000","2019-08-06 00:18:25.000000",1.0,4.6,1.0,N,234.0,97.0,1.0,17.5,3.0,0.5,4.25,0.0,0.3,25.55,2.5
2.0,"2019-08-05 23:02:45.000000","2019-08-05 23:26:22.000000",1.0,6.55,1.0,N,234.0,97.0,1.0,23.0,0.5,0.5,6.7,0.0,0.3,33.5,2.5
2.0,"2019-08-06 17:28:26.000000","2019-08-06 17:54:31.000000",1.0,4.52,1.0,N,234.0,97.0,1.0,20.0,1.0,0.5,4.86,0.0,0.3,29.16,2.5
2.0,"2019-08-06 17:34:01.000000","2019-08-06 17:57:20.000000",1.0,3.72,1.0,N,234.0,97.0,1.0,17.5,1.0,0.5,4.36,0.0,0.3,26.16,2.5
2.0,"2019-08-06 18:48:27.000000","2019-08-06 19:09:57.000000",2.0,4.54,1.0,N,234.0,97.0,1.0,17.5,1.0,0.5,4.36,0.0,0.3,26.16,2.5
1.0,"2019-08-06 18:44:42.000000","2019-08-06 19:10:46.000000",0.0,4.7,1.0,N,234.0,97.0,1.0,20.0,3.5,0.5,4.85,0.0,0.3,29.15,2.5
2.0,"2019-08-06 19:34:55.000000","2019-08-06 19:59:24.000000",1.0,4.96,1.0,N,234.0,97.0,2.0,19.5,1.0,0.5,0.0,0.0,0.3,23.8,2.5
2.0,"2019-08-06 20:48:21.000000","2019-08-06 21:12:25.000000",5.0,4.36,1.0,N,234.0,97.0,1.0,18.0,0.5,0.5,5.45,0.0,0.3,27.25,2.5
1.0,"2019-08-06 21:14:39.000000","2019-08-06 21:42:28.000000",1.0,5.5,1.0,N,234.0,97.0,1.0,21.5,3.0,0.5,6.3,0.0,0.3,31.6,2.5
2.0,"2019-08-06 21:39:52.000000","2019-08-06 22:00:30.000000",2.0,5.23,1.0,N,234.0,97.0,1.0,18.0,0.5,0.5,2.0,0.0,0.3,23.8,2.5
2.0,"2019-08-06 21:15:39.000000","2019-08-06 21:39:42.000000",1.0,4.85,1.0,N,234.0,97.0,1.0,19.0,0.5,0.5,4.56,0.0,0.3,27.36,2.5
2.0,"2019-08-06 23:16:37.000000","2019-08-06 23:41:23.000000",1.0,4.22,1.0,N,234.0,97.0,1.0,19.0,0.5,0.5,3.0,0.0,0.3,25.8,2.5
2.0,"2019-08-07 00:01:11.000000","2019-08-07 00:17:23.000000",1.0,3.99,1.0,N,234.0,97.0,1.0,14.5,0.5,0.5,1.0,0.0,0.3,19.3,2.5
1.0,"2019-08-07 14:06:35.000000","2019-08-07 14:36:27.000000",1.0,4.1,1.0,N,234.0,97.0,1.0,20.5,2.5,0.5,4.75,0.0,0.3,28.55,2.5
2.0,"2019-08-07 14:31:16.000000","2019-08-07 15:05:08.000000",1.0,5.42,1.0,N,234.0,97.0,1.0,23.5,0.0,0.5,5.36,0.0,0.3,32.16,2.5
2.0,"2019-08-07 16:08:10.000000","2019-08-07 16:39:20.000000",3.0,3.98,1.0,N,234.0,97.0,1.0,20.0,0.0,0.5,5.82,0.0,0.3,29.12,2.5
2.0,"2019-08-07 17:13:01.000000","2019-08-07 17:50:02.000000",1.0,4.39,1.0,N,234.0,97.0,1.0,23.5,1.0,0.5,3.0,0.0,0.3,30.8,2.5
1.0,"2019-08-07 18:56:33.000000","2019-08-07 19:35:43.000000",1.0,5.2,1.0,N,234.0,97.0,1.0,25.5,3.5,0.5,7.45,0.0,0.3,37.25,2.5
2.0,"2019-08-07 19:50:02.000000","2019-08-07 20:11:46.000000",1.0,4.24,1.0,N,234.0,97.0,1.0,17.5,1.0,0.5,5.45,0.0,0.3,27.25,2.5
1.0,"2019-08-07 20:46:46.000000","2019-08-07 21:13:53.000000",1.0,4.9,1.0,Y,234.0,97.0,1.0,20.5,3.0,0.5,4.85,0.0,0.3,29.15,2.5
2.0,"2019-08-07 20:55:01.000000","2019-08-07 21:14:05.000000",1.0,4.4,1.0,N,234.0,97.0,1.0,16.5,0.5,0.5,4.06,0.0,0.3,24.36,2.5
2.0,"2019-08-07 21:56:02.000000","2019-08-07 22:19:22.000000",1.0,4.94,1.0,N,234.0,97.0,1.0,19.0,0.5,0.5,4.56,0.0,0.3,27.36,2.5
1.0,"2019-08-07 21:43:47.000000","2019-08-07 22:05:55.000000",1.0,4.7,1.0,N,234.0,97.0,1.0,18.0,3.0,0.5,4.35,0.0,0.3,26.15,2.5
2.0,"2019-08-08 17:56:38.000000","2019-08-08 18:25:16.000000",1.0,4.89,1.0,N,234.0,97.0,1.0,21.5,1.0,0.5,3.0,0.0,0.3,28.8,2.5
1.0,"2019-08-08 18:40:34.000000","2019-08-08 19:04:41.000000",2.0,4.9,1.0,N,234.0,97.0,1.0,19.0,3.5,0.5,4.65,0.0,0.3,27.95,2.5
2.0,"2019-08-08 18:05:30.000000","2019-08-08 18:45:23.000000",1.0,4.69,1.0,N,234.0,97.0,1.0,26.0,1.0,0.5,6.06,0.0,0.3,36.36,2.5
1.0,"2019-08-08 19:55:48.000000","2019-08-08 20:24:06.000000",0.0,4.8,1.0,N,234.0,97.0,1.0,20.0,3.0,0.5,4.75,0.0,0.3,28.55,2.5
1.0,"2019-08-08 19:39:05.000000","2019-08-08 20:02:57.000000",1.0,4.2,1.0,N,234.0,97.0,1.0,17.5,3.5,0.5,4.35,0.0,0.3,26.15,2.5
2.0,"2019-08-08 19:28:35.000000","2019-08-08 19:55:42.000000",1.0,4.74,1.0,N,234.0,97.0,1.0,19.5,1.0,0.5,4.76,0.0,0.3,28.56,2.5
2.0,"2019-08-08 19:27:52.000000","2019-08-08 19:55:38.000000",1.0,4.72,1.0,N,234.0,97.0,1.0,19.5,1.0,0.5,3.57,0.0,0.3,27.37,2.5
1.0,"2019-08-08 20:03:57.000000","2019-08-08 20:33:30.000000",1.0,4.7,1.0,N,234.0,97.0,1.0,20.0,3.0,0.5,4.75,0.0,0.3,28.55,2.5
1.0,"2019-08-08 21:32:30.000000","2019-08-08 22:08:41.000000",1.0,5.8,1.0,N,234.0,97.0,1.0,25.0,3.0,0.5,5.75,0.0,0.3,34.55,2.5
2.0,"2019-08-08 23:03:57.000000","2019-08-08 23:25:21.000000",5.0,4.08,1.0,N,234.0,97.0,1.0,17.5,0.5,0.5,4.26,0.0,0.3,25.56,2.5
2.0,"2019-08-09 01:51:51.000000","2019-08-09 02:04:41.000000",1.0,3.72,1.0,N,234.0,97.0,1.0,13.5,0.5,0.5,1.0,0.0,0.3,18.3,2.5
2.0,"2019-08-09 13:57:23.000000","2019-08-09 14:23:33.000000",1.0,4.33,1.0,N,234.0,97.0,1.0,20.0,0.0,0.5,5.0,0.0,0.3,28.3,2.5
1.0,"2019-08-09 15:10:13.000000","2019-08-09 15:39:01.000000",2.0,4.3,1.0,Y,234.0,97.0,1.0,21.0,2.5,0.5,2.0,0.0,0.3,26.3,2.5
2.0,"2019-08-09 16:06:46.000000","2019-08-09 16:34:16.000000",1.0,4.29,1.0,N,234.0,97.0,1.0,20.0,1.0,0.5,4.86,0.0,0.3,29.16,2.5
2.0,"2019-08-09 17:27:48.000000","2019-08-09 18:06:27.000000",2.0,4.76,1.0,N,234.0,97.0,1.0,26.5,1.0,0.5,4.0,0.0,0.3,34.8,2.5
1.0,"2019-08-09 18:16:49.000000","2019-08-09 18:45:35.000000",1.0,4.9,1.0,N,234.0,97.0,1.0,21.0,3.5,0.5,5.05,0.0,0.3,30.35,2.5
2.0,"2019-08-09 19:51:56.000000","2019-08-09 20:20:01.000000",2.0,4.7,1.0,N,234.0,97.0,1.0,19.5,1.0,0.5,4.76,0.0,0.3,28.56,2.5
2.0,"2019-08-09 21:53:34.000000","2019-08-09 22:15:23.000000",1.0,4.29,1.0,N,234.0,97.0,1.0,17.5,0.5,0.5,4.26,0.0,0.3,25.56,2.5
2.0,"2019-08-09 21:22:42.000000","2019-08-09 21:52:06.000000",1.0,4.91,1.0,N,234.0,97.0,1.0,21.0,0.5,0.5,4.96,0.0,0.3,29.76,2.5
2.0,"2019-08-10 00:03:59.000000","2019-08-10 00:21:59.000000",1.0,4.12,1.0,N,234.0,97.0,1.0,16.0,0.5,0.5,4.0,0.0,0.3,23.8,2.5
2.0,"2019-08-10 00:14:32.000000","2019-08-10 00:37:17.000000",5.0,4.69,1.0,N,234.0,97.0,2.0,18.5,0.5,0.5,0.0,0.0,0.3,22.3,2.5
1.0,"2019-08-10 01:22:24.000000","2019-08-10 01:36:40.000000",1.0,3.8,1.0,N,234.0,97.0,1.0,14.0,3.0,0.5,1.0,0.0,0.3,18.8,2.5
2.0,"2019-08-10 04:27:19.000000","2019-08-10 04:46:39.000000",1.0,5.23,1.0,N,234.0,97.0,1.0,19.5,0.5,0.5,1.7,0.0,0.3,25.0,2.5
2.0,"2019-08-10 19:20:13.000000","2019-08-10 19:44:14.000000",1.0,5.01,1.0,N,234.0,97.0,2.0,19.0,0.0,0.5,0.0,0.0,0.3,22.3,2.5
1.0,"2019-08-10 21:40:10.000000","2019-08-10 22:08:38.000000",1.0,5.3,1.0,N,234.0,97.0,1.0,21.5,3.0,0.5,5.05,0.0,0.3,30.35,2.5
1.0,"2019-08-10 22:54:54.000000","2019-08-10 23:21:29.000000",1.0,6.9,1.0,N,234.0,97.0,1.0,24.0,3.0,0.5,5.55,0.0,0.3,33.35,2.5
1.0,"2019-08-11 01:47:16.000000","2019-08-11 02:00:10.000000",1.0,3.8,1.0,N,234.0,97.0,1.0,14.0,3.0,0.5,1.0,0.0,0.3,18.8,2.5
1.0,"2019-08-11 01:50:43.000000","2019-08-11 02:10:57.000000",1.0,5.0,1.0,N,234.0,97.0,1.0,18.0,3.0,0.5,3.2,0.0,0.3,25.0,2.5
1.0,"2019-08-11 01:33:59.000000","2019-08-11 01:54:14.000000",1.0,5.0,1.0,N,234.0,97.0,1.0,18.5,3.0,0.5,1.7,0.0,0.3,24.0,2.5
2.0,"2019-08-11 11:33:30.000000","2019-08-11 11:54:57.000000",1.0,4.15,1.0,N,234.0,97.0,2.0,16.0,0.0,0.5,0.0,0.0,0.3,19.3,2.5
1.0,"2019-08-11 14:08:48.000000","2019-08-11 14:27:29.000000",1.0,4.3,1.0,N,234.0,97.0,1.0,17.0,2.5,0.5,4.05,0.0,0.3,24.35,2.5
2.0,"2019-08-11 14:56:42.000000","2019-08-11 15:17:51.000000",1.0,6.21,1.0,N,234.0,97.0,1.0,21.5,0.0,0.5,4.96,0.0,0.3,29.76,2.5
2.0,"2019-08-11 16:48:17.000000","2019-08-11 17:13:10.000000",1.0,6.76,1.0,N,234.0,97.0,1.0,23.5,0.0,0.5,4.0,0.0,0.3,30.8,2.5
1.0,"2019-08-11 18:47:08.000000","2019-08-11 19:07:11.000000",1.0,3.9,1.0,N,234.0,97.0,1.0,17.0,2.5,0.5,4.05,0.0,0.3,24.35,2.5
2.0,"2019-08-11 19:11:13.000000","2019-08-11 19:36:28.000000",2.0,6.7,1.0,N,234.0,97.0,1.0,23.5,0.0,0.5,5.36,0.0,0.3,32.16,2.5
2.0,"2019-08-11 20:34:20.000000","2019-08-11 21:01:34.000000",2.0,4.82,1.0,N,234.0,97.0,2.0,20.5,0.5,0.5,0.0,0.0,0.3,24.3,2.5
2.0,"2019-08-11 23:07:46.000000","2019-08-11 23:27:42.000000",3.0,4.91,1.0,N,234.0,97.0,1.0,18.0,0.5,0.5,6.54,0.0,0.3,28.34,2.5
2.0,"2019-08-12 04:09:36.000000","2019-08-12 04:26:45.000000",1.0,4.38,1.0,N,234.0,97.0,2.0,16.5,0.5,0.5,0.0,0.0,0.3,20.3,2.5
1.0,"2019-08-12 16:16:37.000000","2019-08-12 16:37:01.000000",1.0,4.0,1.0,N,234.0,97.0,1.0,16.0,3.5,0.5,4.05,0.0,0.3,24.35,2.5
2.0,"2019-08-12 18:17:35.000000","2019-08-12 18:40:01.000000",1.0,4.2,1.0,N,234.0,97.0,1.0,17.5,1.0,0.5,4.36,0.0,0.3,26.16,2.5
1.0,"2019-08-12 18:20:52.000000","2019-08-12 18:44:33.000000",1.0,4.7,1.0,N,234.0,97.0,1.0,19.0,3.5,0.5,3.5,0.0,0.3,26.8,2.5
2.0,"2019-08-12 19:33:28.000000","2019-08-12 20:02:06.000000",2.0,6.61,1.0,N,234.0,97.0,1.0,24.0,1.0,0.5,2.0,0.0,0.3,30.3,2.5
2.0,"2019-08-12 19:55:26.000000","2019-08-12 20:15:22.000000",2.0,4.34,1.0,N,234.0,97.0,1.0,17.0,1.0,0.5,5.32,0.0,0.3,26.62,2.5
2.0,"2019-08-12 20:57:28.000000","2019-08-12 21:17:56.000000",1.0,4.28,1.0,N,234.0,97.0,1.0,17.5,0.5,0.5,4.0,0.0,0.3,25.3,2.5
2.0,"2019-08-12 21:27:21.000000","2019-08-12 21:57:08.000000",1.0,7.25,1.0,N,234.0,97.0,1.0,25.5,0.5,0.5,2.93,0.0,0.3,32.23,2.5
1.0,"2019-08-12 21:25:06.000000","2019-08-12 21:46:29.000000",2.0,4.5,1.0,N,234.0,97.0,1.0,17.5,3.0,0.5,4.26,0.0,0.3,25.56,2.5
1.0,"2019-08-12 22:32:38.000000","2019-08-12 22:55:52.000000",1.0,4.5,1.0,N,234.0,97.0,1.0,18.0,3.0,0.5,3.27,0.0,0.3,25.07,2.5
2.0,"2019-08-12 22:01:27.000000","2019-08-12 22:19:39.000000",1.0,4.55,1.0,N,234.0,97.0,1.0,16.5,0.5,0.5,4.06,0.0,0.3,24.36,2.5
2.0,"2019-08-12 22:38:02.000000","2019-08-12 22:59:20.000000",1.0,4.74,1.0,N,234.0,97.0,1.0,18.0,0.5,0.5,5.45,0.0,0.3,27.25,2.5
1.0,"2019-08-12 22:54:08.000000","2019-08-12 23:11:17.000000",1.0,4.2,1.0,N,234.0,97.0,1.0,15.5,3.0,0.5,5.75,0.0,0.3,25.05,2.5
2.0,"2019-08-12 23:48:52.000000","2019-08-13 00:03:07.000000",1.0,4.34,1.0,N,234.0,97.0,1.0,15.5,0.5,0.5,3.86,0.0,0.3,23.16,2.5
2.0,"2019-08-13 16:19:59.000000","2019-08-13 16:50:42.000000",1.0,5.23,1.0,N,234.0,97.0,1.0,22.0,1.0,0.5,5.26,0.0,0.3,31.56,2.5
1.0,"2019-08-13 17:35:49.000000","2019-08-13 18:02:15.000000",2.0,4.4,1.0,N,234.0,97.0,1.0,20.0,3.5,0.5,4.85,0.0,0.3,29.15,2.5
2.0,"2019-08-13 18:35:43.000000","2019-08-13 19:00:31.000000",1.0,4.65,1.0,N,234.0,97.0,1.0,20.0,1.0,0.5,4.86,0.0,0.3,29.16,2.5
1.0,"2019-08-13 21:59:54.000000","2019-08-13 22:21:45.000000",1.0,4.6,1.0,N,234.0,97.0,1.0,18.0,3.0,0.5,4.35,0.0,0.3,26.15,2.5
2.0,"2019-08-13 21:05:20.000000","2019-08-13 21:24:56.000000",1.0,4.11,1.0,N,234.0,97.0,1.0,16.0,0.5,0.5,3.96,0.0,0.3,23.76,2.5
1.0,"2019-08-14 01:29:08.000000","2019-08-14 01:43:31.000000",1.0,4.7,1.0,N,234.0,97.0,1.0,16.5,3.0,0.5,0.0,0.0,0.3,20.3,2.5
2.0,"2019-08-14 11:58:36.000000","2019-08-14 12:18:25.000000",6.0,4.07,1.0,N,234.0,97.0,2.0,16.5,0.0,0.5,0.0,0.0,0.3,19.8,2.5
1.0,"2019-08-14 20:47:40.000000","2019-08-14 21:11:35.000000",1.0,4.7,1.0,N,234.0,97.0,1.0,19.0,3.0,0.5,4.55,0.0,0.3,27.35,2.5
1.0,"2019-08-14 21:22:38.000000","2019-08-14 21:39:02.000000",1.0,3.4,1.0,N,234.0,97.0,1.0,14.0,3.0,0.5,1.78,0.0,0.3,19.58,2.5
1.0,"2019-08-14 22:04:13.000000","2019-08-14 22:28:35.000000",1.0,4.7,1.0,N,234.0,97.0,2.0,19.0,3.0,0.5,0.0,0.0,0.3,22.8,2.5
2.0,"2019-08-14 22:24:37.000000","2019-08-14 22:48:41.000000",3.0,5.31,1.0,N,234.0,97.0,1.0,20.5,0.5,0.5,4.86,0.0,0.3,29.16,2.5
2.0,"2019-08-15 00:55:47.000000","2019-08-15 01:08:52.000000",2.0,3.97,1.0,N,234.0,97.0,1.0,14.5,0.5,0.5,1.0,0.0,0.3,19.3,2.5
2.0,"2019-08-15 11:43:30.000000","2019-08-15 12:08:24.000000",1.0,4.44,1.0,N,234.0,97.0,1.0,19.5,0.0,0.5,2.0,0.0,0.3,24.8,2.5
2.0,"2019-08-15 15:14:31.000000","2019-08-15 15:43:06.000000",1.0,4.19,1.0,N,234.0,97.0,1.0,20.5,0.0,0.5,5.95,0.0,0.3,29.75,2.5
2.0,"2019-08-15 16:16:17.000000","2019-08-15 16:49:16.000000",1.0,4.64,1.0,N,234.0,97.0,1.0,21.5,1.0,0.5,5.16,0.0,0.3,30.96,2.5
1.0,"2019-08-15 18:47:20.000000","2019-08-15 19:22:16.000000",1.0,4.2,1.0,N,234.0,97.0,1.0,23.0,3.5,0.5,3.0,0.0,0.3,30.3,2.5
2.0,"2019-08-15 19:19:40.000000","2019-08-15 19:47:43.000000",1.0,6.98,1.0,N,234.0,97.0,1.0,24.0,1.0,0.5,5.66,0.0,0.3,33.96,2.5
1.0,"2019-08-15 20:26:00.000000","2019-08-15 20:54:05.000000",1.0,4.9,1.0,N,234.0,97.0,1.0,21.0,3.0,0.5,4.95,0.0,0.3,29.75,2.5
2.0,"2019-08-15 21:11:46.000000","2019-08-15 21:35:44.000000",1.0,4.53,1.0,N,234.0,97.0,1.0,18.5,0.5,0.5,3.34,0.0,0.3,25.64,2.5
2.0,"2019-08-15 21:04:17.000000","2019-08-15 21:29:58.000000",3.0,4.9,1.0,N,234.0,97.0,1.0,20.0,0.5,0.5,4.76,0.0,0.3,28.56,2.5
2.0,"2019-08-15 22:40:31.000000","2019-08-15 22:58:56.000000",1.0,4.23,1.0,N,234.0,97.0,1.0,16.5,0.5,0.5,4.06,0.0,0.3,24.36,2.5
2.0,"2019-08-15 22:22:34.000000","2019-08-15 22:46:35.000000",1.0,4.72,1.0,N,234.0,97.0,1.0,19.5,0.5,0.5,4.66,0.0,0.3,27.96,2.5
2.0,"2019-08-15 22:22:34.000000","2019-08-15 22:48:50.000000",1.0,4.65,1.0,N,234.0,97.0,1.0,19.5,0.5,0.5,4.66,0.0,0.3,27.96,2.5
2.0,"2019-08-15 23:37:22.000000","2019-08-16 00:03:23.000000",1.0,5.06,1.0,N,234.0,97.0,2.0,20.5,0.5,0.5,0.0,0.0,0.3,24.3,2.5
1.0,"2019-08-16 00:12:45.000000","2019-08-16 00:32:56.000000",1.0,4.2,1.0,N,234.0,97.0,1.0,17.0,3.0,0.5,1.2,0.0,0.3,22.0,2.5
2.0,"2019-08-16 00:19:25.000000","2019-08-16 00:34:53.000000",1.0,3.96,1.0,N,234.0,97.0,1.0,14.0,0.5,0.5,4.45,0.0,0.3,22.25,2.5
1.0,"2019-08-16 01:17:00.000000","2019-08-16 01:37:44.000000",1.0,4.8,1.0,N,234.0,97.0,1.0,18.5,3.0,0.5,2.7,0.0,0.3,25.0,2.5
2.0,"2019-08-16 01:19:20.000000","2019-08-16 01:30:56.000000",1.0,3.86,1.0,N,234.0,97.0,1.0,13.5,0.5,0.5,1.0,0.0,0.3,18.3,2.5
1.0,"2019-08-16 23:18:03.000000","2019-08-16 23:45:47.000000",3.0,4.8,1.0,N,234.0,97.0,1.0,20.5,3.0,0.5,4.85,0.0,0.3,29.15,2.5
2.0,"2019-08-17 01:48:19.000000","2019-08-17 02:05:09.000000",1.0,3.93,1.0,N,234.0,97.0,1.0,15.5,0.5,0.5,1.0,0.0,0.3,20.3,2.5
1.0,"2019-08-17 03:31:44.000000","2019-08-17 03:52:31.000000",1.0,4.5,1.0,N,234.0,97.0,1.0,18.5,3.0,0.5,2.7,0.0,0.3,25.0,2.5
2.0,"2019-08-17 15:46:11.000000","2019-08-17 16:06:50.000000",1.0,4.26,1.0,N,234.0,97.0,2.0,17.5,0.0,0.5,0.0,0.0,0.3,20.8,2.5
1.0,"2019-08-18 03:26:55.000000","2019-08-18 03:44:23.000000",1.0,4.4,1.0,N,234.0,97.0,1.0,17.0,3.0,0.5,4.15,0.0,0.3,24.95,2.5
2.0,"2019-08-18 12:59:53.000000","2019-08-18 13:17:38.000000",1.0,4.06,1.0,N,234.0,97.0,1.0,15.5,0.0,0.5,4.7,0.0,0.3,23.5,2.5
1.0,"2019-08-18 15:39:56.000000","2019-08-18 16:06:32.000000",1.0,4.1,1.0,N,234.0,97.0,2.0,20.0,2.5,0.5,0.0,0.0,0.3,23.3,2.5
1.0,"2019-08-18 17:57:02.000000","2019-08-18 18:31:08.000000",1.0,5.4,1.0,N,234.0,97.0,1.0,23.5,2.5,0.5,5.35,0.0,0.3,32.15,2.5
1.0,"2019-08-19 13:15:50.000000","2019-08-19 14:03:41.000000",1.0,4.4,1.0,N,234.0,97.0,1.0,29.5,2.5,0.5,6.55,0.0,0.3,39.35,2.5
2.0,"2019-08-19 14:01:11.000000","2019-08-19 14:48:23.000000",1.0,4.91,1.0,N,234.0,97.0,1.0,28.5,0.0,0.5,6.36,0.0,0.3,38.16,2.5
2.0,"2019-08-19 15:33:45.000000","2019-08-19 16:05:35.000000",1.0,4.05,1.0,N,234.0,97.0,2.0,21.0,0.0,0.5,0.0,0.0,0.3,24.3,2.5
2.0,"2019-08-19 18:24:49.000000","2019-08-19 18:46:33.000000",1.0,4.34,1.0,N,234.0,97.0,1.0,17.5,1.0,0.5,4.36,0.0,0.3,26.16,2.5
2.0,"2019-08-19 18:01:48.000000","2019-08-19 18:34:49.000000",4.0,5.11,1.0,N,234.0,97.0,1.0,23.5,1.0,0.5,6.95,0.0,0.3,34.75,2.5
1.0,"2019-08-19 19:41:37.000000","2019-08-19 20:03:07.000000",1.0,4.3,1.0,N,234.0,97.0,1.0,17.5,3.5,0.5,4.35,0.0,0.3,26.15,2.5
2.0,"2019-08-19 21:00:07.000000","2019-08-19 21:19:04.000000",1.0,4.42,1.0,N,234.0,97.0,1.0,16.5,0.5,0.5,4.06,0.0,0.3,24.36,2.5
2.0,"2019-08-19 21:32:23.000000","2019-08-19 21:53:22.000000",1.0,4.54,1.0,N,234.0,97.0,1.0,18.5,0.5,0.5,4.46,0.0,0.3,26.76,2.5
2.0,"2019-08-19 22:58:07.000000","2019-08-19 23:20:43.000000",1.0,4.92,1.0,N,234.0,97.0,1.0,19.0,0.5,0.5,4.56,0.0,0.3,27.36,2.5
2.0,"2019-08-19 22:02:38.000000","2019-08-19 22:20:58.000000",1.0,4.77,1.0,N,234.0,97.0,1.0,17.0,0.5,0.5,4.16,0.0,0.3,24.96,2.5
2.0,"2019-08-19 23:35:24.000000","2019-08-19 23:56:35.000000",1.0,4.29,1.0,N,234.0,97.0,1.0,18.0,0.5,0.5,4.36,0.0,0.3,26.16,2.5
2.0,"2019-08-19 23:38:11.000000","2019-08-19 23:55:51.000000",1.0,5.04,1.0,N,234.0,97.0,1.0,17.0,0.5,0.5,3.12,0.0,0.3,23.92,2.5
1.0,"2019-08-20 12:30:01.000000","2019-08-20 12:58:31.000000",1.0,6.7,1.0,N,234.0,97.0,1.0,25.0,2.5,0.5,5.65,0.0,0.3,33.95,2.5
1.0,"2019-08-20 16:55:27.000000","2019-08-20 17:27:33.000000",1.0,4.7,1.0,N,234.0,97.0,1.0,22.0,3.5,0.5,6.55,0.0,0.3,32.85,2.5
1.0,"2019-08-20 19:04:26.000000","2019-08-20 19:26:39.000000",1.0,4.2,1.0,N,234.0,97.0,1.0,17.5,3.5,0.5,3.0,0.0,0.3,24.8,2.5
2.0,"2019-08-20 20:30:31.000000","2019-08-20 20:57:40.000000",1.0,5.05,1.0,N,234.0,97.0,1.0,20.5,0.5,0.5,6.08,0.0,0.3,30.38,2.5
1.0,"2019-08-20 21:35:26.000000","2019-08-20 21:52:15.000000",1.0,4.1,1.0,N,234.0,97.0,1.0,15.5,3.0,0.5,4.8,0.0,0.3,24.1,2.5
1.0,"2019-08-20 22:49:36.000000","2019-08-20 23:11:48.000000",1.0,4.4,1.0,N,234.0,97.0,1.0,18.5,3.0,0.5,5.55,0.0,0.3,27.85,2.5
2.0,"2019-08-21 12:34:54.000000","2019-08-21 13:00:00.000000",1.0,6.58,1.0,N,234.0,97.0,1.0,23.5,0.0,0.5,5.36,0.0,0.3,32.16,2.5
1.0,"2019-08-21 18:46:17.000000","2019-08-21 19:18:14.000000",0.0,4.9,1.0,Y,234.0,97.0,1.0,23.0,3.5,0.5,5.45,0.0,0.3,32.75,2.5
2.0,"2019-08-21 18:22:25.000000","2019-08-21 18:44:11.000000",1.0,4.18,1.0,N,234.0,97.0,1.0,18.0,1.0,0.5,4.46,0.0,0.3,26.76,2.5
2.0,"2019-08-21 18:07:12.000000","2019-08-21 18:39:47.000000",1.0,4.44,1.0,N,234.0,97.0,1.0,23.0,1.0,0.5,5.46,0.0,0.3,32.76,2.5
2.0,"2019-08-21 20:43:14.000000","2019-08-21 21:11:02.000000",1.0,4.91,1.0,N,234.0,97.0,2.0,20.5,0.5,0.5,0.0,0.0,0.3,24.3,2.5
1.0,"2019-08-21 20:29:26.000000","2019-08-21 20:53:32.000000",1.0,6.8,1.0,N,234.0,97.0,1.0,22.5,3.0,0.5,6.55,0.0,0.3,32.85,2.5
2.0,"2019-08-21 22:00:07.000000","2019-08-21 22:17:53.000000",1.0,4.51,1.0,N,234.0,97.0,1.0,16.5,0.5,0.5,4.0,0.0,0.3,24.3,2.5
2.0,"2019-08-21 22:53:25.000000","2019-08-21 23:13:23.000000",1.0,4.02,1.0,N,234.0,97.0,2.0,17.0,0.5,0.5,0.0,0.0,0.3,20.8,2.5
2.0,"2019-08-22 00:08:45.000000","2019-08-22 00:27:45.000000",5.0,4.47,1.0,N,234.0,97.0,1.0,17.0,0.5,0.5,4.16,0.0,0.3,24.96,2.5
1.0,"2019-08-22 13:48:56.000000","2019-08-22 14:10:48.000000",1.0,4.0,1.0,N,234.0,97.0,1.0,17.5,2.5,0.5,3.0,0.0,0.3,23.8,2.5
2.0,"2019-08-22 18:58:40.000000","2019-08-22 19:20:24.000000",6.0,4.48,1.0,N,234.0,97.0,1.0,18.0,1.0,0.5,5.58,0.0,0.3,27.88,2.5
1.0,"2019-08-22 18:15:08.000000","2019-08-22 18:42:35.000000",1.0,4.2,1.0,N,234.0,97.0,1.0,18.5,3.5,0.5,4.55,0.0,0.3,27.35,2.5
1.0,"2019-08-22 19:13:45.000000","2019-08-22 19:36:41.000000",1.0,4.5,1.0,N,234.0,97.0,1.0,18.0,3.5,0.5,4.45,0.0,0.3,26.75,2.5
1.0,"2019-08-22 19:04:39.000000","2019-08-22 19:29:38.000000",1.0,4.8,1.0,N,234.0,97.0,1.0,19.5,3.5,0.5,3.57,0.0,0.3,27.37,2.5
2.0,"2019-08-22 21:41:14.000000","2019-08-22 22:05:17.000000",2.0,4.33,1.0,N,234.0,97.0,1.0,18.0,0.5,0.5,4.36,0.0,0.3,26.16,2.5
2.0,"2019-08-22 21:44:29.000000","2019-08-22 22:13:46.000000",1.0,5.24,1.0,N,234.0,97.0,1.0,21.0,0.5,0.5,3.5,0.0,0.3,28.3,2.5
2.0,"2019-08-22 21:55:48.000000","2019-08-22 22:25:17.000000",2.0,5.14,1.0,N,234.0,97.0,1.0,21.0,0.5,0.5,4.96,0.0,0.3,29.76,2.5
1.0,"2019-08-22 22:44:23.000000","2019-08-22 23:19:15.000000",1.0,4.3,1.0,N,234.0,97.0,1.0,22.5,3.0,0.5,5.26,0.0,0.3,31.56,2.5
2.0,"2019-08-22 22:31:48.000000","2019-08-22 22:57:06.000000",1.0,3.97,1.0,N,234.0,97.0,1.0,18.5,0.5,0.5,3.0,0.0,0.3,25.3,2.5
1.0,"2019-08-22 23:13:56.000000","2019-08-22 23:39:53.000000",1.0,4.9,1.0,N,234.0,97.0,1.0,20.0,3.0,0.5,4.75,0.0,0.3,28.55,2.5
2.0,"2019-08-22 23:23:31.000000","2019-08-22 23:47:28.000000",1.0,4.88,1.0,N,234.0,97.0,1.0,19.5,0.5,0.5,4.66,0.0,0.3,27.96,2.5
2.0,"2019-08-23 00:43:48.000000","2019-08-23 00:58:49.000000",1.0,4.02,1.0,N,234.0,97.0,2.0,15.0,0.5,0.5,0.0,0.0,0.3,18.8,2.5
1.0,"2019-08-23 00:10:36.000000","2019-08-23 00:35:36.000000",1.0,4.7,1.0,N,234.0,97.0,1.0,19.5,3.0,0.5,4.65,0.0,0.3,27.95,2.5
1.0,"2019-08-23 02:49:33.000000","2019-08-23 03:08:41.000000",1.0,5.0,1.0,N,234.0,97.0,1.0,18.0,3.0,0.5,2.2,0.0,0.3,24.0,2.5
2.0,"2019-08-23 02:22:16.000000","2019-08-23 02:40:45.000000",1.0,5.12,1.0,N,234.0,97.0,1.0,18.0,0.5,0.5,4.16,0.0,0.3,25.96,2.5
2.0,"2019-08-23 15:45:30.000000","2019-08-23 16:22:57.000000",2.0,4.53,1.0,N,234.0,97.0,1.0,24.5,0.0,0.5,5.56,0.0,0.3,33.36,2.5
2.0,"2019-08-23 16:09:00.000000","2019-08-23 16:40:26.000000",1.0,4.15,1.0,N,234.0,97.0,1.0,22.0,1.0,0.5,2.0,0.0,0.3,28.3,2.5
1.0,"2019-08-23 17:10:36.000000","2019-08-23 17:40:51.000000",0.0,5.1,1.0,N,234.0,97.0,1.0,22.5,3.5,0.5,3.0,0.0,0.3,29.8,2.5
2.0,"2019-08-23 22:11:08.000000","2019-08-23 22:35:25.000000",2.0,4.48,1.0,N,234.0,97.0,1.0,18.5,0.5,0.5,2.0,0.0,0.3,24.3,2.5
1.0,"2019-08-24 01:34:42.000000","2019-08-24 01:54:56.000000",1.0,4.1,1.0,N,234.0,97.0,1.0,16.5,3.0,0.5,1.0,0.0,0.3,21.3,2.5
1.0,"2019-08-24 06:47:17.000000","2019-08-24 07:04:16.000000",1.0,4.8,1.0,N,234.0,97.0,1.0,18.0,2.5,0.5,0.0,0.0,0.3,21.3,2.5
2.0,"2019-08-24 10:28:24.000000","2019-08-24 10:44:46.000000",6.0,3.99,1.0,N,234.0,97.0,1.0,16.0,0.0,0.5,5.79,0.0,0.3,25.09,2.5
1.0,"2019-08-24 11:24:37.000000","2019-08-24 11:49:51.000000",1.0,4.7,1.0,N,234.0,97.0,1.0,19.5,2.5,0.5,4.55,0.0,0.3,27.35,2.5
1.0,"2019-08-24 11:31:08.000000","2019-08-24 11:53:35.000000",1.0,6.6,1.0,N,234.0,97.0,1.0,23.0,2.5,0.5,5.25,0.0,0.3,31.55,2.5
2.0,"2019-08-24 14:50:43.000000","2019-08-24 15:09:36.000000",1.0,3.59,1.0,N,234.0,97.0,1.0,16.0,0.0,0.5,3.86,0.0,0.3,23.16,2.5
1.0,"2019-08-24 15:33:39.000000","2019-08-24 16:33:21.000000",1.0,6.6,1.0,N,234.0,97.0,2.0,37.0,2.5,0.5,0.0,0.0,0.3,40.3,2.5
2.0,"2019-08-24 15:08:46.000000","2019-08-24 15:34:36.000000",1.0,4.64,1.0,N,234.0,97.0,1.0,19.5,0.0,0.5,2.5,0.0,0.3,25.3,2.5
2.0,"2019-08-24 22:20:15.000000","2019-08-24 22:41:19.000000",2.0,4.34,1.0,N,234.0,97.0,1.0,17.5,0.5,0.5,3.0,0.0,0.3,24.3,2.5
1.0,"2019-08-24 23:03:33.000000","2019-08-24 23:23:35.000000",3.0,4.3,1.0,N,234.0,97.0,1.0,17.0,3.0,0.5,4.0,0.0,0.3,24.8,2.5
1.0,"2019-08-24 23:58:07.000000","2019-08-25 00:21:24.000000",1.0,6.4,1.0,N,234.0,97.0,1.0,22.5,3.0,0.5,5.25,0.0,0.3,31.55,2.5
1.0,"2019-08-25 01:00:59.000000","2019-08-25 01:17:15.000000",1.0,4.3,1.0,N,234.0,97.0,1.0,15.5,3.0,0.5,3.85,0.0,0.3,23.15,2.5
2.0,"2019-08-25 04:51:25.000000","2019-08-25 05:09:16.000000",1.0,5.17,1.0,N,234.0,97.0,1.0,17.5,0.5,0.5,2.7,0.0,0.3,24.0,2.5
2.0,"2019-08-25 13:01:01.000000","2019-08-25 13:24:51.000000",1.0,4.55,1.0,N,234.0,97.0,1.0,19.0,0.0,0.5,5.58,0.0,0.3,27.88,2.5
2.0,"2019-08-25 23:13:59.000000","2019-08-25 23:30:32.000000",1.0,4.16,1.0,N,234.0,97.0,2.0,15.5,0.5,0.5,0.0,0.0,0.3,19.3,2.5
2.0,"2019-08-26 00:59:48.000000","2019-08-26 01:16:39.000000",2.0,4.95,1.0,N,234.0,97.0,1.0,17.5,0.5,0.5,2.7,0.0,0.3,24.0,2.5
2.0,"2019-08-26 04:01:44.000000","2019-08-26 04:18:19.000000",6.0,4.26,1.0,N,234.0,97.0,2.0,16.5,0.5,0.5,0.0,0.0,0.3,20.3,2.5
2.0,"2019-08-26 14:37:27.000000","2019-08-26 15:11:36.000000",1.0,7.61,1.0,N,234.0,97.0,1.0,27.5,0.0,0.5,7.7,0.0,0.3,38.5,2.5
2.0,"2019-08-26 15:48:23.000000","2019-08-26 16:35:07.000000",1.0,4.86,1.0,N,234.0,97.0,1.0,28.0,0.0,0.5,6.26,0.0,0.3,37.56,2.5
1.0,"2019-08-26 17:19:05.000000","2019-08-26 17:56:36.000000",1.0,4.7,1.0,N,234.0,97.0,1.0,24.5,3.5,0.5,0.0,0.0,0.3,28.8,2.5
1.0,"2019-08-26 17:43:15.000000","2019-08-26 18:08:14.000000",1.0,4.8,1.0,N,234.0,97.0,1.0,19.5,3.5,0.5,4.75,0.0,0.3,28.55,2.5
2.0,"2019-08-26 21:59:51.000000","2019-08-26 22:18:30.000000",2.0,4.75,1.0,N,234.0,97.0,1.0,17.0,0.5,0.5,3.12,0.0,0.3,23.92,2.5
1.0,"2019-08-27 14:14:40.000000","2019-08-27 14:44:35.000000",1.0,5.2,1.0,N,234.0,97.0,1.0,22.5,0.0,0.5,0.0,0.0,0.3,23.3,0.0
2.0,"2019-08-27 19:00:03.000000","2019-08-27 19:33:05.000000",1.0,5.16,1.0,N,234.0,97.0,1.0,24.5,1.0,0.5,5.76,0.0,0.3,34.56,2.5
2.0,"2019-08-27 20:28:26.000000","2019-08-27 20:52:10.000000",1.0,4.93,1.0,N,234.0,97.0,1.0,19.0,0.5,0.5,4.56,0.0,0.3,27.36,2.5
2.0,"2019-08-27 22:45:48.000000","2019-08-27 23:03:22.000000",1.0,4.75,1.0,N,234.0,97.0,1.0,16.5,0.5,0.5,3.05,0.0,0.3,23.35,2.5
2.0,"2019-08-28 19:10:59.000000","2019-08-28 19:49:19.000000",1.0,5.11,1.0,N,234.0,97.0,1.0,24.5,1.0,0.5,5.0,0.0,0.3,33.8,2.5
2.0,"2019-08-28 20:41:14.000000","2019-08-28 21:05:55.000000",1.0,4.61,1.0,N,234.0,97.0,1.0,19.5,0.5,0.5,5.82,0.0,0.3,29.12,2.5
2.0,"2019-08-28 20:04:15.000000","2019-08-28 20:28:21.000000",1.0,4.31,1.0,N,234.0,97.0,1.0,18.0,1.0,0.5,5.58,0.0,0.3,27.88,2.5
2.0,"2019-08-28 21:55:01.000000","2019-08-28 22:15:12.000000",1.0,4.94,1.0,N,234.0,97.0,1.0,18.0,0.5,0.5,4.36,0.0,0.3,26.16,2.5
2.0,"2019-08-28 22:22:24.000000","2019-08-28 22:49:22.000000",1.0,5.26,1.0,N,234.0,97.0,1.0,20.5,0.5,0.5,4.0,0.0,0.3,28.3,2.5
2.0,"2019-08-28 22:32:38.000000","2019-08-28 22:51:22.000000",1.0,4.68,1.0,N,234.0,97.0,1.0,17.0,0.5,0.5,2.0,0.0,0.3,22.8,2.5
1.0,"2019-08-28 22:31:34.000000","2019-08-28 22:52:52.000000",1.0,4.6,1.0,N,234.0,97.0,1.0,18.0,3.0,0.5,4.35,0.0,0.3,26.15,2.5
2.0,"2019-08-29 01:48:57.000000","2019-08-29 02:00:55.000000",1.0,4.18,1.0,N,234.0,97.0,1.0,14.5,0.5,0.5,1.0,0.0,0.3,19.3,2.5
2.0,"2019-08-29 16:09:58.000000","2019-08-29 16:37:11.000000",1.0,4.45,1.0,N,234.0,97.0,1.0,18.5,1.0,0.5,4.0,0.0,0.3,26.8,2.5
2.0,"2019-08-29 16:18:37.000000","2019-08-29 16:48:46.000000",1.0,5.07,1.0,N,234.0,97.0,1.0,21.5,1.0,0.5,5.16,0.0,0.3,30.96,2.5
2.0,"2019-08-29 18:33:38.000000","2019-08-29 19:04:44.000000",1.0,4.43,1.0,N,234.0,97.0,1.0,21.0,1.0,0.5,6.32,0.0,0.3,31.62,2.5
2.0,"2019-08-29 19:55:31.000000","2019-08-29 20:23:29.000000",1.0,4.33,1.0,N,234.0,97.0,1.0,20.0,1.0,0.5,1.0,0.0,0.3,25.3,2.5
1.0,"2019-08-29 20:49:00.000000","2019-08-29 21:13:42.000000",1.0,4.5,1.0,N,234.0,97.0,1.0,18.5,3.0,0.5,4.45,0.0,0.3,26.75,2.5
2.0,"2019-08-29 20:59:24.000000","2019-08-29 21:24:42.000000",1.0,4.22,1.0,N,234.0,97.0,1.0,18.5,0.5,0.5,2.7,0.0,0.3,25.0,2.5
1.0,"2019-08-29 21:57:16.000000","2019-08-29 22:18:43.000000",1.0,4.4,1.0,N,234.0,97.0,1.0,17.5,3.0,0.5,4.25,0.0,0.3,25.55,2.5
2.0,"2019-08-29 21:07:48.000000","2019-08-29 21:33:02.000000",1.0,4.56,1.0,N,234.0,97.0,1.0,18.5,0.5,0.5,2.5,0.0,0.3,24.8,2.5
2.0,"2019-08-29 21:33:43.000000","2019-08-29 21:55:31.000000",1.0,4.97,1.0,N,234.0,97.0,1.0,19.0,0.5,0.5,1.14,0.0,0.3,23.94,2.5
2.0,"2019-08-29 23:08:49.000000","2019-08-29 23:28:21.000000",6.0,4.71,1.0,N,234.0,97.0,1.0,17.5,0.5,0.5,4.26,0.0,0.3,25.56,2.5
2.0,"2019-08-29 23:06:05.000000","2019-08-29 23:29:34.000000",1.0,4.98,1.0,N,234.0,97.0,1.0,19.0,0.5,0.5,4.56,0.0,0.3,27.36,2.5
2.0,"2019-08-30 01:15:56.000000","2019-08-30 01:40:09.000000",1.0,6.87,1.0,N,234.0,97.0,2.0,23.5,0.5,0.5,0.0,0.0,0.3,27.3,2.5
2.0,"2019-08-30 18:25:20.000000","2019-08-30 18:48:26.000000",5.0,4.94,1.0,N,234.0,97.0,1.0,19.0,1.0,0.5,4.66,0.0,0.3,27.96,2.5
1.0,"2019-08-30 20:51:10.000000","2019-08-30 21:18:45.000000",2.0,4.9,1.0,N,234.0,97.0,1.0,20.5,3.0,0.5,6.05,0.0,0.3,30.35,2.5
2.0,"2019-08-30 23:05:05.000000","2019-08-30 23:31:27.000000",1.0,4.7,1.0,N,234.0,97.0,1.0,20.5,0.5,0.5,4.0,0.0,0.3,28.3,2.5
2.0,"2019-08-31 05:23:42.000000","2019-08-31 05:39:46.000000",1.0,4.69,1.0,N,234.0,97.0,1.0,16.5,0.5,0.5,4.06,0.0,0.3,24.36,2.5
2.0,"2019-08-31 16:24:37.000000","2019-08-31 16:55:44.000000",2.0,5.16,1.0,N,234.0,97.0,2.0,22.0,0.0,0.5,0.0,0.0,0.3,25.3,2.5
1.0,"2019-08-31 17:52:40.000000","2019-08-31 18:27:51.000000",1.0,5.0,1.0,N,234.0,97.0,1.0,21.0,2.5,0.5,7.25,0.0,0.3,31.55,2.5
2.0,"2019-08-31 19:11:39.000000","2019-08-31 19:33:46.000000",3.0,4.3,1.0,N,234.0,97.0,1.0,17.5,0.0,0.5,6.24,0.0,0.3,27.04,2.5
2.0,"2019-08-31 20:03:20.000000","2019-08-31 20:25:10.000000",1.0,4.25,1.0,N,234.0,97.0,1.0,17.0,0.5,0.5,5.2,0.0,0.3,26.0,2.5
2.0,"2019-08-31 22:10:53.000000","2019-08-31 22:35:38.000000",3.0,6.66,1.0,N,234.0,97.0,1.0,23.0,0.5,0.5,8.04,0.0,0.3,34.84,2.5
2.0,"2019-08-31 23:43:02.000000","2019-09-01 00:07:22.000000",1.0,5.07,1.0,N,234.0,97.0,1.0,19.5,0.5,0.5,5.82,0.0,0.3,29.12,2.5
,"2019-08-09 20:35:00.000000","2019-08-09 21:02:00.000000",,5.04,,,234.0,97.0,,25.45,2.75,0.5,0.0,0.0,0.3,29.0,0.0
