1.0,"2019-08-02 19:49:15.000000","2019-08-02 20:21:21.000000",1.0,0.0,1.0,N,234.0,98.0,1.0,34.2,0.0,0.5,0.0,0.0,0.3,35.0,0.0
1.0,"2019-08-05 19:21:38.000000","2019-08-05 19:56:15.000000",1.0,0.0,1.0,N,234.0,98.0,1.0,34.2,0.0,0.5,0.0,0.0,0.3,35.0,0.0
2.0,"2019-08-09 18:52:56.000000","2019-08-09 19:22:33.000000",3.0,13.03,1.0,N,234.0,98.0,1.0,37.0,1.0,0.5,9.48,6.12,0.3,56.9,2.5
1.0,"2019-08-13 15:51:30.000000","2019-08-13 16:31:34.000000",1.0,0.0,1.0,N,234.0,98.0,1.0,33.2,0.0,0.5,0.0,0.0,0.3,34.0,0.0
1.0,"2019-08-16 20:03:13.000000","2019-08-16 20:38:26.000000",1.0,0.0,1.0,N,234.0,98.0,1.0,34.2,0.0,0.5,0.0,6.12,0.3,41.12,0.0
1.0,"2019-08-20 15:49:41.000000","2019-08-20 16:53:50.000000",1.0,0.0,1.0,N,234.0,98.0,1.0,33.2,0.0,0.5,0.0,6.12,0.3,40.12,0.0
1.0,"2019-08-22 16:45:38.000000","2019-08-22 17:53:24.000000",1.0,0.0,1.0,N,234.0,98.0,1.0,33.2,0.0,0.5,0.0,0.0,0.3,34.0,0.0
1.0,"2019-08-23 19:35:51.000000","2019-08-23 20:09:14.000000",1.0,0.0,1.0,N,234.0,98.0,1.0,34.2,0.0,0.5,0.0,0.0,0.3,35.0,0.0
2.0,"2019-08-27 22:43:42.000000","2019-08-27 23:11:57.000000",1.0,16.02,1.0,N,234.0,98.0,1.0,44.0,0.5,0.5,10.78,6.12,0.3,64.7,2.5
1.0,"2019-08-30 01:23:13.000000","2019-08-30 01:50:00.000000",4.0,14.2,1.0,N,234.0,98.0,1.0,40.5,3.0,0.5,8.85,0.0,0.3,53.15,2.5
,"2019-08-01 15:43:03.000000","2019-08-01 16:49:09.000000",,13.84,,,234.0,98.0,,45.43,2.75,0.0,0.0,6.12,0.3,54.6,0.0
,"2019-08-06 19:48:00.000000","2019-08-06 20:22:00.000000",,13.24,,,234.0,98.0,,39.44,2.75,0.5,0.0,6.12,0.3,49.11,0.0
,"2019-08-06 16:45:00.000000","2019-08-06 17:44:00.000000",,13.53,,,234.0,98.0,,44.93,2.75,0.5,0.0,6.12,0.3,54.6,0.0
,"2019-08-12 20:08:53.000000","2019-08-12 20:34:27.000000",,13.47,,,234.0,98.0,,39.94,2.75,0.0,0.0,6.12,0.3,49.11,0.0
,"2019-08-14 19:04:41.000000","2019-08-14 19:36:28.000000",,13.54,,,234.0,98.0,,39.94,2.75,0.0,0.0,6.12,0.3,49.11,0.0
,"2019-08-19 19:03:26.000000","2019-08-19 19:29:55.000000",,13.09,,,234.0,98.0,,39.94,2.75,0.0,0.0,6.12,0.3,49.11,0.0
,"2019-08-21 19:35:00.000000","2019-08-21 20:07:00.000000",,12.99,,,234.0,98.0,,39.44,2.75,0.5,0.0,6.12,0.3,49.11,0.0
,"2019-08-22 20:17:00.000000","2019-08-22 20:52:00.000000",,13.45,,,234.0,98.0,,39.44,2.75,0.5,0.0,6.12,0.3,49.11,0.0
